Start time (s) =
1553526847
'Reltime', 'DEFAU[mV]', '2.00[A]', '28.00[A]', '18.00[A]'
0.000000000000000000e+00 1.682656250000000000e+03 9.184646966586829109e-12 7.642829077947332905e-12 7.359210463242504829e-12
9.060000000000000275e-01 1.684531250000000000e+03 9.210439702589390265e-12 8.038288784595337688e-12 7.112051399194019297e-12
1.781000000000000139e+00 1.683906250000000000e+03 9.214120785805413050e-12 7.665692733360707223e-12 7.450039717082912460e-12
2.671000000000000263e+00 1.682812500000000000e+03 8.980583637852035395e-12 7.797303601397853612e-12 7.197322165336528244e-12
3.546000000000000263e+00 1.683750000000000000e+03 9.284131623210623019e-12 7.885047649536236491e-12 7.160864783084530671e-12
4.421000000000000263e+00 1.683437500000000000e+03 9.192627561938060410e-12 7.530370424446708455e-12 7.560026389630269961e-12
5.312000000000000277e+00 1.683125000000000000e+03 9.074719274637654820e-12 7.844266035339497734e-12 7.201066999640293176e-12
6.187000000000000277e+00 1.684687500000000000e+03 9.020676566828811360e-12 7.739026433584150766e-12 7.105252584210797195e-12
7.062000000000000277e+00 1.684218750000000000e+03 9.204295312037480414e-12 7.452510830674441422e-12 7.030488604481410775e-12
7.953000000000000291e+00 1.683906250000000000e+03 9.264481543036495736e-12 7.829435884343372010e-12 7.452515167483131364e-12
8.842999999999999972e+00 1.684062500000000000e+03 8.862848822899227486e-12 7.869595600173973082e-12 7.552615650940897041e-12
9.717999999999999972e+00 1.682500000000000000e+03 9.193856613520789978e-12 7.778332665464571249e-12 7.147887750441617172e-12
1.059299999999999997e+01 1.683125000000000000e+03 8.852413593829489002e-12 7.774439078622741306e-12 7.514922711893134988e-12
1.148399999999999999e+01 1.684062500000000000e+03 9.066733475115995589e-12 7.374658175796078297e-12 7.105880987789969794e-12
1.237500000000000000e+01 1.684375000000000000e+03 9.391599477270862195e-12 7.768260860963049907e-12 7.333878296322815515e-12
1.325000000000000000e+01 1.682343750000000000e+03 9.231316232261033150e-12 7.786184023916842278e-12 7.304217994330564068e-12
1.412500000000000000e+01 1.682812500000000000e+03 9.106037104911202107e-12 7.495767895271399084e-12 7.297420480389948949e-12
1.500000000000000000e+01 1.682500000000000000e+03 9.032347786375183318e-12 7.862182259399386197e-12 7.267144351563725735e-12
1.589000000000000057e+01 1.682812500000000000e+03 9.146574123097828135e-12 7.718763996023003671e-12 7.405557937711915173e-12
1.676500000000000057e+01 1.682812500000000000e+03 8.970935105878652394e-12 7.678049168680090020e-12 7.250459347490911810e-12
1.765599999999999881e+01 1.682500000000000000e+03 9.172974879678719162e-12 7.292473916398201084e-12 7.176313362999842127e-12
1.853099999999999881e+01 1.682968750000000000e+03 9.359665820163343142e-12 7.943127926235415970e-12 7.116373462734415511e-12
1.942099999999999937e+01 1.682500000000000000e+03 8.916894132793284911e-12 7.638928552211599055e-12 7.432124360384761985e-12
2.031200000000000117e+01 1.683125000000000000e+03 9.325892488809550684e-12 7.912233368490007024e-12 7.404934304622301511e-12
2.118700000000000117e+01 1.682968750000000000e+03 8.921191042843279462e-12 7.616206276761516847e-12 7.596485940286612504e-12
2.206200000000000117e+01 1.682968750000000000e+03 8.952512342563778702e-12 7.600813207997436649e-12 7.215857685677340427e-12
2.293700000000000117e+01 1.682500000000000000e+03 9.074718407275916832e-12 7.659192724496222127e-12 7.270461142849793390e-12
2.382799999999999940e+01 1.682968750000000000e+03 9.225177913241289218e-12 7.681138711190804713e-12 7.123688791632609707e-12
2.471799999999999997e+01 1.682968750000000000e+03 9.115249353930376941e-12 7.415392085097227692e-12 7.207820711813139880e-12
2.559299999999999997e+01 1.682968750000000000e+03 9.114022904432861338e-12 7.442010549474353809e-12 6.928535002670432874e-12
2.646799999999999997e+01 1.684218750000000000e+03 9.385458556165904298e-12 7.953016717410221759e-12 7.129828411694960622e-12
2.735900000000000176e+01 1.685000000000000000e+03 9.387920128778315387e-12 7.807807352044893179e-12 7.078683559452736418e-12
2.823400000000000176e+01 1.684843750000000000e+03 9.056909736071538930e-12 7.640769961181348435e-12 7.547673423757839117e-12
2.910900000000000176e+01 1.684062500000000000e+03 9.146568918927400205e-12 7.493995875240688775e-12 7.537785499944771317e-12
3.000000000000000000e+01 1.682500000000000000e+03 9.135516128300213978e-12 7.330171192254653079e-12 7.003300283442426277e-12
3.087500000000000000e+01 1.682500000000000000e+03 9.128145288250788525e-12 7.593484868673172627e-12 7.305453117445459554e-12
3.175000000000000000e+01 1.682187500000000000e+03 9.094986916369229846e-12 7.586728120734242964e-12 6.950160499202828746e-12
3.262500000000000000e+01 1.683125000000000000e+03 9.356597094334340170e-12 7.836230796198773163e-12 7.240574025763057975e-12
3.351500000000000057e+01 1.682656250000000000e+03 9.102354286971703345e-12 7.818931266334594454e-12 7.179401604467949838e-12
3.439000000000000057e+01 1.682656250000000000e+03 9.201840678318973232e-12 7.780622500452860635e-12 7.127498678066723770e-12
3.526500000000000057e+01 1.684687500000000000e+03 8.614747804003286547e-12 7.396905137013742859e-12 7.369092315523406711e-12
3.615599999999999881e+01 1.682656250000000000e+03 9.293343872229797853e-12 7.770732841916316858e-12 7.165805275544112618e-12
3.704599999999999937e+01 1.682500000000000000e+03 9.145338132621194660e-12 7.493911741152103900e-12 7.695966260101716472e-12
3.792099999999999937e+01 1.682812500000000000e+03 9.068574884085744969e-12 7.571378420057062186e-12 7.251696205329283273e-12
3.879599999999999937e+01 1.683593750000000000e+03 8.971547463265672206e-12 7.725515539791505404e-12 7.323374545675775948e-12
3.968699999999999761e+01 1.684687500000000000e+03 9.300713844917485318e-12 7.808425780964078911e-12 7.399997281609671518e-12
4.056199999999999761e+01 1.683593750000000000e+03 8.900925135835180413e-12 7.437685883848743629e-12 7.135356975412898706e-12
4.143699999999999761e+01 1.683125000000000000e+03 9.088232770515514147e-12 7.524707419659382168e-12 7.334492388433311305e-12
4.231199999999999761e+01 1.693750000000000000e+03 9.250972383967326351e-12 7.863420851961233637e-12 7.160866084127137654e-12
4.320300000000000296e+01 1.684375000000000000e+03 9.292115688008806274e-12 7.631706031019369618e-12 7.161763803525955652e-12
4.407800000000000296e+01 1.682968750000000000e+03 9.078403827300629558e-12 7.236248059094840812e-12 6.905054219380479807e-12
4.495300000000000296e+01 1.682500000000000000e+03 9.364582026494261413e-12 7.769120416445396415e-12 7.450044053891602402e-12
4.584300000000000352e+01 1.682968750000000000e+03 9.191401112440544807e-12 7.741071672562327421e-12 7.260964399180558360e-12
4.671800000000000352e+01 1.683281250000000000e+03 9.301940294415000920e-12 7.985144663547050214e-12 7.497003018386294571e-12
4.759300000000000352e+01 1.682656250000000000e+03 9.287817043235335746e-12 7.236248492775709806e-12 7.590924416822630860e-12
4.848400000000000176e+01 1.683125000000000000e+03 9.442572591888964695e-12 7.528516872412627237e-12 7.332024744288734297e-12
4.935900000000000176e+01 1.682656250000000000e+03 9.166224203271955417e-12 7.728719574051634567e-12 7.195469480664185014e-12
5.023400000000000176e+01 1.684062500000000000e+03 9.106037972272940095e-12 7.461164498734351724e-12 7.591540243656602627e-12
5.112500000000000000e+01 1.682500000000000000e+03 9.171749297542941548e-12 7.546433963834253689e-12 7.395052452341399629e-12
5.200000000000000000e+01 1.682812500000000000e+03 9.196923604626316973e-12 7.564621672118132523e-12 7.015041759289575296e-12
5.292099999999999937e+01 1.682968750000000000e+03 9.266933574669788953e-12 7.872686010046425764e-12 7.330642169678380782e-12
5.379599999999999937e+01 1.683750000000000000e+03 8.818635058305268615e-12 7.547427960385988399e-12 7.388252336315570545e-12
5.467099999999999937e+01 1.684218750000000000e+03 9.170516776513260027e-12 7.954249238439903280e-12 7.171369401093308227e-12
5.556199999999999761e+01 1.683281250000000000e+03 8.942685134072370090e-12 7.722536152221515238e-12 7.036483375133517626e-12
5.645300000000000296e+01 1.682656250000000000e+03 9.047085129665344283e-12 7.655509039194985377e-12 7.496386324190584816e-12
5.734300000000000352e+01 1.683281250000000000e+03 9.203679485203508648e-12 7.478643572478294033e-12 7.568061628770994531e-12
5.821800000000000352e+01 1.683281250000000000e+03 8.945139767790877272e-12 7.837287242795643039e-12 7.377131024111083235e-12
5.909300000000000352e+01 1.682656250000000000e+03 9.030506377405433938e-12 7.758993968154381804e-12 7.315342775982003332e-12
5.996800000000000352e+01 1.683906250000000000e+03 8.919963725984025871e-12 7.492157935717891348e-12 7.196087042221632757e-12
6.085900000000000176e+01 1.682500000000000000e+03 9.606534318029602559e-12 8.033959782161037566e-12 6.932699206374515200e-12
6.173400000000000176e+01 1.683125000000000000e+03 8.923645676561786644e-12 7.163955192956983353e-12 7.083770202365169411e-12
6.262500000000000000e+01 1.684375000000000000e+03 9.200612494097981653e-12 7.549266767270523815e-12 7.577950419945800320e-12
6.350000000000000000e+01 1.682968750000000000e+03 9.459153946234089005e-12 7.707709470672341467e-12 7.357353441761471657e-12
6.439000000000000057e+01 1.682656250000000000e+03 9.254042844519805300e-12 7.715692668108786734e-12 7.400610506358429319e-12
6.528100000000000591e+01 1.683125000000000000e+03 9.242985717083929131e-12 7.706471745472232016e-12 7.352415551387103676e-12
6.617100000000000648e+01 1.684062500000000000e+03 9.141658784128647852e-12 7.708942859063760977e-12 7.254167752601681229e-12
6.704600000000000648e+01 1.683593750000000000e+03 8.980147354897827228e-12 7.775677671184588746e-12 7.156538816416313509e-12
6.793699999999999761e+01 1.684531250000000000e+03 9.279835580522366456e-12 7.755899221473239180e-12 7.425328581167622843e-12
6.881199999999999761e+01 1.684687500000000000e+03 8.939000581409395352e-12 7.547054127476915397e-12 7.465489164359961904e-12
6.970300000000000296e+01 1.682343750000000000e+03 9.384843596693670520e-12 7.419764455618427235e-12 7.323988637786271738e-12
7.057800000000000296e+01 1.682500000000000000e+03 8.746172189266765429e-12 7.461164498734351724e-12 7.386400519004965304e-12
7.146800000000000352e+01 1.682500000000000000e+03 9.147183878399633983e-12 7.548287515868334907e-12 7.335114286799448990e-12
7.235899999999999466e+01 1.682343750000000000e+03 9.112793852850131771e-12 7.954246636354689315e-12 7.545817269638543934e-12
7.325000000000000000e+01 1.683437500000000000e+03 9.149890047022157802e-12 7.316576164373422841e-12 7.412349380120364373e-12
7.412500000000000000e+01 1.683281250000000000e+03 9.070421497225922280e-12 7.290001935444934134e-12 7.139239720233003794e-12
7.501500000000000057e+01 1.682343750000000000e+03 9.175434717567654275e-12 7.564973820983755814e-12 7.547049790668225455e-12
7.590600000000000591e+01 1.682812500000000000e+03 9.160082414805259532e-12 7.647768703045176863e-12 7.712651697855399391e-12
7.678100000000000591e+01 1.682968750000000000e+03 9.293957096978555654e-12 7.786182289193366302e-12 7.737368037941116938e-12
7.765600000000000591e+01 1.682968750000000000e+03 9.268780187809966264e-12 7.587835741673654155e-12 7.513684986693025536e-12
7.854600000000000648e+01 1.683593750000000000e+03 9.144115152570631011e-12 7.273940998142602865e-12 7.091657990010435952e-12
7.943699999999999761e+01 1.684062500000000000e+03 8.919964593345763859e-12 7.658273321053954419e-12 7.356124390178742090e-12
8.031199999999999761e+01 1.685000000000000000e+03 9.440728580834001349e-12 7.455312409088143966e-12 7.152214584471572323e-12
8.118699999999999761e+01 1.684843750000000000e+03 9.232549620652452660e-12 7.656737223415976956e-12 6.963136230803135263e-12
8.207800000000000296e+01 1.688281250000000000e+03 8.964795052135432485e-12 7.675159986730850648e-12 7.402460588945558584e-12
8.295300000000000296e+01 1.698437500000000000e+03 9.002867895624433459e-12 7.813371477594088788e-12 7.428412919507909606e-12
8.382800000000000296e+01 1.707812500000000000e+03 8.958040906281716786e-12 7.659805949244979928e-12 7.537786367306509305e-12
8.470300000000000296e+01 1.719062500000000000e+03 9.078404694662367547e-12 7.423986772558954783e-12 7.039137068370893147e-12
8.559300000000000352e+01 1.732343750000000000e+03 8.954966976282285884e-12 7.561881676387827156e-12 7.456838098385265567e-12
8.646800000000000352e+01 1.747500000000000000e+03 9.240530216003683961e-12 7.809040740436312689e-12 7.573005590677528431e-12
8.734300000000000352e+01 1.761250000000000000e+03 9.275531731578467998e-12 8.012334719309510689e-12 7.739221589975198157e-12
8.823399999999999466e+01 1.777500000000000000e+03 9.656900279431113177e-12 7.849824089356527423e-12 7.926444223205209028e-12
8.910899999999999466e+01 1.787500000000000000e+03 9.617594914912430681e-12 7.870833325374082534e-12 7.888753018880922951e-12
8.998399999999999466e+01 1.803750000000000000e+03 9.566005106098618427e-12 7.797982745638698532e-12 7.869217430456210138e-12
9.087500000000000000e+01 1.814843750000000000e+03 9.803057671176063081e-12 8.224791507582818184e-12 8.227247876024801343e-12
9.176500000000000057e+01 1.828906250000000000e+03 9.908678044734386958e-12 8.254265326801402125e-12 8.905204698650415196e-12
9.264000000000000057e+01 1.847187500000000000e+03 1.062473546642461741e-11 8.323046245262144538e-12 8.752310508286509361e-12
9.353100000000000591e+01 1.860312500000000000e+03 1.051235140603345997e-11 8.391107253480356576e-12 8.692024530687625372e-12
9.440600000000000591e+01 1.878593750000000000e+03 1.106321371319163305e-11 8.531986749049647045e-12 9.073487620969711287e-12
9.528100000000000591e+01 1.892187500000000000e+03 1.135675407881731047e-11 8.822318743606505365e-12 9.328961214638553656e-12
9.617100000000000648e+01 1.909062500000000000e+03 1.212685073886943243e-11 8.929917569289180790e-12 9.199994932540533910e-12
9.706199999999999761e+01 1.927343750000000000e+03 1.184067687648449052e-11 8.919965460707501848e-12 9.073891811539613883e-12
9.795300000000000296e+01 1.947031250000000000e+03 1.242469321871553234e-11 9.115252823377328895e-12 8.798984110769403344e-12
9.884300000000000352e+01 1.959687500000000000e+03 1.318127985233674693e-11 8.756903188689157957e-12 9.062769631973388584e-12
9.971800000000000352e+01 1.975000000000000000e+03 1.447029909090735700e-11 9.008392989895419589e-12 9.063666484010468594e-12
1.006089999999999947e+02 1.992812500000000000e+03 1.492109560907728394e-11 9.238687072310458603e-12 9.080859328380874729e-12
1.014839999999999947e+02 1.998906250000000000e+03 1.671672002212520880e-11 8.854532558555394672e-12 9.410638934781445641e-12
1.023750000000000000e+02 2.022968750000000000e+03 1.950110212201039417e-11 9.467138011032272260e-12 9.042377957513281217e-12
1.032500000000000000e+02 2.038750000000000000e+03 2.262201190261770023e-11 9.279218886326656701e-12 9.004093477760211073e-12
1.041400000000000006e+02 2.054687500000000000e+03 2.615560719398946077e-11 9.306239806550209437e-12 8.818632456220054650e-12
1.050310000000000059e+02 2.072812500000000000e+03 3.086522704087713009e-11 9.134288811440960387e-12 8.544344919092505819e-12
1.059210000000000065e+02 2.092968750000000000e+03 3.583706595366997760e-11 8.737568828187658454e-12 9.114637863905095116e-12
1.067960000000000065e+02 2.108281250000000000e+03 4.103674691724457091e-11 9.143711829362466403e-12 8.725288720701218637e-12
1.076710000000000065e+02 2.124218750000000000e+03 4.604112577299979137e-11 8.916891530708070945e-12 9.025695121844812263e-12
1.085460000000000065e+02 2.138750000000000000e+03 5.129547481219631777e-11 9.044625291776409171e-12 8.705640375250567331e-12
1.094369999999999976e+02 2.152031250000000000e+03 5.541922476481886406e-11 9.026205997908487433e-12 8.674317340806592114e-12
1.103280000000000030e+02 2.170312500000000000e+03 5.968848332260634493e-11 8.868379988702379535e-12 8.938383019851947608e-12
1.112030000000000030e+02 2.183125000000000000e+03 6.019024861858568443e-11 8.880046004078323563e-12 8.776678168953555570e-12
1.120930000000000035e+02 2.192656250000000000e+03 6.187476225827381882e-11 8.805738256623119042e-12 8.829072022098483075e-12
1.129680000000000035e+02 2.212656250000000000e+03 6.328966517532563785e-11 9.024364588938738052e-12 9.036643829063439881e-12
1.138589999999999947e+02 2.232968750000000000e+03 6.177958838948782727e-11 9.032345184289969353e-12 8.682136606874557572e-12
1.147500000000000000e+02 2.242812500000000000e+03 5.996425578302932990e-11 9.160394665030935357e-12 8.787803817966732822e-12
1.156250000000000000e+02 2.257812500000000000e+03 5.642943057271310181e-11 8.614747804003286547e-12 8.742482432433362760e-12
1.165000000000000000e+02 2.273906250000000000e+03 5.526814075840214002e-11 8.903383239000639549e-12 8.851795164910303271e-12
1.173750000000000000e+02 2.288437500000000000e+03 5.394592411667176179e-11 8.621585216583849132e-12 8.440343042537268303e-12
1.182650000000000006e+02 2.307968750000000000e+03 5.037614422831460104e-11 8.835832239484364692e-12 8.997269075605718314e-12
1.191400000000000006e+02 2.320468750000000000e+03 4.655760152405541419e-11 9.078403827300629558e-12 8.353140228123390187e-12
1.200150000000000006e+02 2.337187500000000000e+03 4.456234686811555434e-11 8.714851756908004177e-12 8.581590299483465856e-12
1.209060000000000059e+02 2.350312500000000000e+03 4.300129349821268931e-11 8.843811100112120016e-12 8.567467048303800681e-12
1.217960000000000065e+02 2.365156250000000000e+03 4.088996502504826935e-11 8.391107253480356576e-12 8.539400957185971919e-12
1.226869999999999976e+02 2.384062500000000000e+03 3.738093862226676833e-11 8.485785858713956742e-12 8.740028666076593566e-12
1.235619999999999976e+02 2.397031250000000000e+03 3.622825650584360346e-11 8.701293158219769452e-12 8.264093402654548726e-12
1.244530000000000030e+02 2.414531250000000000e+03 3.556134206550431998e-11 8.708706498994356338e-12 8.713622705325274609e-12
1.253280000000000030e+02 2.427656250000000000e+03 3.380496924054732233e-11 8.643614470005278605e-12 8.536934180403132899e-12
1.262030000000000030e+02 2.445781250000000000e+03 3.226683850665601483e-11 8.947597870956336408e-12 8.418297309242817050e-12
1.270930000000000035e+02 2.466093750000000000e+03 2.952276617618210253e-11 8.625804931439162715e-12 8.120466105099310994e-12
1.279680000000000035e+02 2.475156250000000000e+03 2.820182108675961530e-11 9.060913477854093401e-12 8.294799742902814188e-12
1.288429999999999893e+02 2.487187500000000000e+03 2.663215654952200140e-11 9.349843815842362460e-12 8.233390531853235217e-12
1.297340000000000089e+02 2.504843750000000000e+03 2.495993169093768671e-11 9.456368847693408242e-12 8.009236503181416111e-12
1.306250000000000000e+02 2.519843750000000000e+03 2.329569349923676924e-11 9.636630035614324186e-12 8.489973481184964754e-12
1.315149999999999864e+02 2.535156250000000000e+03 2.226951782702268900e-11 9.473277197413754180e-12 8.137768237048703668e-12
1.323899999999999864e+02 2.543906250000000000e+03 2.042103465493827485e-11 1.013467434973769343e-11 8.176696299211361207e-12
1.332810000000000059e+02 2.572343750000000000e+03 1.952013897743576365e-11 1.098215008515923685e-11 7.801013307551230014e-12
1.341560000000000059e+02 2.582812500000000000e+03 1.860388058883000184e-11 1.142737987569475422e-11 7.933699704143482023e-12
1.350459999999999923e+02 2.594218750000000000e+03 1.750093819863351996e-11 1.206973670314637204e-11 8.150482025404137687e-12
1.359209999999999923e+02 2.605000000000000000e+03 1.689911231783636225e-11 1.271951294290474266e-11 8.034417749158695443e-12
1.368120000000000118e+02 2.620781250000000000e+03 1.589872331009267725e-11 1.351904178881202512e-11 8.219950761723104904e-12
1.377030000000000030e+02 2.637343750000000000e+03 1.595706726476020521e-11 1.389352261710330438e-11 7.770732841916316858e-12
1.385929999999999893e+02 2.649531250000000000e+03 1.550200245947763733e-11 1.432852534538620048e-11 8.238913891400745371e-12
1.394840000000000089e+02 2.665000000000000000e+03 1.507458741167866378e-11 1.445952559075980304e-11 7.817694408496222991e-12
1.403590000000000089e+02 2.675937500000000000e+03 1.535769254823460273e-11 1.402936621042183418e-11 7.967226704763685774e-12
1.412340000000000089e+02 2.698437500000000000e+03 1.485288801672535186e-11 1.354851560803060906e-11 7.619347860976510844e-12
1.421709999999999923e+02 2.708906250000000000e+03 1.436221367528967008e-11 1.227792086749834866e-11 7.967842531597657540e-12
1.431090000000000089e+02 2.726093750000000000e+03 1.469751230442906120e-11 1.140035722074772551e-11 8.100073563277465638e-12
1.440000000000000000e+02 2.740000000000000000e+03 1.423202181105587272e-11 1.032689298657851751e-11 8.134061132980541231e-12
1.448750000000000000e+02 2.749687500000000000e+03 1.429712338102406832e-11 9.591799576824655560e-12 7.563122003673150573e-12
1.457500000000000000e+02 2.772500000000000000e+03 1.397594193153217645e-11 9.367652487046740362e-12 8.019129631164911842e-12
1.466399999999999864e+02 2.782968750000000000e+03 1.386110237006077384e-11 8.593159170344755182e-12 7.732887247202668846e-12
1.475310000000000059e+02 2.797968750000000000e+03 1.394154930389746028e-11 8.403497515907520921e-12 7.535930213187214122e-12
1.484209999999999923e+02 2.806562500000000000e+03 1.322181079899120704e-11 8.630101841489157266e-12 7.812133752393979336e-12
1.493120000000000118e+02 2.824843750000000000e+03 1.260401678859768282e-11 8.397358329526039000e-12 7.611315223921000239e-12
1.502030000000000030e+02 2.833906250000000000e+03 1.283737699475651084e-11 8.636856854704610953e-12 7.713269259412847134e-12
1.510780000000000030e+02 2.842812500000000000e+03 1.208140618796926802e-11 8.291008504746066876e-12 7.407407152937306449e-12
1.520149999999999864e+02 2.869843750000000000e+03 1.223186395921116443e-11 8.094599643349020823e-12 7.573001253868838489e-12
1.528899999999999864e+02 2.883750000000000000e+03 1.184313151020299770e-11 8.360508466087601676e-12 7.338202094586687707e-12
1.537810000000000059e+02 2.895000000000000000e+03 1.160670171085342872e-11 8.191625329445617609e-12 7.489587942888231709e-12
1.546560000000000059e+02 2.918437500000000000e+03 1.234731848015480082e-11 8.584510706455272810e-12 7.813333313677617298e-12
1.555310000000000059e+02 2.930625000000000000e+03 1.206973930523158600e-11 8.223656998429529352e-12 7.612551214397633714e-12
1.564060000000000059e+02 2.946093750000000000e+03 1.182532370636035779e-11 8.441569492034783906e-12 7.577946083137110378e-12
1.572959999999999923e+02 2.954687500000000000e+03 1.175162397948348314e-11 8.311399311844436255e-12 7.705854183914784272e-12
1.581709999999999923e+02 2.968281250000000000e+03 1.160116881032680070e-11 8.530136666462517780e-12 7.885660006923256304e-12
1.590459999999999923e+02 2.988593750000000000e+03 1.157660339118349313e-11 8.307082452474467971e-12 7.679904455437647215e-12
1.599370000000000118e+02 3.007500000000000000e+03 1.162511926999787448e-11 8.431886265591881369e-12 7.752194719490290709e-12
1.608280000000000030e+02 3.021875000000000000e+03 1.141939581089657096e-11 8.158159044147073047e-12 7.605753700457018596e-12
1.617030000000000030e+02 3.035000000000000000e+03 1.125542627850029120e-11 8.576675827876023561e-12 7.601426432746194450e-12
1.625780000000000030e+02 3.048125000000000000e+03 1.127323668442814508e-11 8.324888521593631907e-12 7.482173734751906835e-12
1.634679999999999893e+02 3.061250000000000000e+03 1.128552286344675082e-11 8.310153780388684908e-12 7.787416544946523800e-12
1.643429999999999893e+02 3.075156250000000000e+03 1.119585760905872363e-11 8.208823377986451675e-12 7.662261450325225098e-12
1.652340000000000089e+02 3.080781250000000000e+03 1.127691863500590586e-11 8.432509031319757042e-12 7.678050903403565997e-12
1.661250000000000000e+02 3.122968750000000000e+03 1.086362510366312151e-11 8.617819131917503483e-12 7.768260860963049907e-12
1.670000000000000000e+02 3.127812500000000000e+03 1.118419419576799356e-11 8.345153561239992968e-12 7.747254227030708762e-12
1.678750000000000000e+02 3.137968750000000000e+03 1.106873360329219125e-11 8.651246385937838568e-12 7.917793157230512691e-12
1.687649999999999864e+02 3.149843750000000000e+03 1.109330075715897479e-11 8.499914314064049847e-12 7.956726423563598161e-12
1.696399999999999864e+02 3.165156250000000000e+03 1.108900211238550426e-11 8.486397348739238566e-12 7.559412297519774171e-12
1.705149999999999864e+02 3.179218750000000000e+03 1.118848937109451214e-11 8.375243207292548675e-12 7.887519630489503442e-12
1.714060000000000059e+02 3.199218750000000000e+03 1.100302748219261773e-11 8.399756584731576936e-12 7.489586208164755732e-12
1.722959999999999923e+02 3.212968750000000000e+03 1.122288199872922831e-11 8.349706343002694098e-12 7.830671007458267496e-12
1.731709999999999923e+02 3.226718750000000000e+03 1.095082791807699962e-11 8.521405803207926510e-12 7.442011416836091797e-12
1.740459999999999923e+02 3.240000000000000000e+03 1.119278541378276870e-11 8.339202592355654531e-12 7.887026969022326028e-12
1.749209999999999923e+02 3.252656250000000000e+03 1.096802249717088173e-11 8.372174481463545703e-12 7.674340329888451606e-12
1.758120000000000118e+02 3.272187500000000000e+03 1.119769988539021099e-11 8.346383480184460524e-12 7.499471529892609567e-12
1.767030000000000030e+02 3.285468750000000000e+03 1.113813121594864342e-11 8.437273449346527343e-12 7.852916233952456082e-12
1.775780000000000030e+02 3.291875000000000000e+03 1.139974486336070569e-11 8.302129816950554186e-12 7.334943416537065275e-12
1.784530000000000030e+02 3.317812500000000000e+03 1.099258878367592729e-11 8.534301737528338094e-12 7.871450886931530277e-12
1.793429999999999893e+02 3.330000000000000000e+03 1.126402443540897025e-11 8.569306722550074085e-12 7.659510178892325882e-12
1.802179999999999893e+02 3.340000000000000000e+03 1.110680991622814417e-11 8.525806796666479670e-12 7.684844947897229162e-12
1.811090000000000089e+02 3.354531250000000000e+03 1.090108558976510267e-11 8.562884776242007945e-12 7.965374020091342544e-12
1.819840000000000089e+02 3.367812500000000000e+03 1.070579996181875160e-11 8.670395998389146541e-12 8.063617482068075049e-12
1.828750000000000000e+02 3.388281250000000000e+03 1.092565014154667224e-11 8.652824984300977462e-12 7.932008348754404636e-12
1.837500000000000000e+02 3.397968750000000000e+03 1.084704288195625921e-11 8.529517370181594060e-12 7.696582954297426227e-12
1.846399999999999864e+02 3.414218750000000000e+03 1.095021642805171780e-11 8.807579665592868423e-12 7.744783980800917789e-12
1.855149999999999864e+02 3.426562500000000000e+03 1.068921427066493735e-11 8.784858257504524204e-12 8.131588284665536293e-12
1.863899999999999864e+02 3.442500000000000000e+03 1.100487062588584308e-11 8.843815436920809958e-12 7.997504568313384965e-12
1.872810000000000059e+02 3.456093750000000000e+03 1.096065425920667025e-11 8.658350078571963593e-12 7.820778746836509754e-12
1.881560000000000059e+02 3.475937500000000000e+03 1.055043032105462686e-11 8.604899778830166213e-12 7.244279828788613429e-12
1.890310000000000059e+02 3.488125000000000000e+03 1.078440548668568866e-11 8.755996795672960076e-12 7.858477757416437726e-12
1.899209999999999923e+02 3.500625000000000000e+03 1.085994315308536073e-11 8.853022481769556862e-12 7.960431792908284621e-12
1.907959999999999923e+02 3.520937500000000000e+03 1.066280917727535638e-11 8.848114949056018474e-12 7.983907805708678751e-12
1.916870000000000118e+02 3.532812500000000000e+03 1.085993968363840878e-11 8.900927737920394378e-12 7.791746414742561910e-12
1.925620000000000118e+02 3.547968750000000000e+03 1.082247833017468963e-11 8.811265085617581150e-12 7.839935298181721635e-12
1.934370000000000118e+02 3.568437500000000000e+03 1.054736072786388590e-11 9.080248705717330893e-12 7.948688582337659625e-12
1.943280000000000030e+02 3.581250000000000000e+03 1.072299280618915773e-11 9.313609779237896902e-12 7.997504568313384965e-12
1.952030000000000030e+02 3.593593750000000000e+03 1.092933469420964698e-11 8.892944540483949112e-12 7.618731166780801090e-12
1.960780000000000030e+02 3.611093750000000000e+03 1.090047323237808286e-11 9.121389407673596850e-12 7.786801585474290022e-12
1.969679999999999893e+02 3.620937500000000000e+03 1.057929265024792898e-11 9.298871568585997949e-12 7.550141067902416125e-12
1.978429999999999893e+02 3.640625000000000000e+03 1.078502304824313640e-11 8.983831040199063978e-12 7.844041388649358737e-12
1.987179999999999893e+02 3.655468750000000000e+03 1.045523997239561353e-11 9.102971848529151089e-12 7.883189760693465331e-12
1.996090000000000089e+02 3.673593750000000000e+03 1.079238781676039594e-11 8.998570118212700919e-12 7.948069286056735905e-12
2.005000000000000000e+02 3.685468750000000000e+03 1.050068452329577795e-11 9.253699369271561892e-12 7.749725340622237724e-12
2.013899999999999864e+02 3.697343750000000000e+03 1.041778122101710835e-11 8.931630608721707887e-12 7.863421719322971626e-12
2.022649999999999864e+02 3.709531250000000000e+03 1.045278620603884434e-11 8.949441882011299754e-12 7.761465949107648754e-12
2.031560000000000059e+02 3.735312500000000000e+03 1.037356311961445954e-11 8.813106494587330531e-12 7.561265849553855389e-12
2.040310000000000059e+02 3.744531250000000000e+03 1.025258523912331299e-11 8.691517124070902156e-12 7.362303475200171476e-12
2.049060000000000059e+02 3.755468750000000000e+03 1.009905787469067562e-11 9.324757979656261853e-12 7.716976363481009571e-12
2.057959999999999923e+02 3.766406250000000000e+03 1.010151077368570682e-11 8.933473752414933244e-12 7.851060947194898887e-12
2.066870000000000118e+02 3.775312500000000000e+03 9.905000430965316127e-12 8.641771326312053247e-12 7.592252347643491106e-12
2.075620000000000118e+02 3.783281250000000000e+03 9.998340697037200187e-12 8.684756906685020539e-12 7.715740373004376096e-12
2.084530000000000030e+02 3.790312500000000000e+03 1.003457560100340373e-11 8.479034314945455009e-12 7.538214844005075577e-12
2.093280000000000030e+02 3.796093750000000000e+03 9.946142000283320073e-12 8.447954141788116544e-12 8.041995021301762137e-12
2.102030000000000030e+02 3.797500000000000000e+03 9.891489537172670765e-12 8.402880821711811166e-12 7.749726207983975712e-12
2.110929999999999893e+02 3.798593750000000000e+03 9.729362281107878374e-12 8.240341568821474283e-12 7.606989690933652071e-12
2.119679999999999893e+02 3.799843750000000000e+03 9.656896809984161223e-12 8.399812095882808194e-12 7.519249979603959133e-12
2.128429999999999893e+02 3.800156250000000000e+03 1.018687478121504952e-11 8.396129277943309432e-12 7.624294424968258710e-12
2.137340000000000089e+02 3.799687500000000000e+03 9.585045430970939861e-12 8.331026840613375839e-12 7.637887718126012970e-12
2.146090000000000089e+02 3.799687500000000000e+03 9.543285432733750184e-12 8.554569379259913120e-12 7.896170696464199779e-12
2.154840000000000089e+02 3.800156250000000000e+03 9.885343411897284938e-12 8.682140076321509525e-12 7.760846652826725034e-12
2.163750000000000000e+02 3.799687500000000000e+03 9.686376700734911083e-12 8.506037887934247976e-12 7.839937032905197611e-12
2.172500000000000000e+02 3.799062500000000000e+03 9.689441957116962101e-12 8.594487101165615428e-12 7.492677485398946402e-12
2.181250000000000000e+02 3.797187500000000000e+03 9.654440441542178064e-12 8.584657290588992851e-12 7.823776349002997677e-12
2.190149999999999864e+02 3.796250000000000000e+03 9.599784508984576803e-12 8.068804305261245702e-12 7.544968989858791275e-12
2.198899999999999864e+02 3.795156250000000000e+03 9.544513616954741764e-12 8.237075084516209955e-12 7.697821546859273667e-12
2.207649999999999864e+02 3.795312500000000000e+03 9.443186683999460485e-12 8.039327016595709807e-12 7.801053206191177480e-12
2.216399999999999864e+02 3.792500000000000000e+03 9.634788626644574805e-12 8.197156495248769659e-12 7.346853160561384044e-12
2.225310000000000059e+02 3.791250000000000000e+03 9.452398065656897330e-12 8.159079314951078743e-12 7.689169613522839342e-12
2.234060000000000059e+02 3.791250000000000000e+03 9.309310267102688385e-12 8.540444393356771968e-12 7.742929561405098582e-12
2.242810000000000059e+02 3.789218750000000000e+03 9.453007820958703178e-12 8.161863546130021518e-12 7.590921814737416895e-12
2.251709999999999923e+02 3.787812500000000000e+03 9.277992436829141099e-12 8.206980234293226317e-12 7.483558044085736327e-12
2.260459999999999923e+02 3.783125000000000000e+03 9.723832850028202301e-12 8.264436010541054145e-12 7.718149903912507881e-12
2.269209999999999923e+02 3.782500000000000000e+03 9.368878069182517976e-12 8.314486252269936983e-12 7.940656812643887008e-12
2.278120000000000118e+02 3.780781250000000000e+03 9.549427221200446070e-12 8.525812000836907600e-12 7.859094451612147481e-12
2.286870000000000118e+02 3.779687500000000000e+03 9.333874818884257962e-12 8.603663788353532738e-12 7.757761447124700283e-12
2.295620000000000118e+02 3.779375000000000000e+03 9.506439038742264813e-12 8.446480494195274247e-12 7.615018858542210722e-12
2.304530000000000030e+02 3.777500000000000000e+03 9.258953846680295641e-12 8.112409181915136713e-12 7.778147917414379720e-12
2.313280000000000030e+02 3.778281250000000000e+03 9.744716318593749094e-12 8.627144137962616810e-12 7.677616355172833806e-12
2.322030000000000030e+02 3.777343750000000000e+03 9.707867322517049757e-12 8.362350742419089045e-12 7.729955564528268042e-12
2.330780000000000030e+02 3.776406250000000000e+03 9.443801643471694263e-12 8.389988356838351535e-12 7.686697632569572392e-12
2.339679999999999893e+02 3.774843750000000000e+03 9.609609115390771450e-12 8.197153893163555693e-12 7.487116829296702747e-12
2.348429999999999893e+02 3.775000000000000000e+03 9.685145914428705538e-12 8.575242946284866719e-12 7.808427515687554887e-12
2.357179999999999893e+02 3.775312500000000000e+03 9.545126841703499565e-12 8.165832593443056453e-12 7.537167071025585585e-12
2.366090000000000089e+02 3.772343750000000000e+03 9.414936712193178181e-12 8.466134911178091471e-12 7.362300873114957511e-12
2.374840000000000089e+02 3.773906250000000000e+03 9.375021592372689838e-12 8.507895776777019137e-12 7.862182259399386197e-12
2.383750000000000000e+02 3.772031250000000000e+03 9.337559371547232701e-12 8.202683324243231766e-12 7.834994805722139688e-12
2.392500000000000000e+02 3.773437500000000000e+03 9.392217038828309938e-12 8.303394430364541279e-12 7.592161274661002324e-12
2.401399999999999864e+02 3.772500000000000000e+03 9.302554386525496710e-12 8.238485414702179099e-12 7.265289932167906528e-12
2.410310000000000059e+02 3.771562500000000000e+03 9.292114820647068285e-12 8.372787706212303505e-12 7.372804623761997078e-12
2.419060000000000059e+02 3.772187500000000000e+03 9.551268630170195451e-12 8.421305319750160834e-12 7.816460152743065493e-12
2.427810000000000059e+02 3.772500000000000000e+03 9.390988854607318359e-12 8.480085557371896954e-12 7.973004201300426530e-12
2.436560000000000059e+02 3.771093750000000000e+03 9.238073847561700802e-12 8.329188901090578412e-12 7.351797989829655933e-12
2.445459999999999923e+02 3.772500000000000000e+03 9.102969246443937124e-12 8.369104888272804743e-12 7.727481848851525115e-12
2.454209999999999923e+02 3.772343750000000000e+03 9.145339867344670637e-12 8.266290429936873352e-12 7.828818322785924266e-12
2.462959999999999923e+02 3.772187500000000000e+03 9.363352107549793857e-12 8.240957395655446049e-12 7.599009962944158758e-12
2.471870000000000118e+02 3.770625000000000000e+03 9.393444355687563530e-12 8.741256850297585146e-12 7.251425154786161897e-12
2.480620000000000118e+02 3.772343750000000000e+03 9.343084465818218831e-12 8.426326476851375702e-12 7.760518790089765417e-12
2.489370000000000118e+02 3.770937500000000000e+03 9.393440886240611576e-12 8.397289807948737916e-12 7.624290955521306756e-12
2.498280000000000030e+02 3.769843750000000000e+03 9.571535404540032488e-12 8.163990317111569084e-12 7.943752426686767620e-12
2.507179999999999893e+02 3.772343750000000000e+03 9.569693995570283107e-12 8.488738358070069268e-12 7.686081805735600625e-12
2.515929999999999893e+02 3.772187500000000000e+03 9.362122188605326301e-12 8.274529499086025197e-12 7.707087572306203782e-12
2.524679999999999893e+02 3.771562500000000000e+03 9.565390146626384649e-12 8.552111276094453984e-12 7.501329418735380727e-12
2.533429999999999893e+02 3.772968750000000000e+03 9.232544416482024729e-12 8.533071818583870538e-12 7.591539376294864638e-12
2.542340000000000089e+02 3.771406250000000000e+03 9.358439370665827539e-12 8.336730611402387581e-12 7.474759526615581962e-12
2.551090000000000089e+02 3.770156250000000000e+03 9.561095838661604063e-12 8.401036810656847820e-12 7.717595659761933291e-12
2.560000000000000000e+02 3.770781250000000000e+03 9.394059315159797308e-12 8.284971667049667587e-12 7.873924602608273204e-12
2.568899999999999864e+02 3.771562500000000000e+03 9.462222672063091977e-12 8.550883959235200393e-12 7.266525488963671009e-12
2.577649999999999864e+02 3.770625000000000000e+03 9.456084353043348045e-12 8.053732160340221213e-12 7.500709255092719019e-12
2.586560000000000059e+02 3.770312500000000000e+03 9.198156993017736482e-12 8.360508466087601676e-12 7.733040770230292793e-12
2.595310000000000059e+02 3.770312500000000000e+03 9.616368465414915079e-12 8.130212648949086685e-12 7.437685883848743629e-12
2.604209999999999923e+02 3.770781250000000000e+03 9.636630902976062174e-12 8.346999307018432290e-12 7.288152720219542857e-12
2.612959999999999923e+02 3.772656250000000000e+03 9.371948529734996924e-12 8.365156657641481530e-12 7.353028776135861477e-12
2.621709999999999923e+02 3.771406250000000000e+03 9.489856817035402514e-12 8.388142611059912213e-12 7.490204637083941464e-12
2.630620000000000118e+02 3.771250000000000000e+03 9.519335840424414386e-12 8.538784262990262164e-12 7.567443199851808799e-12
2.639529999999999745e+02 3.772812500000000000e+03 9.258338887208061863e-12 8.484558541854703151e-12 7.419764455618427235e-12
2.648279999999999745e+02 3.772812500000000000e+03 9.396513081516566501e-12 8.450780873692220752e-12 7.797922897678777332e-12
2.657180000000000177e+02 3.771562500000000000e+03 9.639087271418045333e-12 8.327346624759091043e-12 7.509982219433553041e-12
2.665930000000000177e+02 3.772343750000000000e+03 9.117092497623602299e-12 8.223654396344315387e-12 7.804716942172440497e-12
2.674839999999999804e+02 3.772343750000000000e+03 9.601009223758616429e-12 8.474733935448508504e-12 7.526661585655070041e-12
2.683589999999999804e+02 3.772343750000000000e+03 9.325276661975578918e-12 8.275150530090424894e-12 7.794212324163662942e-12
2.692500000000000000e+02 3.771718750000000000e+03 9.405726197897479324e-12 8.461550037031084770e-12 7.655188115351929667e-12
2.701250000000000000e+02 3.771250000000000000e+03 9.291501595898310484e-12 8.265322454237278293e-12 7.871452621655006254e-12
2.710000000000000000e+02 3.772500000000000000e+03 9.479418985880450066e-12 8.334714862723302531e-12 7.806573096291735681e-12
2.718899999999999864e+02 3.771718750000000000e+03 9.495999472863836388e-12 8.398583044300078626e-12 7.799774714989382574e-12
2.727810000000000059e+02 3.771406250000000000e+03 9.575218222479531249e-12 8.283126788632966253e-12 7.700911956731726349e-12
2.736560000000000059e+02 3.771406250000000000e+03 9.544516219039955729e-12 8.378315402568503600e-12 7.461782927653537456e-12
2.745310000000000059e+02 3.771093750000000000e+03 9.274918506829710196e-12 8.659581732239907126e-12 7.880718647101936369e-12
2.754209999999999923e+02 3.772031250000000000e+03 9.523017791002175159e-12 8.242189916685127571e-12 7.623052362959459316e-12
2.762959999999999923e+02 3.772343750000000000e+03 9.550658874868389603e-12 8.375859901488258430e-12 7.740455845728355655e-12
2.771870000000000118e+02 3.771718750000000000e+03 9.468977685278545664e-12 8.530136666462517780e-12 7.695348698544268728e-12
2.780620000000000118e+02 3.772500000000000000e+03 9.656279248426713480e-12 8.434202988794048395e-12 7.562502707392226853e-12
2.789370000000000118e+02 3.772343750000000000e+03 9.481261262211937435e-12 8.501093926027714076e-12 7.566208076736913313e-12
2.798279999999999745e+02 3.772812500000000000e+03 9.142270274153929677e-12 8.357743316866894645e-12 7.765788012648044969e-12
2.807180000000000177e+02 3.772500000000000000e+03 9.579516867253001777e-12 8.601811971042927496e-12 7.629233182704364680e-12
2.816089999999999804e+02 3.772812500000000000e+03 9.383615412472678941e-12 8.235229338737770632e-12 7.941893670482258472e-12
2.824839999999999804e+02 3.772031250000000000e+03 9.260796990373520998e-12 8.170515479466455844e-12 7.632173538996145368e-12
2.833589999999999804e+02 3.772656250000000000e+03 9.227019322211038599e-12 8.674725000823446663e-12 7.688552919327129587e-12
2.842500000000000000e+02 3.773593750000000000e+03 9.371335304986239123e-12 8.077828336783277052e-12 7.548905944787520639e-12
2.851399999999999864e+02 3.772656250000000000e+03 9.203682954650460601e-12 8.563165801445116188e-12 7.700913691455202326e-12
2.860149999999999864e+02 3.772500000000000000e+03 9.500913944471278683e-12 8.282515298607684429e-12 7.912234235851745012e-12
2.869060000000000059e+02 3.772500000000000000e+03 9.381157309307219805e-12 8.122318789771654224e-12 7.527280881935993762e-12
