Start time (s) =
1553508139
'Reltime', 'DEFAU[mV]', '2.00[A]', '28.00[A]', '18.00[A]'
0.000000000000000000e+00 2.192187500000000000e+03 1.011747803592033534e-11 2.436546797657257457e-11 2.136210479342093294e-11
8.900000000000000133e-01 2.192656250000000000e+03 1.033364626507049522e-11 2.411061454654639391e-11 2.103821804266825524e-11
1.765000000000000124e+00 2.192343750000000000e+03 1.019178751809901584e-11 2.405244406422646364e-11 2.120648795456148150e-11
2.640000000000000124e+00 2.192187500000000000e+03 1.055165677055214246e-11 2.410017324594448951e-11 2.108366085884494368e-11
3.531000000000000139e+00 2.190937500000000000e+03 1.054797481997438169e-11 2.432123426265864197e-11 2.111865196607887185e-11
4.405999999999999694e+00 2.190000000000000000e+03 1.027285114613141204e-11 2.387386989488593514e-11 2.175632070333666235e-11
5.280999999999999694e+00 2.192343750000000000e+03 1.038953211657256404e-11 2.344491267791681821e-11 2.118560188391072074e-11
6.171999999999999709e+00 2.190000000000000000e+03 1.032259347444330899e-11 2.432433074406326057e-11 2.126789543088758450e-11
7.046999999999999709e+00 2.190781250000000000e+03 1.040979802358066308e-11 2.387325927222239130e-11 2.126694827186970116e-11
7.937000000000000277e+00 2.189843750000000000e+03 9.920962489029516718e-12 2.365249489322263088e-11 2.115510891465000043e-11
8.811999999999999389e+00 2.190000000000000000e+03 1.047550501204197460e-11 2.323857425934328091e-11 2.059714204749596433e-11
9.686999999999999389e+00 2.191562500000000000e+03 1.012055196591976625e-11 2.338903203058517732e-11 2.116128279550100189e-11
1.057799999999999940e+01 2.192187500000000000e+03 1.003027435414471924e-11 2.431937637381587081e-11 2.078213295897413104e-11
1.146799999999999997e+01 2.190781250000000000e+03 9.733050303217805066e-12 2.367923565560481336e-11 2.101856536040891399e-11
1.234299999999999997e+01 2.191875000000000000e+03 1.010396887685116596e-11 2.337214276282306713e-11 2.100014606654099225e-11
1.321799999999999997e+01 2.192343750000000000e+03 1.035452452946561408e-11 2.379188686341127124e-11 2.090794724851630093e-11
1.410899999999999999e+01 2.192343750000000000e+03 1.020038480764595690e-11 2.336201197772336258e-11 2.097557717795073273e-11
1.500000000000000000e+01 2.191718750000000000e+03 1.026363716238876123e-11 2.335978112333325640e-11 2.083071215519538555e-11
1.587500000000000000e+01 2.190468750000000000e+03 1.023845851849669586e-11 2.343508546942540960e-11 2.081463300329655652e-11
1.676500000000000057e+01 2.190312500000000000e+03 1.023846112058190982e-11 2.378242741629676971e-11 2.129676296425131454e-11
1.764000000000000057e+01 2.191250000000000000e+03 1.023047618842198858e-11 2.332025718365660083e-11 2.094872886271303969e-11
1.851500000000000057e+01 2.190937500000000000e+03 1.029373201261174486e-11 2.314338824749295753e-11 2.094069362357231512e-11
1.940599999999999881e+01 2.191875000000000000e+03 9.900083357272659867e-12 2.334297338757451712e-11 2.123605284676255422e-11
2.029700000000000060e+01 2.190625000000000000e+03 1.019424822334968894e-11 2.359537565332914255e-11 2.106983164329445657e-11
2.118700000000000117e+01 2.190937500000000000e+03 9.799983741176632179e-12 2.300571538826901019e-11 2.060640373613420451e-11
2.206200000000000117e+01 2.190937500000000000e+03 1.041716886363008854e-11 2.274249365219471741e-11 2.100804599725059063e-11
2.295299999999999940e+01 2.190000000000000000e+03 1.007756291609984700e-11 2.349343809771031744e-11 2.128078963048452010e-11
2.382799999999999940e+01 2.191562500000000000e+03 9.897014631443656896e-12 2.277215742363392081e-11 2.104681533221519629e-11
2.470299999999999940e+01 2.190312500000000000e+03 1.008493028670232050e-11 2.280869937365537226e-11 2.145397054453823671e-11
2.559299999999999997e+01 2.190312500000000000e+03 1.012546383544199458e-11 2.360755688157745169e-11 2.117365310860819250e-11
2.646799999999999997e+01 2.191562500000000000e+03 9.917893763200513746e-12 2.289405991173776300e-11 2.092462834946129391e-11
2.735900000000000176e+01 2.192343750000000000e+03 1.017765906274892274e-11 2.279826501194737176e-11 2.077660266053271698e-11
2.823400000000000176e+01 2.192343750000000000e+03 9.842359566247793623e-12 2.289836029123470951e-11 2.083678368736130437e-11
2.912500000000000000e+01 2.190000000000000000e+03 1.002167966668299215e-11 2.290388538550569564e-11 2.097988102689463119e-11
3.001500000000000057e+01 2.189843750000000000e+03 9.834374634087872380e-12 2.311694238810169111e-11 2.089574693830975605e-11
3.089000000000000057e+01 2.190781250000000000e+03 9.965177988346951565e-12 2.291118336716913007e-11 2.127621516467836926e-11
3.176500000000000057e+01 2.189843750000000000e+03 9.876748724435557847e-12 2.313233979367446125e-11 2.102838736472989467e-11
3.264000000000000057e+01 2.189531250000000000e+03 9.826390569289689125e-12 2.313970369482998279e-11 2.092833371880598037e-11
3.353099999999999881e+01 2.189687500000000000e+03 9.897631325639366651e-12 2.273991758783289185e-11 2.097591544902854821e-11
3.442199999999999704e+01 2.190312500000000000e+03 9.878588398681831251e-12 2.241809862746357851e-11 2.109393389126967833e-11
3.529699999999999704e+01 2.189843750000000000e+03 9.861394686949687127e-12 2.259420255057431604e-11 2.061631941552288794e-11
3.617199999999999704e+01 2.190312500000000000e+03 9.735502334851098283e-12 2.237299061291775359e-11 2.079301834878588551e-11
3.706199999999999761e+01 2.190000000000000000e+03 9.690672743423167645e-12 2.232974222193817582e-11 2.099338584915511063e-11
3.793699999999999761e+01 2.190781250000000000e+03 1.005975251017199312e-11 2.226918649483877743e-11 2.097004514478584269e-11
3.881199999999999761e+01 2.192031250000000000e+03 1.002290264673355580e-11 2.238864302284149232e-11 2.073915171540985369e-11
3.970300000000000296e+01 2.190000000000000000e+03 9.933246933324646477e-12 2.240523044871878255e-11 2.054152854757962388e-11
4.057800000000000296e+01 2.192343750000000000e+03 9.944915550785804470e-12 2.236001835076439903e-11 2.080484742816857135e-11
4.145300000000000296e+01 2.189843750000000000e+03 9.932018749103654898e-12 2.219874284392631125e-11 2.114830879862417135e-11
4.234300000000000352e+01 2.190000000000000000e+03 9.888413005088025898e-12 2.217616541788647311e-11 2.092710033041456086e-11
4.321800000000000352e+01 2.190781250000000000e+03 9.750857239698706991e-12 2.251576702860802470e-11 2.089635062207939598e-11
4.410900000000000176e+01 2.190312500000000000e+03 9.869377017024394405e-12 2.260911943774424060e-11 2.084986176764669352e-11
4.498400000000000176e+01 2.190000000000000000e+03 9.742259082790027946e-12 2.276018609692620487e-11 2.100310723951448466e-11
4.585900000000000176e+01 2.190156250000000000e+03 9.733659191157872925e-12 2.211099532634097642e-11 2.082824017424211860e-11
4.675000000000000000e+01 2.190625000000000000e+03 9.549427221200446070e-12 2.186445989538210455e-11 2.150801065026186620e-11
4.764000000000000057e+01 2.190000000000000000e+03 9.921580050586964461e-12 2.186198617970536162e-11 2.087609425605041480e-11
4.851500000000000057e+01 2.190156250000000000e+03 9.558642939666572858e-12 2.240388950747185248e-11 2.053905136245592900e-11
4.940599999999999881e+01 2.189843750000000000e+03 9.784018213665479635e-12 2.228957816929888480e-11 2.054091272074565211e-11
5.029699999999999704e+01 2.189062500000000000e+03 9.734275017991844692e-12 2.243900204534909903e-11 2.093320308760304727e-11
5.117199999999999704e+01 2.190468750000000000e+03 9.932014412294964956e-12 2.215712509301415167e-11 2.085047932920414127e-11
5.204699999999999704e+01 2.190156250000000000e+03 9.764365531406138388e-12 2.182985389675984322e-11 2.132807645771617189e-11
5.293699999999999761e+01 2.191406250000000000e+03 1.018871619018479890e-11 2.237361164392215329e-11 2.133544209359516941e-11
5.381199999999999761e+01 2.190000000000000000e+03 9.701111441939858082e-12 2.237268183213902972e-11 2.107935874462452119e-11
5.468699999999999761e+01 2.190000000000000000e+03 9.710321088873818951e-12 2.211721084055540132e-11 2.094180037714998832e-11
5.557800000000000296e+01 2.190312500000000000e+03 9.897015498805394884e-12 2.206746070598786247e-11 2.120947861783406552e-11
5.645300000000000296e+01 2.190000000000000000e+03 9.862008779060182917e-12 2.174210637917450839e-11 2.066852244908545799e-11
5.732800000000000296e+01 2.190312500000000000e+03 9.540214104819533247e-12 2.200596302404100868e-11 2.091227538358886306e-11
5.821800000000000352e+01 2.190000000000000000e+03 9.298258343837240147e-12 2.152276100397809699e-11 2.090114886721394782e-11
5.909300000000000352e+01 2.190312500000000000e+03 9.658124994205152802e-12 2.209431422539598344e-11 2.116066696866703012e-11
5.996800000000000352e+01 2.190625000000000000e+03 9.967025468848866865e-12 2.164188446507342434e-11 2.103760395055775945e-11
6.084300000000000352e+01 2.190000000000000000e+03 9.566620065570852205e-12 2.201403816182168072e-11 2.054815692598133126e-11
6.173400000000000176e+01 2.190937500000000000e+03 9.686993394930620838e-12 2.216634514828896840e-11 2.102782357960020221e-11
6.262500000000000000e+01 2.192031250000000000e+03 9.573993507705491623e-12 2.215425412566141006e-11 2.110453652115484857e-11
6.350000000000000000e+01 2.189843750000000000e+03 9.634787759282836817e-12 2.209678967579620235e-11 2.071393230551610287e-11
6.437500000000000000e+01 2.190312500000000000e+03 9.630489114509366289e-12 2.165004113485746728e-11 2.068797737286853788e-11
6.526500000000000057e+01 2.190000000000000000e+03 9.857097776899692576e-12 2.174935578858061547e-11 2.102905870271509770e-11
6.615600000000000591e+01 2.190312500000000000e+03 9.642162068779214223e-12 2.210791272272416563e-11 2.074406098284686806e-11
6.703100000000000591e+01 2.190156250000000000e+03 9.685146781790443526e-12 2.138518702399228033e-11 2.081773295414812708e-11
6.790600000000000591e+01 2.189687500000000000e+03 9.574605865092511436e-12 2.201090004705363867e-11 2.059528068920624122e-11
6.879699999999999704e+01 2.190312500000000000e+03 9.529777141026318787e-12 2.169469812129953823e-11 2.083863463731017163e-11
6.968699999999999761e+01 2.190937500000000000e+03 9.601625917954326184e-12 2.180266557572085873e-11 2.086564775127808247e-11
7.057800000000000296e+01 2.190000000000000000e+03 9.506440773465740790e-12 2.189490602710897349e-11 2.097097322184549029e-11
7.145300000000000296e+01 2.191406250000000000e+03 9.391599477270862195e-12 2.140598462374576627e-11 2.104190259533122997e-11
7.234300000000000352e+01 2.190312500000000000e+03 9.911138749985060059e-12 2.160749357216218414e-11 2.077906076369817612e-11
7.321800000000000352e+01 2.190000000000000000e+03 1.014757462086679496e-11 2.148897032538954477e-11 2.064150760039407118e-11
7.409300000000000352e+01 2.189843750000000000e+03 1.150782767689317865e-11 2.168303731009402213e-11 2.127250112171630292e-11
7.498399999999999466e+01 2.190312500000000000e+03 1.606452644520306450e-11 2.106427705872437883e-11 2.114707020606232390e-11
7.585899999999999466e+01 2.190781250000000000e+03 2.847325673849265826e-11 2.118621944546816849e-11 2.091662607006661290e-11
7.675000000000000000e+01 2.189843750000000000e+03 5.824168231027826437e-11 2.167970143684971873e-11 2.111559538331420072e-11
7.764000000000000057e+01 2.189687500000000000e+03 1.001357191610097175e-10 2.125211638615009946e-11 2.137137515567655299e-11
7.851500000000000057e+01 2.190000000000000000e+03 3.402820018375655977e+38 2.167414685227964100e-11 2.108466526373753425e-11
7.939000000000000057e+01 2.189687500000000000e+03 3.402820018375655977e+38 2.112173110024873068e-11 2.072875378289484871e-11
8.028100000000000591e+01 2.190781250000000000e+03 9.448342108697715958e-11 2.172975514802555352e-11 2.133676915705429167e-11
8.115600000000000591e+01 2.190000000000000000e+03 5.374634765020758209e-11 2.120832676144601692e-11 2.102411300608508782e-11
8.203100000000000591e+01 2.190000000000000000e+03 2.239970882389474838e-11 2.155222875166451502e-11 2.098085594148813016e-11
8.292199999999999704e+01 2.189843750000000000e+03 1.357062552609367145e-11 2.414377725523664253e-11 2.127497830683999780e-11
8.379699999999999704e+01 2.189843750000000000e+03 1.142676404886078245e-11 4.080830465214013714e-11 2.153134788518418219e-11
8.468699999999999761e+01 2.190000000000000000e+03 1.038953038184908806e-11 4.420248889136502157e-11 2.154068069748493741e-11
8.556199999999999761e+01 2.191875000000000000e+03 9.960881945658695003e-12 4.559930558145630641e-11 2.167995991064763928e-11
8.643699999999999761e+01 2.192968750000000000e+03 9.734275885353582680e-12 3.564675984946141796e-11 2.103576340894974805e-11
8.732800000000000296e+01 2.196562500000000000e+03 9.758222875577704514e-12 2.826405949563071118e-11 2.066975236802992555e-11
8.821800000000000352e+01 2.207343750000000000e+03 9.813495502331015530e-12 2.507012826502563740e-11 2.093750693654694572e-11
8.910899999999999466e+01 2.215937500000000000e+03 9.601010091120354417e-12 2.364757695216823663e-11 2.103084720261882978e-11
8.998399999999999466e+01 2.222812500000000000e+03 9.766821899848121546e-12 2.282591476943096609e-11 2.064519041833356994e-11
9.085899999999999466e+01 2.235000000000000000e+03 9.919736906893739103e-12 2.238680074651000496e-11 2.122674432059046268e-11
9.175000000000000000e+01 2.238593750000000000e+03 9.622503314987707057e-12 2.198886212001482932e-11 2.064702749049462938e-11
9.262500000000000000e+01 2.247343750000000000e+03 9.892716854031924356e-12 2.125623461968206840e-11 2.117271288848421307e-11
9.350000000000000000e+01 2.254687500000000000e+03 9.677775941741018073e-12 2.141528274157700196e-11 2.043154881392617028e-11
9.439000000000000057e+01 2.260000000000000000e+03 9.961498639854404757e-12 2.146714576933828056e-11 2.065562304531809446e-11
9.526500000000000057e+01 2.263593750000000000e+03 1.038891628973859227e-11 2.134109208795642587e-11 2.078090477475313946e-11
9.615600000000000591e+01 2.265781250000000000e+03 1.003703196944538689e-11 2.113471203601946513e-11 2.100934877458104921e-11
9.703100000000000591e+01 2.271718750000000000e+03 1.017888984905512828e-11 2.122490551370592726e-11 2.114275421405409361e-11
9.792199999999999704e+01 2.272500000000000000e+03 1.009291868830919370e-11 2.098478162071426567e-11 2.127682578734191310e-11
9.879699999999999704e+01 2.274062500000000000e+03 1.003334741678241215e-11 2.095900016041429836e-11 2.075594383865730919e-11
9.968699999999999761e+01 2.274687500000000000e+03 1.015125657144455573e-11 2.084968482585214389e-11 2.094687617804069646e-11
1.005619999999999976e+02 2.274687500000000000e+03 9.807357183311271598e-12 2.103391766317130873e-11 2.044945983381563082e-11
1.014369999999999976e+02 2.274843750000000000e+03 1.002720476095397828e-11 2.083750880177426268e-11 2.087976840037253368e-11
1.023280000000000030e+02 2.275000000000000000e+03 9.853414091598455826e-12 2.048653260922073116e-11 2.046306353531424094e-11
1.032030000000000030e+02 2.273750000000000000e+03 1.039935585561702069e-11 2.086319658700652724e-11 2.081590975977487545e-11
1.040930000000000035e+02 2.274218750000000000e+03 9.867536475416383013e-12 2.047814348649090732e-11 2.075284562252921461e-11
1.049839999999999947e+02 2.272500000000000000e+03 9.659350576340930417e-12 2.068550539191527093e-11 2.079196016746553966e-11
1.058589999999999947e+02 2.272812500000000000e+03 9.891487802449194788e-12 2.054461982481381455e-11 2.034874352352389337e-11
1.067339999999999947e+02 2.270000000000000000e+03 1.008063597873753992e-11 2.091600850850916515e-11 2.055429437763933720e-11
1.076250000000000000e+02 2.270781250000000000e+03 9.835602818308863959e-12 2.059035060508751513e-11 2.028838902434770830e-11
1.085000000000000000e+02 2.270156250000000000e+03 9.615751771219205324e-12 2.057428359625301795e-11 2.089744349786926136e-11
1.093750000000000000e+02 2.266718750000000000e+03 9.727517402691177040e-12 2.102534986392345928e-11 2.057701578572768142e-11
1.102650000000000006e+02 2.253593750000000000e+03 9.862624605894154683e-12 2.084986003292321755e-11 2.091535278303524592e-11
1.111400000000000006e+02 2.265000000000000000e+03 9.608995023280275660e-12 2.048490196915331296e-11 2.092030715328263568e-11
1.120150000000000006e+02 2.264843750000000000e+03 9.610225809586481205e-12 2.023134264284021100e-11 2.061506174100280475e-11
1.129060000000000059e+02 2.264375000000000000e+03 9.575837518760454969e-12 2.057517697884314600e-11 2.047046733510970995e-11
1.137810000000000059e+02 2.261093750000000000e+03 9.504596762410777444e-12 2.050026121080961161e-11 2.077660266053271698e-11
1.146719999999999970e+02 2.260312500000000000e+03 9.783404988916721834e-12 2.028139461929256981e-11 2.083812115916128249e-11
1.155469999999999970e+02 2.262343750000000000e+03 9.476964352161942884e-12 2.053287748160492754e-11 2.091783517232936873e-11
1.164219999999999970e+02 2.260000000000000000e+03 9.270620729417977657e-12 2.046402283739645611e-11 2.032339400936944429e-11
1.173119999999999976e+02 2.259687500000000000e+03 9.093142037952528511e-12 2.036515574233010994e-11 2.080537478410526830e-11
1.182030000000000030e+02 2.258906250000000000e+03 9.538372695849783867e-12 2.032773775695329022e-11 2.094118628503949253e-11
1.190780000000000030e+02 2.258750000000000000e+03 9.149025287369383364e-12 2.011270490431815716e-11 2.081774856665941087e-11
1.199530000000000030e+02 2.257812500000000000e+03 9.356597094334340170e-12 2.021530859375175737e-11 2.094625861648324872e-11
1.208430000000000035e+02 2.257343750000000000e+03 9.221487289046148561e-12 2.035410034961770975e-11 2.045873713496515478e-11
1.217180000000000035e+02 2.256406250000000000e+03 9.428448473347561531e-12 2.034318373478338771e-11 2.089805932470323313e-11
1.225930000000000035e+02 2.254843750000000000e+03 8.873292725586345853e-12 2.049472917764472157e-11 2.072378900430660309e-11
1.234680000000000035e+02 2.254843750000000000e+03 9.335105605190463507e-12 2.042351184006196974e-11 2.075655619604432900e-11
1.243589999999999947e+02 2.254843750000000000e+03 9.267548534142022731e-12 2.055369069386969727e-11 2.091970173478951978e-11
1.252339999999999947e+02 2.254218750000000000e+03 9.185873416084344711e-12 2.008573515843714574e-11 2.019810881048744733e-11
1.261250000000000000e+02 2.252500000000000000e+03 9.389758068301112814e-12 2.008634578110068958e-11 2.049951874916189354e-11
1.270000000000000000e+02 2.250625000000000000e+03 9.550045650119631802e-12 2.029207184228720706e-11 2.098233045644271044e-11
1.278900000000000006e+02 2.250000000000000000e+03 9.368878936544255964e-12 2.009862762331060537e-11 2.029313002360755291e-11
1.287649999999999864e+02 2.250468750000000000e+03 9.162537048523766714e-12 2.023987054344811298e-11 2.031475855590603175e-11
1.296399999999999864e+02 2.247187500000000000e+03 9.195085665103519545e-12 2.017599802506264695e-11 2.038910013046901781e-11
1.305310000000000059e+02 2.247031250000000000e+03 9.262023439871036601e-12 2.010714164613069954e-11 2.066668190747744660e-11
1.314219999999999970e+02 2.245937500000000000e+03 9.303168478635992500e-12 2.007995679453866700e-11 2.079363591034333325e-11
1.322969999999999970e+02 2.242187500000000000e+03 8.916892398069808934e-12 2.032094111037441309e-11 2.068571702817934010e-11
1.331870000000000118e+02 2.242187500000000000e+03 9.027433314767741024e-12 1.953620425154678486e-11 2.046429171953523252e-11
1.340780000000000030e+02 2.242343750000000000e+03 9.177272657090451702e-12 1.974257909931331767e-11 2.031172625927002429e-11
1.349530000000000030e+02 2.240468750000000000e+03 9.190171193496077251e-12 2.022697287440422542e-11 2.038910880408639770e-11
1.358280000000000030e+02 2.240156250000000000e+03 8.733277122308091833e-12 1.988716830103598454e-11 2.058868006638014947e-11
1.367179999999999893e+02 2.240000000000000000e+03 8.818022700918248802e-12 1.991255077493647718e-11 2.044451587190909692e-11
1.375929999999999893e+02 2.239843750000000000e+03 8.802053703960144304e-12 1.981367847569970309e-11 2.066238499742745205e-11
1.384679999999999893e+02 2.240000000000000000e+03 8.980761447008323017e-12 1.998133429548243356e-11 2.086503886333801461e-11
1.393590000000000089e+02 2.239843750000000000e+03 8.849339663830058100e-12 1.981302448494925983e-11 2.054338817114587101e-11
1.402340000000000089e+02 2.238437500000000000e+03 8.602471165963798683e-12 1.990333765855556436e-11 2.062615356290820046e-11
1.411090000000000089e+02 2.239687500000000000e+03 8.822321345691719330e-12 1.948943090246402221e-11 2.047323248433041698e-11
1.420149999999999864e+02 2.239062500000000000e+03 9.181573036587398207e-12 1.980324237926822661e-11 2.055944824108646429e-11
1.429060000000000059e+02 2.237812500000000000e+03 8.848722969634348345e-12 1.961652888737841494e-11 2.034366078373928133e-11
1.437969999999999970e+02 2.237656250000000000e+03 9.065507025618479986e-12 1.969190956130351111e-11 2.071826911420604489e-11
1.446870000000000118e+02 2.237343750000000000e+03 9.047086864388820260e-12 1.958400108748037383e-11 2.080178564123347229e-11
1.455780000000000030e+02 2.237500000000000000e+03 9.094367620088306126e-12 1.985544020866036874e-11 2.020732366159183613e-11
1.464840000000000089e+02 2.237343750000000000e+03 8.721603300676505910e-12 1.986403402876035784e-11 2.056289687135670619e-11
1.473750000000000000e+02 2.236718750000000000e+03 8.800208825543442970e-12 1.979034471022433905e-11 2.046279118372851258e-11
1.482649999999999864e+02 2.235312500000000000e+03 8.840124812725669301e-12 1.918585429416808097e-11 2.082327713037734895e-11
1.491560000000000059e+02 2.235625000000000000e+03 9.203681219926984625e-12 1.966967214106496442e-11 2.062371107225402511e-11
1.500469999999999970e+02 2.235312500000000000e+03 9.032958409038727154e-12 1.986894676564432416e-11 2.075656140021475693e-11
1.509370000000000118e+02 2.235000000000000000e+03 8.937157437716169994e-12 1.958461691431434559e-11 2.047508169955580826e-11
1.518429999999999893e+02 2.235156250000000000e+03 8.765209912053872898e-12 1.951890211959739219e-11 1.983032661689865250e-11
1.527340000000000089e+02 2.234687500000000000e+03 8.708709968441308291e-12 1.967365853561275912e-11 2.086259116851341133e-11
1.536250000000000000e+02 2.234843750000000000e+03 8.755996795672960076e-12 1.947565199389433843e-11 2.071392189717524701e-11
1.545000000000000000e+02 2.234843750000000000e+03 9.026202528461535479e-12 1.939608890166866217e-11 2.033566891268545618e-11
1.553899999999999864e+02 2.235000000000000000e+03 9.082086645240128320e-12 1.955820574939259870e-11 2.056166695241223863e-11
1.562810000000000059e+02 2.232968750000000000e+03 8.890487304680227965e-12 1.931502006946583805e-11 2.045603617051305889e-11
1.571560000000000059e+02 2.232343750000000000e+03 8.841970558504108624e-12 1.986554497290793364e-11 2.075327062978082893e-11
1.580310000000000059e+02 2.232500000000000000e+03 8.864694568677666808e-12 1.948390580819303608e-11 2.057118711484839935e-11
1.589219999999999970e+02 2.231875000000000000e+03 8.926721341284693523e-12 1.927755871600211890e-11 2.047850951314433843e-11
1.598120000000000118e+02 2.230625000000000000e+03 8.794070506523699038e-12 1.930201831701339188e-11 2.040998273167282662e-11
1.607030000000000030e+02 2.232031250000000000e+03 8.598170786466852178e-12 1.961652541793146298e-11 2.073740484886954505e-11
1.615780000000000030e+02 2.226406250000000000e+03 9.075949193582122376e-12 1.944846193813187796e-11 2.033514849564266314e-11
1.624679999999999893e+02 2.224375000000000000e+03 9.498452371858867593e-12 1.974183143349517167e-11 2.025791687176869971e-11
1.633429999999999893e+02 2.224843750000000000e+03 1.038093569438736097e-11 1.946082357762168868e-11 2.002062925166026019e-11
1.642179999999999893e+02 2.222656250000000000e+03 1.707044228194121160e-11 1.963681647842996369e-11 2.069909001145564531e-11
1.651090000000000089e+02 2.222656250000000000e+03 1.105645869997617936e-11 1.954917998314709138e-11 2.047262533111382510e-11
1.659840000000000089e+02 2.222656250000000000e+03 9.372565223930706679e-12 2.008266122843771484e-11 2.007068990172999889e-11
1.668750000000000000e+02 2.222343750000000000e+03 9.262022572509298612e-12 2.109578310649506960e-11 2.066882429097027796e-11
1.677500000000000000e+02 2.227500000000000000e+03 9.150869298424346709e-12 2.350128425199216053e-11 2.028592918645877319e-11
1.686399999999999864e+02 2.236250000000000000e+03 9.187102467667074279e-12 2.039941653098065188e-11 2.053164409321350803e-11
1.695310000000000059e+02 2.258906250000000000e+03 9.581360010946227135e-12 2.085336764379164265e-11 2.099754051188007509e-11
1.704219999999999970e+02 2.302187500000000000e+03 1.148940144413135300e-11 1.989335779439826979e-11 2.049147657112726506e-11
1.712969999999999970e+02 2.348125000000000000e+03 1.197148456755225965e-11 1.974813888805382334e-11 2.055635869857574960e-11
1.721719999999999970e+02 2.373437500000000000e+03 1.180444370724176295e-11 1.958440180860332447e-11 2.091906682599731226e-11
1.730469999999999970e+02 2.377343750000000000e+03 1.191375730708044145e-11 1.964173268476088197e-11 2.078949859485312857e-11
1.739370000000000118e+02 2.375000000000000000e+03 1.148080849139310189e-11 1.955844687595575948e-11 2.049889945288096982e-11
1.748280000000000030e+02 2.375000000000000000e+03 1.135859462042532186e-11 1.970621062163946391e-11 2.035839205549727637e-11
1.757030000000000030e+02 2.370468750000000000e+03 1.097048146769807886e-11 1.935863101765189498e-11 2.103090791794048897e-11
1.765780000000000030e+02 2.367812500000000000e+03 1.061491346210363673e-11 1.946019387299990910e-11 2.084415279268725385e-11
1.774679999999999893e+02 2.367187500000000000e+03 1.054551671680892255e-11 1.925876645658686215e-11 2.076459143518505357e-11
1.783429999999999893e+02 2.364375000000000000e+03 1.013774654501364836e-11 1.938993930694632439e-11 2.057517524411967003e-11
1.792179999999999893e+02 2.361562500000000000e+03 1.011133884953885342e-11 1.966076780546277547e-11 2.051069730724108808e-11
1.801090000000000089e+02 2.360312500000000000e+03 9.934473382822162080e-12 1.911232283546837607e-11 2.062738001240571606e-11
1.810000000000000000e+02 2.360000000000000000e+03 9.542672207984992383e-12 1.934450516438701584e-11 2.043515703875620204e-11
1.818750000000000000e+02 2.358750000000000000e+03 9.527934864694831418e-12 1.930633951319205011e-11 2.041612365277778451e-11
1.827500000000000000e+02 2.355312500000000000e+03 9.260182898263025209e-12 1.931127827092815608e-11 2.067834271868296270e-11
1.836250000000000000e+02 2.352031250000000000e+03 9.489244459648382701e-12 1.936783719513890389e-11 2.095304658944474596e-11
1.845149999999999864e+02 2.352343750000000000e+03 9.154552116363845471e-12 1.914061444063808182e-11 2.066975236802992555e-11
1.854060000000000059e+02 2.349843750000000000e+03 9.216577154247396209e-12 1.916237481192073489e-11 2.065337310896975254e-11
1.862810000000000059e+02 2.348125000000000000e+03 9.001027354016422066e-12 1.905340989150072772e-11 2.063535800567173339e-11
1.871719999999999970e+02 2.347343750000000000e+03 9.197541166183764716e-12 1.878995223303370210e-11 2.004288922330399458e-11
1.880620000000000118e+02 2.344062500000000000e+03 9.198769350404756295e-12 1.921246148284261324e-11 2.044019641045391467e-11
1.889370000000000118e+02 2.342500000000000000e+03 8.988130552334272494e-12 1.880469911730298094e-11 2.056350922874372600e-11
1.898280000000000030e+02 2.340000000000000000e+03 9.034184858536242757e-12 1.907834480674441835e-11 2.052855628542626931e-11
1.907030000000000030e+02 2.337343750000000000e+03 8.740026931353117590e-12 1.876568692105173852e-11 2.025481865564060513e-11
1.915780000000000030e+02 2.334843750000000000e+03 9.040330116449890596e-12 1.919388779858532956e-11 2.058848404262736409e-11
1.924679999999999893e+02 2.332500000000000000e+03 8.657124496436185979e-12 1.857537040850232302e-11 2.026320951309390495e-11
1.933429999999999893e+02 2.330312500000000000e+03 8.894784214730222516e-12 1.899060075860603547e-11 2.052420559894851948e-11
1.942340000000000089e+02 2.329687500000000000e+03 8.958037436834764833e-12 1.880461238112918210e-11 2.060207733578511835e-11
1.951250000000000000e+02 2.328593750000000000e+03 8.812496739285524683e-12 1.875004318474537968e-11 2.033935520007190689e-11
1.960000000000000000e+02 2.326562500000000000e+03 8.697653708367170111e-12 1.886672068573957972e-11 2.080976016505253767e-11
1.968899999999999864e+02 2.325000000000000000e+03 9.056907133986324965e-12 1.896156148761818372e-11 2.051063138774900096e-11
1.977649999999999864e+02 2.322500000000000000e+03 8.733273652861139880e-12 1.881510398871188983e-11 2.050013457599586530e-11
1.986399999999999864e+02 2.320000000000000000e+03 8.917508224903780700e-12 1.876877819828592919e-11 2.022640215038062905e-11
1.995310000000000059e+02 2.319218750000000000e+03 8.832762646293623732e-12 1.877371175185160723e-11 2.098085247204117820e-11
2.004060000000000059e+02 2.317500000000000000e+03 8.810649258783609383e-12 1.907154122127163731e-11 2.010715205447155540e-11
2.012810000000000059e+02 2.317968750000000000e+03 8.821089692023775797e-12 1.920563187651769255e-11 2.059775960905341208e-11
2.021719999999999970e+02 2.331562500000000000e+03 8.806966440844110622e-12 1.857809565908308258e-11 2.044068039830371220e-11
2.030620000000000118e+02 2.316406250000000000e+03 8.755378366753774344e-12 1.883426747895100561e-11 2.067315069131936411e-11
2.039370000000000118e+02 2.316093750000000000e+03 8.503592795194858667e-12 1.877214703127627615e-11 2.024785547560803423e-11
2.048120000000000118e+02 2.315156250000000000e+03 8.530002225393129578e-12 1.883417033443635091e-11 2.062371974587140500e-11
2.057030000000000030e+02 2.315000000000000000e+03 8.726516904922210216e-12 1.912096869727264448e-11 2.061135116748769036e-11
2.065780000000000030e+02 2.311562500000000000e+03 8.867154406566601921e-12 1.868064383736545153e-11 2.022825136560602033e-11
2.074530000000000030e+02 2.304218750000000000e+03 8.473503149142302959e-12 1.840735897040701730e-11 2.044884574170513503e-11
2.083429999999999893e+02 2.300000000000000000e+03 8.430516701407597679e-12 1.836774309038613495e-11 2.027212252231347378e-11
2.092179999999999893e+02 2.297343750000000000e+03 8.683530457187504936e-12 1.894425241677488714e-11 2.050445403745104755e-11
2.101090000000000089e+02 2.297812500000000000e+03 8.745558964518007627e-12 1.874942909263488389e-11 2.073729903073751046e-11
2.109840000000000089e+02 2.297187500000000000e+03 8.655896312215194399e-12 1.886454187305375285e-11 2.035532679911522536e-11
2.118590000000000089e+02 2.295000000000000000e+03 8.706250997914111167e-12 1.829867334046664240e-11 2.086073848384106810e-11
2.127500000000000000e+02 2.294375000000000000e+03 9.041556565947406199e-12 1.837517117631026764e-11 2.030742761449655376e-11
2.136250000000000000e+02 2.292656250000000000e+03 8.412093070730986000e-12 1.878730504500936149e-11 2.055389018706943460e-11
2.145149999999999864e+02 2.291718750000000000e+03 8.495001577180083530e-12 1.902024718281047910e-11 2.036666668647768574e-11
2.154060000000000059e+02 2.290000000000000000e+03 8.337173833250499655e-12 1.853693934461553283e-11 1.997120871455315694e-11
2.162810000000000059e+02 2.289218750000000000e+03 8.326733400010333241e-12 1.868782038838556758e-11 2.009616778542167026e-11
2.171560000000000059e+02 2.289062500000000000e+03 8.489472146100407457e-12 1.850929826074931839e-11 2.053473537044769870e-11
2.180469999999999970e+02 2.287500000000000000e+03 8.621507154027430175e-12 1.829298518218891445e-11 2.076335457734668211e-11
2.189219999999999970e+02 2.286718750000000000e+03 8.325504348427603674e-12 1.851296199673058140e-11 2.053588202266531937e-11
2.197969999999999970e+02 2.284687500000000000e+03 8.572988673127834858e-12 1.851176503753215741e-11 1.989705449012557636e-11
2.206870000000000118e+02 2.282812500000000000e+03 8.451398435249668495e-12 1.840367441774404256e-11 2.024679035539378447e-11
2.215620000000000118e+02 2.282812500000000000e+03 8.048543602423574583e-12 1.798669720110002146e-11 2.002063792527764008e-11
2.224530000000000030e+02 2.280625000000000000e+03 8.616592682419987881e-12 1.854447671811865206e-11 2.061692136456905189e-11
2.233280000000000030e+02 2.278437500000000000e+03 8.297254376621321370e-12 1.833120981398206339e-11 2.025338230460249633e-11
2.242179999999999893e+02 2.277500000000000000e+03 8.391723080314328342e-12 1.804829896645543386e-11 2.011704518245505113e-11
2.250929999999999893e+02 2.275468750000000000e+03 8.368492530885784930e-12 1.829792914409544835e-11 1.989781256428457823e-11
2.259679999999999893e+02 2.274375000000000000e+03 8.383229006814207906e-12 1.806436597528993104e-11 1.984885866779251273e-11
2.268590000000000089e+02 2.273750000000000000e+03 8.339016976943725012e-12 1.813172008369168253e-11 1.989535966528954702e-11
2.277340000000000089e+02 2.272812500000000000e+03 8.402269331686529341e-12 1.835353743984136088e-11 2.041053610846166322e-11
2.286090000000000089e+02 2.272343750000000000e+03 8.625190839328666925e-12 1.833562468522842437e-11 2.006883201288722773e-11
2.294840000000000089e+02 2.269843750000000000e+03 8.746171321905027440e-12 1.823614176332810644e-11 2.019074143988497383e-11
2.303750000000000000e+02 2.267343750000000000e+03 8.570531437324113710e-12 1.770114263499600327e-11 2.011332593532255686e-11
2.312500000000000000e+02 2.266875000000000000e+03 8.523859569564695704e-12 1.816261030462840154e-11 1.994958018225467811e-11
2.321399999999999864e+02 2.265312500000000000e+03 8.186097633089417513e-12 1.832384764755001783e-11 2.010529243090530827e-11
2.330149999999999864e+02 2.263750000000000000e+03 8.271464242703974179e-12 1.808289629146031530e-11 1.992980433462854251e-11
2.339060000000000059e+02 2.263125000000000000e+03 8.144339369575703813e-12 1.804087955414868105e-11 2.026136029786851367e-11
2.347810000000000059e+02 2.262187500000000000e+03 8.483945317105945350e-12 1.793769126290367666e-11 1.971353982832546592e-11
2.356560000000000059e+02 2.262343750000000000e+03 8.304011991921989022e-12 1.841470725905125505e-11 1.995185267000820772e-11
2.365469999999999970e+02 2.262343750000000000e+03 8.382618384150664070e-12 1.813961134078390103e-11 2.016399200388541146e-11
2.374219999999999970e+02 2.260000000000000000e+03 8.329801258477598225e-12 1.801433308079580797e-11 2.015966213408937335e-11
2.383120000000000118e+02 2.257500000000000000e+03 8.283131992803394184e-12 1.813047628695940716e-11 2.007037418205737112e-11
2.391870000000000118e+02 2.256718750000000000e+03 8.204527335298195112e-12 1.793892638601857215e-11 1.995185440473168370e-11
2.400620000000000118e+02 2.257343750000000000e+03 9.260796123011783010e-12 1.790432732629021473e-11 1.984623403117335982e-11
2.409530000000000030e+02 2.256406250000000000e+03 1.410490474418324425e-11 1.779371962273845753e-11 2.007221819311233446e-11
2.418429999999999893e+02 2.255000000000000000e+03 1.682357204935147621e-11 1.795661015713267972e-11 1.970179748511657891e-11
2.427179999999999893e+02 2.255312500000000000e+03 9.889641189309017477e-12 1.788455494811103108e-11 1.963497420209847633e-11
2.436090000000000089e+02 2.255000000000000000e+03 8.598165582296424247e-12 1.822742998203175091e-11 2.029869154707153456e-11
2.445000000000000000e+02 2.255000000000000000e+03 8.485788460799170707e-12 1.829927355478933038e-11 2.042779140287720452e-11
2.453750000000000000e+02 2.253593750000000000e+03 8.666949970204118614e-12 1.846785051273780454e-11 2.027150322603255006e-11
2.462500000000000000e+02 2.255468750000000000e+03 8.424469455370342530e-12 1.894301555893651567e-11 2.022943618174011249e-11
2.471399999999999864e+02 2.256875000000000000e+03 8.275756815945278788e-12 1.835354090928831283e-11 1.977532720909280783e-11
2.480149999999999864e+02 2.257656250000000000e+03 8.138201917917697870e-12 1.855659549632182603e-11 2.025235534830471806e-11
2.488899999999999864e+02 2.261562500000000000e+03 8.369103153549328766e-12 1.830173859684869342e-11 1.980139836821326327e-11
2.497810000000000059e+02 2.270156250000000000e+03 8.485788460799170707e-12 1.831089967152532694e-11 2.040558520766122541e-11
2.506719999999999970e+02 2.278437500000000000e+03 8.383844833648179673e-12 1.812615162133379698e-11 2.018091770084051717e-11
2.515469999999999970e+02 2.289218750000000000e+03 8.234613511903798866e-12 1.814592399951298063e-11 1.964909485119292754e-11
2.524219999999999970e+02 2.307343750000000000e+03 8.888028334153030841e-12 1.798032382704928267e-11 2.002800009170968565e-11
2.533120000000000118e+02 2.330625000000000000e+03 9.264481543036495736e-12 1.847587881298462520e-11 2.038787541569497819e-11
2.541870000000000118e+02 2.362031250000000000e+03 1.069965990807553169e-11 1.874157946890608883e-11 2.046647920583843927e-11
2.550780000000000030e+02 2.408750000000000000e+03 1.292212691017535775e-11 2.060022812055972707e-11 2.087179214182999232e-11
2.559530000000000030e+02 2.460000000000000000e+03 1.497202362088501104e-11 2.238987467650943586e-11 2.107690758035296597e-11
2.568279999999999745e+02 2.503906250000000000e+03 1.619472264624555180e-11 2.665505663412837123e-11 2.149125322148393025e-11
2.577180000000000177e+02 2.545312500000000000e+03 1.597486032345329932e-11 3.294343270399124890e-11 2.134159168831750719e-11
2.586089999999999804e+02 2.595625000000000000e+03 1.459987512830718259e-11 4.384996879491787070e-11 2.157556772131030698e-11
2.594839999999999804e+02 2.637343750000000000e+03 1.338332136086028967e-11 5.382436510381616301e-11 2.177424213156697874e-11
2.603750000000000000e+02 2.672812500000000000e+03 1.243083674190570420e-11 5.924628149189814508e-11 2.134727290770133123e-11
2.612500000000000000e+02 2.702656250000000000e+03 1.180014332774481645e-11 5.694958740698474742e-11 2.103207885628677332e-11
2.621399999999999864e+02 2.729531250000000000e+03 1.145685456227507615e-11 4.765443942233993369e-11 2.098479202905512153e-11
2.630470000000000255e+02 2.751406250000000000e+03 1.177558051068672285e-11 3.506530482644265589e-11 2.094563932020232500e-11
2.639370000000000118e+02 2.777968750000000000e+03 1.108715896869227890e-11 2.545446839419263085e-11 2.074038336907779723e-11
2.648279999999999745e+02 2.794843750000000000e+03 1.076843822445106014e-11 2.100866876297846630e-11 2.078251286341536996e-11
2.657029999999999745e+02 2.808437500000000000e+03 1.026364063183571318e-11 1.964049756164598648e-11 2.051745405518001775e-11
2.665779999999999745e+02 2.825312500000000000e+03 1.009537071994248691e-11 1.919203164446603438e-11 2.044498251252413468e-11
2.674680000000000177e+02 2.835000000000000000e+03 9.422916440182671494e-12 1.906262127315816457e-11 2.024416571877463156e-11
2.683589999999999804e+02 2.855000000000000000e+03 9.335715360492269355e-12 1.869170096480132770e-11 2.044375606302661907e-11
2.692339999999999804e+02 2.870625000000000000e+03 9.198156993017736482e-12 1.887286507629148957e-11 2.091102811740963574e-11
2.701250000000000000e+02 2.881093750000000000e+03 9.171136072794183747e-12 1.837911767221811488e-11 2.078622343693048435e-11
2.710000000000000000e+02 2.893125000000000000e+03 9.228860731180787980e-12 1.860626062943904202e-11 2.075408941926148998e-11
2.718750000000000000e+02 2.902031250000000000e+03 8.686599183016507908e-12 1.848514917524024526e-11 2.018399163083994807e-11
2.727649999999999864e+02 2.922812500000000000e+03 8.894786816815436481e-12 1.838690831534872672e-11 2.059219982031290641e-11
2.736399999999999864e+02 2.931250000000000000e+03 8.719087084274601551e-12 1.842645307170709401e-11 2.043454641609265821e-11
2.745310000000000059e+02 2.940781250000000000e+03 8.884959608324027869e-12 1.839740859654881433e-11 2.055061502914679039e-11
2.754060000000000059e+02 2.952968750000000000e+03 8.786088176448991760e-12 1.824540865613677454e-11 2.069785662306422580e-11
2.762970000000000255e+02 2.960937500000000000e+03 8.697656310452384076e-12 1.828557097405258958e-11 2.010466793045395661e-11
2.771720000000000255e+02 2.971250000000000000e+03 9.068575751447482958e-12 1.819611301911994161e-11 2.034195208111544417e-11
2.780470000000000255e+02 2.986718750000000000e+03 8.851181940161545469e-12 1.872670594982306369e-11 2.067932630689384155e-11
2.789220000000000255e+02 3.003593750000000000e+03 8.958037436834764833e-12 1.822007648921708522e-11 2.038910706936292172e-11
2.798120000000000118e+02 3.015312500000000000e+03 8.551496316622220206e-12 1.838340937809768150e-11 2.063966185461563185e-11
2.806870000000000118e+02 3.025000000000000000e+03 8.609835067119320229e-12 1.837145886807167727e-11 2.064211301888718708e-11
2.815779999999999745e+02 3.034062500000000000e+03 8.743099126629072515e-12 1.810153589520968609e-11 2.044252267463519956e-11
2.824839999999999804e+02 3.049843750000000000e+03 8.907682751135848065e-12 1.822563107378716296e-11 2.040373425771235816e-11
2.833589999999999804e+02 3.055625000000000000e+03 8.744324708764850129e-12 1.831525209272655275e-11 2.038971595730298958e-11
2.842500000000000000e+02 3.065781250000000000e+03 8.749855007206264190e-12 1.802049134913552564e-11 2.052484918135810688e-11
2.851250000000000000e+02 3.075468750000000000e+03 9.093144640037742477e-12 1.802172820697389710e-11 2.042472094232472557e-11
2.860000000000000000e+02 3.080625000000000000e+03 8.752924600397005150e-12 1.818670387898624341e-11 2.066606781536695081e-11
2.868899999999999864e+02 3.120937500000000000e+03 8.587116261116189975e-12 1.795623198741491677e-11 2.000527868362134143e-11
2.877649999999999864e+02 3.128437500000000000e+03 8.915047519653107599e-12 1.814636635399935471e-11 2.005894582379763591e-11
2.886560000000000059e+02 3.136718750000000000e+03 8.767661943687166115e-12 1.823787128263365531e-11 2.034550132534729272e-11
2.895310000000000059e+02 3.145781250000000000e+03 8.590803415864378678e-12 1.845526856336654475e-11 2.047912360525483422e-11
2.904220000000000255e+02 3.158750000000000000e+03 8.880046004078323563e-12 1.831525556217350470e-11 2.055203229822666344e-11
2.912970000000000255e+02 3.173750000000000000e+03 8.645068168278147169e-12 1.841842477146027335e-11 2.066913133702552585e-11
2.921720000000000255e+02 3.189062500000000000e+03 8.826003296269480103e-12 1.823861374428137339e-11 2.073299865124056396e-11
2.930620000000000118e+02 3.206250000000000000e+03 8.790387688584200276e-12 1.815004223304494957e-11 2.055244516241394592e-11
2.939529999999999745e+02 3.218125000000000000e+03 8.677389536082547039e-12 1.827444966184810227e-11 2.051928592317064926e-11
2.948279999999999745e+02 3.229843750000000000e+03 8.581587697398251890e-12 1.827260044662271099e-11 2.058008971572711232e-11
2.957180000000000177e+02 3.244375000000000000e+03 8.674931432917087903e-12 1.807452451596525123e-11 2.055944997580994027e-11
2.965930000000000177e+02 3.262500000000000000e+03 8.685370998795516329e-12 1.834797418165390326e-11 2.043215770186623814e-11
2.974839999999999804e+02 3.277343750000000000e+03 8.771349098435354819e-12 1.838586748126314063e-11 2.094303896971183576e-11
2.983750000000000000e+02 3.290312500000000000e+03 8.867149202396173990e-12 1.865199140971274261e-11 2.044743888096611784e-11
2.992500000000000000e+02 3.310312500000000000e+03 9.040943341198648397e-12 1.882803461750182095e-11 2.060208080523207030e-11
3.001399999999999864e+02 3.324687500000000000e+03 9.257723060374090096e-12 1.887285813739758566e-11 2.050754184523828627e-11
3.010310000000000059e+02 3.335312500000000000e+03 9.049538028660375488e-12 1.870336177600684380e-11 2.072010965581405628e-11
3.019220000000000255e+02 3.342343750000000000e+03 8.773801997430386024e-12 1.862966898802387306e-11 2.058663135795502086e-11
3.027970000000000255e+02 3.364062500000000000e+03 8.846884162749812930e-12 1.874343562302538402e-11 2.079919569908383892e-11
3.036720000000000255e+02 3.379062500000000000e+03 8.923648278647000609e-12 1.876691510527273010e-11 2.086380200549964314e-11
3.045620000000000118e+02 3.388593750000000000e+03 8.630718535684867021e-12 1.908018881779938170e-11 2.058046094655097136e-11
3.054370000000000118e+02 3.403593750000000000e+03 8.738797879770388022e-12 1.938503350895626198e-11 2.071887453269916080e-11
3.063279999999999745e+02 3.418281250000000000e+03 8.685983356182536141e-12 1.906722002509297909e-11 2.083801013685881998e-11
3.072029999999999745e+02 3.430468750000000000e+03 8.752308773563033384e-12 1.911481910255030670e-11 2.056904126190861604e-11
3.080930000000000177e+02 3.447812500000000000e+03 8.897240583172205675e-12 1.925054039786378013e-11 2.102348156673983226e-11
3.089680000000000177e+02 3.463593750000000000e+03 8.803284490266349849e-12 1.964618918937066638e-11 2.019442946199490052e-11
3.098589999999999804e+02 3.478593750000000000e+03 8.846884162749812930e-12 1.951767567009987658e-11 2.084783734535022859e-11
3.107339999999999804e+02 3.493281250000000000e+03 8.708094141607336525e-12 1.999221101167680814e-11 2.045111822945866464e-11
3.116089999999999804e+02 3.511406250000000000e+03 8.709320591104852127e-12 1.996255070968455669e-11 2.086469191864281925e-11
3.124839999999999804e+02 3.525312500000000000e+03 8.537549139875366677e-12 2.015205537164721505e-11 2.073740831831649700e-11
3.133750000000000000e+02 3.539062500000000000e+03 9.210436233142438311e-12 2.070598553727265312e-11 2.065378423843355904e-11
3.142649999999999864e+02 3.556875000000000000e+03 8.843197008001624226e-12 2.088694321666917375e-11 2.093266358860201848e-11
3.151560000000000059e+02 3.575156250000000000e+03 8.682304007689989334e-12 2.078930430582381916e-11 2.041305666167225752e-11
3.160310000000000059e+02 3.585468750000000000e+03 8.565623037248837335e-12 2.125438540445667712e-11 2.076397560835108180e-11
3.169220000000000255e+02 3.600937500000000000e+03 8.883728822017822324e-12 2.145827092403518321e-11 2.045440553044564069e-11
3.177970000000000255e+02 3.617500000000000000e+03 8.831531859987418187e-12 2.167566126587416875e-11 2.073668493862701467e-11
3.186870000000000118e+02 3.636718750000000000e+03 8.899699553699402799e-12 2.180340109847467289e-11 2.078930777527077112e-11
3.195620000000000118e+02 3.651093750000000000e+03 8.681689048217755555e-12 2.192192434524731226e-11 2.089820330675173921e-11
3.204370000000000118e+02 3.664062500000000000e+03 8.966638195828657842e-12 2.183293996982360596e-11 2.093381891443701903e-11
3.213279999999999745e+02 3.678593750000000000e+03 8.841357333755350822e-12 2.245865646233191626e-11 2.086196146389163175e-11
3.222029999999999745e+02 3.694218750000000000e+03 8.623345960911965591e-12 2.206501301116325919e-11 2.092398650177518249e-11
3.230930000000000177e+02 3.706406250000000000e+03 8.644229429477512383e-12 2.208504906731079132e-11 2.049165351292181469e-11
3.239680000000000177e+02 3.712812500000000000e+03 8.615978590309492091e-12 2.224064508948853103e-11 2.015101800700858092e-11
3.248430000000000177e+02 3.742187500000000000e+03 8.922418359702533053e-12 2.199421894610864570e-11 2.083441578981659603e-11
3.257339999999999804e+02 3.752656250000000000e+03 8.354364942897429813e-12 2.189349916636995630e-11 2.048797416442926789e-11
3.266250000000000000e+02 3.764218750000000000e+03 8.766436361551388501e-12 2.185210172533924577e-11 2.076001870410237871e-11
3.275000000000000000e+02 3.772812500000000000e+03 8.573601897876592659e-12 2.132439363977667313e-11 2.070168168832875466e-11
3.283899999999999864e+02 3.777187500000000000e+03 8.622735338248421755e-12 2.034488376378984498e-11 2.070844364043811225e-11
3.292649999999999864e+02 3.783593750000000000e+03 8.614135446616266734e-12 2.009231322985804979e-11 2.108980004522642560e-11
3.301560000000000059e+02 3.791875000000000000e+03 8.485172633965198941e-12 1.993475003125855238e-11 2.075326889505735295e-11
3.310620000000000118e+02 3.794062500000000000e+03 8.742485901880314714e-12 1.960417592150598409e-11 2.037743411509307379e-11
3.319529999999999745e+02 3.797500000000000000e+03 8.522635722152394067e-12 1.896588268379684195e-11 2.037717043712472531e-11
3.328279999999999745e+02 3.798593750000000000e+03 8.318138712548606151e-12 1.914121812440772175e-11 2.059899126272135561e-11
3.337029999999999745e+02 3.799375000000000000e+03 8.423759953468668016e-12 1.873898432258602753e-11 2.015657085685518268e-11
3.345930000000000177e+02 3.800312500000000000e+03 8.191014706782073773e-12 1.838341458226810943e-11 2.041918543971288358e-11
3.354680000000000177e+02 3.800000000000000000e+03 8.502982172531314831e-12 1.859467267661951695e-11 2.029931951696983816e-11
3.363430000000000177e+02 3.800156250000000000e+03 8.273303049588509595e-12 1.862850325384801664e-11 2.075531586875900558e-11
3.372339999999999804e+02 3.800625000000000000e+03 8.233383592959331310e-12 1.837235572010875728e-11 2.133176621454957456e-11
3.381089999999999804e+02 3.800312500000000000e+03 8.325504348427603674e-12 1.818299850964155695e-11 2.081590455560444752e-11
3.390000000000000000e+02 3.799062500000000000e+03 8.385687977341405031e-12 1.779632170795242274e-11 2.042165221649572260e-11
3.398750000000000000e+02 3.799687500000000000e+03 8.399197136410574416e-12 1.778074909530857894e-11 2.076248201143826577e-11
3.407500000000000000e+02 3.798906250000000000e+03 8.186714327285127268e-12 1.787281433962562005e-11 2.025461742771739182e-11
3.416399999999999864e+02 3.797343750000000000e+03 8.281289716471906814e-12 1.738961405428618434e-11 2.096636579629329589e-11
3.425149999999999864e+02 3.797500000000000000e+03 8.439113123592800747e-12 1.738838413534171679e-11 2.064348171570973278e-11
3.433899999999999864e+02 3.797343750000000000e+03 8.546580977653039923e-12 1.752059261561633718e-11 2.065009795104710832e-11
3.442810000000000059e+02 3.795000000000000000e+03 8.171362024522732526e-12 1.717149859803424050e-11 2.073730770435489035e-11
3.451560000000000059e+02 3.795000000000000000e+03 8.444027595200243042e-12 1.727495056724759337e-11 2.093142326131669506e-11
3.460310000000000059e+02 3.792812500000000000e+03 8.165575854368611886e-12 1.781534988976041234e-11 2.050148592558365124e-11
3.469060000000000059e+02 3.793125000000000000e+03 8.436655887789079600e-12 1.727862297684623627e-11 2.057304500369117051e-11
3.477970000000000255e+02 3.788750000000000000e+03 8.436040928316845822e-12 1.773245786318433659e-11 2.074159767551098099e-11
3.486720000000000255e+02 3.789375000000000000e+03 8.491927647180652627e-12 1.745202073133444998e-11 2.067158944019098499e-11
3.495470000000000255e+02 3.785625000000000000e+03 8.521404935846188522e-12 1.725713322242583558e-11 2.034874178880041740e-11
3.504370000000000118e+02 3.782031250000000000e+03 8.359280281866610096e-12 1.708683194934224048e-11 2.049166045181571860e-11
3.513120000000000118e+02 3.781875000000000000e+03 8.293570691320084620e-12 1.722710168960972510e-11 2.042041535865735113e-11
3.521870000000000118e+02 3.781562500000000000e+03 8.156010589122075771e-12 1.709302144270452573e-11 2.038890584143970841e-11
3.530779999999999745e+02 3.780000000000000000e+03 8.757839072004447445e-12 1.714245238815248484e-11 2.041857308232586377e-11
3.539680000000000177e+02 3.778750000000000000e+03 8.220489393362395703e-12 1.701333171566510316e-11 2.113780851742408373e-11
3.548430000000000177e+02 3.777343750000000000e+03 8.240757902455708717e-12 1.707904824510553254e-11 2.046585817483403957e-11
3.557180000000000177e+02 3.777187500000000000e+03 8.516490464238746227e-12 1.722274753368502331e-11 2.052422815035370718e-11
3.565930000000000177e+02 3.774531250000000000e+03 8.095209398650826671e-12 1.695831843007145068e-11 2.047508169955580826e-11
3.574839999999999804e+02 3.774531250000000000e+03 8.272077467452731980e-12 1.702998679575795649e-11 2.038458117581409823e-11
3.583750000000000000e+02 3.775312500000000000e+03 8.059910377999912612e-12 1.695867057893707397e-11 2.038172408624916443e-11
3.592500000000000000e+02 3.774843750000000000e+03 8.215006799816571004e-12 1.691444553864052125e-11 2.077291810786974224e-11
3.601250000000000000e+02 3.774531250000000000e+03 8.278833348029923656e-12 1.717422905278542800e-11 2.046429692370566045e-11
3.610149999999999864e+02 3.774531250000000000e+03 8.272073998005780027e-12 1.686717085447320130e-11 2.046096278518483302e-11
3.619060000000000059e+02 3.772343750000000000e+03 8.321201366845443204e-12 1.712817561394519572e-11 2.025050092890889886e-11
3.627970000000000255e+02 3.772187500000000000e+03 8.199611128967276841e-12 1.699353505135725584e-11 2.077415323098463773e-11
3.636720000000000255e+02 3.772812500000000000e+03 8.193467605777104978e-12 1.703052802948246125e-11 2.073730423490793839e-11
3.645470000000000255e+02 3.772968750000000000e+03 8.417005807614952317e-12 1.709548995421084072e-11 2.036331173127514660e-11
3.654220000000000255e+02 3.770781250000000000e+03 8.546583579738253889e-12 1.681374831030701955e-11 2.068203594496331732e-11
3.663120000000000118e+02 3.772500000000000000e+03 8.216857749765438257e-12 1.678795297221924443e-11 2.066852071436198202e-11
3.672029999999999745e+02 3.772187500000000000e+03 8.074948695813155553e-12 1.702504977274532649e-11 2.050516527407619805e-11
3.680930000000000177e+02 3.772343750000000000e+03 8.396740767968591257e-12 1.686624971630745762e-11 2.053095540799354524e-11
3.689680000000000177e+02 3.771406250000000000e+03 8.510353012580740284e-12 1.697129936584218513e-11 2.064163076576086553e-11
3.698589999999999804e+02 3.769687500000000000e+03 8.445872473616944376e-12 1.669200021259253930e-11 2.051315194095959527e-11
3.707339999999999804e+02 3.772343750000000000e+03 8.080472922722403695e-12 1.684277023406011153e-11 2.054017199382141001e-11
3.716250000000000000e+02 3.772500000000000000e+03 8.066967233100186263e-12 1.675540088619253964e-11 2.052911660110900982e-11
3.725000000000000000e+02 3.770781250000000000e+03 8.264089065845858784e-12 1.698427162799553969e-11 2.077353393470371401e-11
3.733750000000000000e+02 3.772343750000000000e+03 8.635632139930571327e-12 1.662650399303355897e-11 2.031846565997419418e-11
3.742500000000000000e+02 3.770937500000000000e+03 8.212507063287688425e-12 1.680208056020759955e-11 2.037592837511592592e-11
3.751399999999999864e+02 3.770468750000000000e+03 8.104423382393477482e-12 1.673031678472991501e-11 2.026259889043036111e-11
3.760149999999999864e+02 3.771875000000000000e+03 8.143114654801664187e-12 1.674947507079860287e-11 2.045626168456493588e-11
3.768899999999999864e+02 3.771406250000000000e+03 8.432360712462561025e-12 1.724193704477627875e-11 2.064457112205264622e-11
3.777810000000000059e+02 3.770312500000000000e+03 8.246896221475452649e-12 1.685366950165967381e-11 2.039155823363447695e-11
3.786560000000000059e+02 3.771562500000000000e+03 8.316290364684952863e-12 1.659266647691115537e-11 2.058929762793759721e-11
3.795620000000000118e+02 3.771406250000000000e+03 8.170132972940002958e-12 1.653876167961865207e-11 2.079116392939006630e-11
3.804370000000000118e+02 3.772343750000000000e+03 8.068192815235963877e-12 1.664978051263421577e-11 2.081525576902443220e-11
3.813279999999999745e+02 3.770625000000000000e+03 8.196538066329583927e-12 1.669570558193722576e-11 2.060085262101107872e-11
3.822029999999999745e+02 3.771250000000000000e+03 8.049770051921090186e-12 1.689282221051247035e-11 2.085029891796263968e-11
3.830930000000000177e+02 3.772343750000000000e+03 8.137583488998512138e-12 1.672907992689154355e-11 2.054876581392139911e-11
3.839680000000000177e+02 3.770781250000000000e+03 8.243211668812477910e-12 1.686747963525192517e-11 2.038891104561013634e-11
3.848589999999999804e+02 3.772031250000000000e+03 8.353135891314700245e-12 1.652695862108810587e-11 2.039094414152398116e-11
3.857500000000000000e+02 3.771562500000000000e+03 8.289887006018847870e-12 1.662403374680376800e-11 2.068203247551636537e-11
3.866399999999999864e+02 3.772656250000000000e+03 8.179961048793149558e-12 1.666295920688121157e-11 2.031784983314022242e-11
3.875149999999999864e+02 3.771562500000000000e+03 8.089077151163248658e-12 1.677260760835075359e-11 2.033082036057010100e-11
3.883899999999999864e+02 3.772656250000000000e+03 8.140658286359681028e-12 1.657953808964496289e-11 2.046217882634149277e-11
