Start time (s) =
1553515705
'Reltime', 'DEFAU[mV]', '2.00[A]', '28.00[A]', '18.00[A]'
0.000000000000000000e+00 1.682656250000000000e+03 7.293714243683524501e-12 8.260108742830230000e-12 7.978527560847936684e-12
8.910000000000000142e-01 1.683125000000000000e+03 7.420382017175874978e-12 8.054968150816854688e-12 7.561262380106903436e-12
1.766000000000000014e+00 1.682343750000000000e+03 7.683758143639529692e-12 8.055584845012564443e-12 7.416621136679957260e-12
2.656000000000000139e+00 1.682500000000000000e+03 7.610063620933082973e-12 7.922032821405800007e-12 7.493998477325902741e-12
3.531000000000000139e+00 1.684375000000000000e+03 7.606378200908370246e-12 8.372572600501282380e-12 7.853528591339475895e-12
4.405999999999999694e+00 1.683437500000000000e+03 7.391960307745470971e-12 7.983292846236444973e-12 7.661034133465971507e-12
5.296999999999999709e+00 1.683750000000000000e+03 7.738605763141226390e-12 8.171976983994966304e-12 7.458377665470194984e-12
6.187999999999999723e+00 1.682500000000000000e+03 7.524089858101934425e-12 8.037048457310014271e-12 7.658274188415692407e-12
7.062999999999999723e+00 1.684531250000000000e+03 7.433977912418843204e-12 7.906056018192053614e-12 7.326346994351862207e-12
7.953000000000000291e+00 1.683125000000000000e+03 7.608831967265139440e-12 8.123461972542322940e-12 7.686697632569572392e-12
8.827999999999999403e+00 1.682812500000000000e+03 7.608841508244257312e-12 7.952400023214512004e-12 7.417911770946084005e-12
9.718999999999999417e+00 1.682656250000000000e+03 7.966246585999758878e-12 8.039327883957447796e-12 7.852911897143766140e-12
1.059399999999999942e+01 1.682656250000000000e+03 7.569911711358123796e-12 8.158158176785335058e-12 7.652713532313448752e-12
1.146899999999999942e+01 1.683437500000000000e+03 7.431505931465576253e-12 8.112410049276874702e-12 7.714506984612956586e-12
1.234399999999999942e+01 1.682656250000000000e+03 7.374247046332271793e-12 8.111815906486352645e-12 7.826233584806718824e-12
1.323399999999999999e+01 1.683125000000000000e+03 7.786182289193366302e-12 7.995649281555827770e-12 7.484784493583251930e-12
1.412500000000000000e+01 1.688437500000000000e+03 7.944755964217620203e-12 8.147036864580847748e-12 7.404936039345777488e-12
1.501600000000000001e+01 1.684218750000000000e+03 7.776487787047869915e-12 7.979585742168282536e-12 7.136148442998813124e-12
1.590600000000000058e+01 1.683906250000000000e+03 7.418459943564492676e-12 8.175456839287775779e-12 7.417233494066977073e-12
1.678099999999999881e+01 1.683125000000000000e+03 7.692968657935228549e-12 8.137150675491255924e-12 7.834374642079477979e-12
1.767200000000000060e+01 1.684687500000000000e+03 7.661647358214729309e-12 7.907908702864396844e-12 7.817074244853561282e-12
1.854700000000000060e+01 1.683593750000000000e+03 7.373014525302590272e-12 8.080920481379205711e-12 7.788033239142233555e-12
1.943799999999999883e+01 1.683281250000000000e+03 7.670016531624579414e-12 8.066963763653234309e-12 7.470433126266495805e-12
2.031299999999999883e+01 1.684687500000000000e+03 7.447325742204746746e-12 8.179165678079414192e-12 7.534074926429656927e-12
2.120299999999999940e+01 1.683750000000000000e+03 7.571374950610110233e-12 8.150743968649010185e-12 7.887516161042551488e-12
2.209400000000000119e+01 1.682812500000000000e+03 7.511808015892018631e-12 7.777531223218669965e-12 7.403080752588220292e-12
2.296900000000000119e+01 1.683906250000000000e+03 7.573003855954052455e-12 8.139005094887075131e-12 7.550498420938467348e-12
2.384400000000000119e+01 1.682656250000000000e+03 7.417847586177472863e-12 7.919030015068884154e-12 7.621201413010592063e-12
2.473400000000000176e+01 1.682343750000000000e+03 7.710799880544794149e-12 7.985143796185312226e-12 7.629853346347026388e-12
2.560900000000000176e+01 1.683281250000000000e+03 7.340468510808051406e-12 8.102581106061990113e-12 7.641999012764078003e-12
2.648400000000000176e+01 1.682500000000000000e+03 7.212734749739713180e-12 8.025308716186341229e-12 7.975259341819196379e-12
2.737500000000000000e+01 1.683437500000000000e+03 7.637269289206827239e-12 8.086482004843187354e-12 7.668162979590498196e-12
2.825000000000000000e+01 1.682656250000000000e+03 7.192996198668311081e-12 7.883812526421341005e-12 7.832526294215824691e-12
2.912500000000000000e+01 1.682656250000000000e+03 7.467967216845394773e-12 7.885046782174498503e-12 7.644451044397371220e-12
3.000000000000000000e+01 1.682812500000000000e+03 7.673316843037625290e-12 8.048791667880639267e-12 7.656423238466825154e-12
3.089099999999999824e+01 1.683281250000000000e+03 7.479081590155978176e-12 7.915322911000721717e-12 7.842409881220202550e-12
3.176599999999999824e+01 1.682812500000000000e+03 7.661033266104233519e-12 7.916557166753879216e-12 7.732427545481534992e-12
3.265599999999999881e+01 1.682500000000000000e+03 7.303622116816566034e-12 8.117318449352151077e-12 7.642209781666409185e-12
3.353099999999999881e+01 1.682500000000000000e+03 7.625418525780691681e-12 7.874745994174148223e-12 7.609448661460849195e-12
3.442199999999999704e+01 1.682656250000000000e+03 7.799775582351120562e-12 7.980821732644916011e-12 7.527280881935993762e-12
3.531300000000000239e+01 1.682500000000000000e+03 7.763935327975701739e-12 7.976494464934091866e-12 7.686830338915484617e-12
3.618800000000000239e+01 1.682656250000000000e+03 7.498911214209869058e-12 8.151977357040429695e-12 7.760227356545801314e-12
3.706300000000000239e+01 1.682343750000000000e+03 7.770349468028125983e-12 8.030255280178089095e-12 7.696587291106116169e-12
3.793800000000000239e+01 1.682500000000000000e+03 7.488469913607964656e-12 7.904835640226703930e-12 7.404934304622301511e-12
3.882800000000000296e+01 1.684062500000000000e+03 7.784471851846053170e-12 7.994412423717456306e-12 7.510597178905786819e-12
3.971900000000000119e+01 1.683125000000000000e+03 7.694806597458025976e-12 8.221721047030339236e-12 7.537788102029985282e-12
4.060900000000000176e+01 1.683125000000000000e+03 7.682528224695062136e-12 8.106870209856342768e-12 7.542729461851305217e-12
4.150000000000000000e+01 1.684531250000000000e+03 7.229453580920308653e-12 8.108725496613899963e-12 7.509360321067415356e-12
4.237500000000000000e+01 1.684062500000000000e+03 7.339436350339845205e-12 7.740454978366617667e-12 7.769115212274968485e-12
4.325000000000000000e+01 1.683906250000000000e+03 7.547427093024250411e-12 7.663833109794460086e-12 7.247372840746280076e-12
4.414099999999999824e+01 1.683906250000000000e+03 7.659808551330193893e-12 7.983294580959920950e-12 7.449425624972416671e-12
4.501599999999999824e+01 1.682812500000000000e+03 7.517335712248218726e-12 7.853531193424689860e-12 7.364153557787300741e-12
4.589099999999999824e+01 1.683281250000000000e+03 7.573619682788024221e-12 7.888256887966793585e-12 7.791124516376424225e-12
4.678099999999999881e+01 1.682968750000000000e+03 7.406793928188548648e-12 8.114286152716143619e-12 7.588455905316315864e-12
4.765599999999999881e+01 1.683281250000000000e+03 7.287658324028889467e-12 8.235846032933480387e-12 7.514878476444497579e-12
4.854699999999999704e+01 1.684375000000000000e+03 7.630327793217706045e-12 7.768508059058376602e-12 7.627999794312945170e-12
4.943800000000000239e+01 1.682500000000000000e+03 7.419074035674988465e-12 7.722536152221515238e-12 7.493293312232918169e-12
5.031300000000000239e+01 1.682343750000000000e+03 7.679285159156723495e-12 8.333646273062100818e-12 7.348090018399755508e-12
5.118800000000000239e+01 1.683437500000000000e+03 7.568920316891603051e-12 7.806580902547377576e-12 7.762082643303358509e-12
5.207800000000000296e+01 1.684531250000000000e+03 7.597780911361429190e-12 8.053451135137112971e-12 7.774642041269430592e-12
5.295300000000000296e+01 1.684218750000000000e+03 7.572388029120080688e-12 8.052838777750093158e-12 7.690408206084686782e-12
5.382800000000000296e+01 1.682812500000000000e+03 7.649624857164472047e-12 8.093278651422064485e-12 7.720680865463958042e-12
5.471900000000000119e+01 1.682968750000000000e+03 7.582427741237296459e-12 8.039946312876633527e-12 7.457460864113141241e-12
5.559400000000000119e+01 1.682500000000000000e+03 7.757453533707714399e-12 7.910999980098587514e-12 7.592254082366967083e-12
5.646900000000000119e+01 1.684375000000000000e+03 7.754666700443557659e-12 8.068562311336346937e-12 7.805955534734287937e-12
5.735900000000000176e+01 1.684687500000000000e+03 7.716920852329778313e-12 7.805350116241172032e-12 7.813370610232350799e-12
5.823400000000000176e+01 1.683593750000000000e+03 7.415439789992817055e-12 8.030867637565108907e-12 7.464253173883328429e-12
5.912500000000000000e+01 1.683281250000000000e+03 7.822550766867220062e-12 8.096369061294517167e-12 7.739222457336936145e-12
6.000000000000000000e+01 1.682812500000000000e+03 7.661651695023419251e-12 8.083542515913144655e-12 7.765170451090597226e-12
6.087500000000000000e+01 1.682343750000000000e+03 7.326464955548228630e-12 7.589069997426811653e-12 7.804736024130676242e-12
6.176599999999999824e+01 1.682343750000000000e+03 7.898023381136543009e-12 7.774440813346217283e-12 7.418527597780055771e-12
6.264099999999999824e+01 1.683281250000000000e+03 7.650861715002843511e-12 8.216240188207990514e-12 7.722537886944991214e-12
6.351599999999999824e+01 1.683125000000000000e+03 7.731188952919687551e-12 8.160013463542892254e-12 7.630326925855968057e-12
6.440600000000000591e+01 1.684531250000000000e+03 7.700341232708129979e-12 8.022132437501827695e-12 7.582272483486196535e-12
6.528100000000000591e+01 1.684375000000000000e+03 7.811489302622653952e-12 7.941069676831169488e-12 7.548651807798290037e-12
6.617199999999999704e+01 1.684062500000000000e+03 7.711417442102241893e-12 8.007390757402976789e-12 7.563393487897140943e-12
6.704699999999999704e+01 1.683281250000000000e+03 7.559704598425476263e-12 8.161251188743001705e-12 7.575477571630795381e-12
6.792199999999999704e+01 1.682812500000000000e+03 7.761135484285475172e-12 8.178554188054132368e-12 7.417292474665160285e-12
6.881300000000000239e+01 1.682500000000000000e+03 7.691125514242003192e-12 8.103164840511656308e-12 7.372807225847211043e-12
6.970300000000000296e+01 1.683125000000000000e+03 7.592869909200938849e-12 7.784328737159285083e-12 7.507508503756810114e-12
7.057800000000000296e+01 1.682812500000000000e+03 7.471275334514082545e-12 8.266291297298611340e-12 7.631702561572417665e-12
7.145300000000000296e+01 1.683125000000000000e+03 7.475998119177429402e-12 8.337352509768525266e-12 7.750699387853998701e-12
7.234399999999999409e+01 1.683750000000000000e+03 7.759907300064483593e-12 8.039520438263281221e-12 7.699675098893354885e-12
7.321899999999999409e+01 1.683281250000000000e+03 7.429649777346281070e-12 8.103812759729933646e-12 7.595251684533455006e-12
7.409399999999999409e+01 1.682343750000000000e+03 7.493996742602426764e-12 7.940456452082411687e-12 7.720065905991724264e-12
7.496899999999999409e+01 1.682968750000000000e+03 7.701569416929121559e-12 7.629853346347026388e-12 7.624190341559700101e-12
7.585899999999999466e+01 1.683906250000000000e+03 7.657350448164734757e-12 7.834996540445615665e-12 7.510599780991000785e-12
7.673399999999999466e+01 1.684687500000000000e+03 7.712620472832831808e-12 8.211302297833622532e-12 7.530368689723232478e-12
7.760899999999999466e+01 1.683593750000000000e+03 7.710779063863082428e-12 7.941682901579927290e-12 7.761461612298958812e-12
7.850000000000000000e+01 1.682968750000000000e+03 7.757450064260762446e-12 8.108109669779928197e-12 7.740869577277376123e-12
7.937500000000000000e+01 1.682187500000000000e+03 7.783860361820771345e-12 7.998125599317784662e-12 7.703999764518965065e-12
8.026600000000000534e+01 1.682656250000000000e+03 7.525933869156897771e-12 8.067326320859713462e-12 7.408025581856492181e-12
8.114100000000000534e+01 1.682968750000000000e+03 7.570759991137876455e-12 8.221186752199738379e-12 7.796686039840405869e-12
8.203100000000000591e+01 1.683750000000000000e+03 7.259408785903476158e-12 8.060822842548276412e-12 7.559093108400194438e-12
8.292199999999999704e+01 1.683125000000000000e+03 7.513648557500030023e-12 7.858780466662995678e-12 7.651205190251086918e-12
8.379699999999999704e+01 1.682500000000000000e+03 7.750081826296550958e-12 8.106269128171916805e-12 7.687315194127020135e-12
8.467199999999999704e+01 1.682812500000000000e+03 7.514265251695739778e-12 8.109951946111415566e-12 7.627378763308545473e-12
8.554699999999999704e+01 1.683750000000000000e+03 7.408024714494754193e-12 7.898083229096464208e-12 7.950541267010002855e-12
8.643800000000000239e+01 1.682656250000000000e+03 7.531603812838127965e-12 8.171133041023903587e-12 7.696654077959941276e-12
8.732800000000000296e+01 1.683281250000000000e+03 7.451897605925683621e-12 8.043627396092656312e-12 7.314064284780208425e-12
8.820300000000000296e+01 1.682656250000000000e+03 7.479875226146237566e-12 8.171360289799256549e-12 7.817076846938775248e-12
8.907800000000000296e+01 1.683593750000000000e+03 7.601425565384456462e-12 8.111200079652380879e-12 7.311634804552102906e-12
8.996899999999999409e+01 1.683750000000000000e+03 7.431353275799690294e-12 7.914084318438874277e-12 7.486015279889457474e-12
9.085899999999999466e+01 1.682968750000000000e+03 7.413585370596997848e-12 8.027661001219765780e-12 7.472284943577101046e-12
9.173399999999999466e+01 1.682500000000000000e+03 7.441183953738050860e-12 8.106871077218080757e-12 7.522340389476411815e-12
9.260899999999999466e+01 1.682656250000000000e+03 7.535312651629766378e-12 7.925209100090313541e-12 7.589798581286721912e-12
9.348399999999999466e+01 1.684531250000000000e+03 7.552613916217421064e-12 7.971164527054153126e-12 7.735512751183559743e-12
9.437500000000000000e+01 1.684062500000000000e+03 7.349682494550702216e-12 8.253312963613090858e-12 7.633555246244760895e-12
9.525000000000000000e+01 1.683281250000000000e+03 7.408636204520036017e-12 7.932007481392666648e-12 7.500710122454457007e-12
9.614100000000000534e+01 1.686718750000000000e+03 7.544352295663081520e-12 8.094597908625544846e-12 7.511831434658944318e-12
9.704699999999999704e+01 1.682500000000000000e+03 7.803481819057545010e-12 7.823870891432438412e-12 7.554179504154490132e-12
9.792199999999999704e+01 1.682500000000000000e+03 7.580585464905809090e-12 8.153217684325753112e-12 7.414823963158845288e-12
9.879699999999999704e+01 1.682968750000000000e+03 7.778945890213329051e-12 8.072887844323695106e-12 7.645919487819785587e-12
9.968800000000000239e+01 1.683281250000000000e+03 7.595327145004659997e-12 8.221187619561476367e-12 7.796684305116929892e-12
1.005630000000000024e+02 1.682656250000000000e+03 7.689169613522839342e-12 8.139003360163599154e-12 7.603281719503751646e-12
1.014530000000000030e+02 1.682968750000000000e+03 7.640976393274989675e-12 8.185483540978921724e-12 7.784328737159285083e-12
1.023280000000000030e+02 1.682812500000000000e+03 7.720604537631015063e-12 8.092661957226354730e-12 7.810896894555607872e-12
1.032030000000000030e+02 1.683593750000000000e+03 7.834830006991921891e-12 7.850444252999189132e-12 7.651481011283767231e-12
1.040939999999999941e+02 1.682656250000000000e+03 7.521100929552826386e-12 8.058366474106293253e-12 7.764554624256625459e-12
1.049839999999999947e+02 1.683125000000000000e+03 7.461164498734351724e-12 8.111817641209828622e-12 7.867128823391134063e-12
1.058589999999999947e+02 1.683125000000000000e+03 7.489698097828956236e-12 8.168291563970253577e-12 7.632940286772527116e-12
1.067339999999999947e+02 1.683281250000000000e+03 7.448808063414968927e-12 7.772590730759088018e-12 7.472906841943238732e-12
1.076250000000000000e+02 1.682656250000000000e+03 7.606377333546632258e-12 8.239724874625764528e-12 7.408025581856492181e-12
1.085000000000000000e+02 1.682812500000000000e+03 7.348704977871989286e-12 7.868603338345714349e-12 7.494530170071289632e-12
1.093750000000000000e+02 1.682812500000000000e+03 7.260965700223165342e-12 7.805952065287335984e-12 7.159306567722234504e-12
1.102660000000000053e+02 1.682656250000000000e+03 7.797981878276960543e-12 8.294181313983628456e-12 7.700292660450802629e-12
1.111410000000000053e+02 1.682500000000000000e+03 7.536985792422346009e-12 8.093983816515049057e-12 7.812136354479193301e-12
1.120160000000000053e+02 1.682500000000000000e+03 7.264055676414749030e-12 8.193380002241568150e-12 7.788655137508371240e-12
1.128910000000000053e+02 1.683125000000000000e+03 7.329551895973729359e-12 7.734729523534156215e-12 7.451009427505983496e-12
1.137810000000000059e+02 1.683281250000000000e+03 7.488353687135074210e-12 8.082929291164386854e-12 7.651480143922029242e-12
1.146719999999999970e+02 1.684062500000000000e+03 7.648144270677725842e-12 8.053730425616745237e-12 7.468577839508938609e-12
1.155630000000000024e+02 1.682812500000000000e+03 7.373016260026066249e-12 7.739838284170907912e-12 7.864655107714391136e-12
1.164380000000000024e+02 1.682500000000000000e+03 7.818309367968456769e-12 8.198382944746285261e-12 7.619347860976510844e-12
1.173130000000000024e+02 1.683437500000000000e+03 7.264936048578807259e-12 7.999407559966531522e-12 7.388870765234756277e-12
1.182030000000000030e+02 1.682343750000000000e+03 7.647153743572943085e-12 8.113023274025632503e-12 7.613783735427315236e-12
1.190780000000000030e+02 1.682968750000000000e+03 7.374860271081029595e-12 7.916560636200831169e-12 7.501944378207614506e-12
1.199530000000000030e+02 1.683750000000000000e+03 7.398196638641607592e-12 8.004300347530524107e-12 7.506887472752410417e-12
1.208280000000000030e+02 1.682343750000000000e+03 7.675776680926560402e-12 8.099457736443493872e-12 7.796757163502920918e-12
1.217189999999999941e+02 1.682343750000000000e+03 7.610679447767054739e-12 8.119229247260939530e-12 7.836851827203172860e-12
1.226089999999999947e+02 1.683281250000000000e+03 7.752817485218166382e-12 8.070032489482237281e-12 7.360445586357400316e-12
1.235000000000000000e+02 1.684218750000000000e+03 7.657353050249948723e-12 8.067944749778899194e-12 7.891224132472451913e-12
1.243910000000000053e+02 1.683125000000000000e+03 7.796751091970754999e-12 7.751579760018056930e-12 7.510599780991000785e-12
1.252660000000000053e+02 1.682812500000000000e+03 7.618046818369528239e-12 8.167426804317479139e-12 7.488353687135074210e-12
1.261410000000000053e+02 1.684062500000000000e+03 7.528997390815472812e-12 7.998742293513494417e-12 7.508124330590781881e-12
1.270310000000000059e+02 1.684687500000000000e+03 7.807193259934397389e-12 8.071654455932275596e-12 7.498240743586404022e-12
1.279060000000000059e+02 1.684375000000000000e+03 7.643841289095565372e-12 8.053113731421035482e-12 7.499473264616085544e-12
1.287810000000000059e+02 1.684843750000000000e+03 7.264054375372142047e-12 8.089681702294626575e-12 7.500711857177932984e-12
1.296560000000000059e+02 1.682656250000000000e+03 7.621728768947289012e-12 7.808425780964078911e-12 7.406174631907624928e-12
1.305469999999999970e+02 1.682968750000000000e+03 7.492061658564974636e-12 8.035813334195118784e-12 7.382691680213326890e-12
1.314219999999999970e+02 1.683281250000000000e+03 7.803511309356636616e-12 8.297805151324944006e-12 7.584270884930521817e-12
1.322969999999999970e+02 1.682656250000000000e+03 7.377314037437798788e-12 7.925828396371237261e-12 7.326958484377144032e-12
1.331879999999999882e+02 1.683281250000000000e+03 7.571374950610110233e-12 7.888135457323475208e-12 7.390105888349651764e-12
1.340629999999999882e+02 1.682343750000000000e+03 7.687440961579028453e-12 7.968089729692984235e-12 7.620584718814882308e-12
1.349530000000000030e+02 1.683125000000000000e+03 7.572603134831101812e-12 8.253312963613090858e-12 7.831906130573162983e-12
1.358280000000000030e+02 1.683281250000000000e+03 7.355209323545164324e-12 8.046937248484820060e-12 7.838086950318068347e-12
1.367189999999999941e+02 1.682500000000000000e+03 7.280736777359742007e-12 7.780000602086722949e-12 7.309781252518021688e-12
1.375939999999999941e+02 1.683593750000000000e+03 7.481557907917935069e-12 7.987740677228849506e-12 7.766408176290706677e-12
1.384840000000000089e+02 1.684062500000000000e+03 7.307308404203016750e-12 7.993178167964298808e-12 7.351177826186994224e-12
1.393590000000000089e+02 1.683437500000000000e+03 7.432585796829371816e-12 8.122232920959593372e-12 7.681137843829066725e-12
1.402340000000000089e+02 1.683906250000000000e+03 6.999591444650787864e-12 7.743546255600808337e-12 7.700911089369988360e-12
1.411250000000000000e+02 1.683125000000000000e+03 7.645681830703576765e-12 7.917732441908853502e-12 7.784327002435809106e-12
1.420159999999999911e+02 1.683437500000000000e+03 7.443863234146697039e-12 7.793684968226965992e-12 7.665688396552017281e-12
1.429060000000000059e+02 1.694375000000000000e+03 7.252930461082440772e-12 7.597104369205798235e-12 7.257877025074188637e-12
1.438280000000000030e+02 1.684062500000000000e+03 7.498856570420375789e-12 7.657039065300796921e-12 7.554797065711937876e-12
1.447500000000000000e+02 1.682500000000000000e+03 7.527158583930937397e-12 8.111197477567166914e-12 7.387017213200675059e-12
1.456719999999999970e+02 1.683593750000000000e+03 7.467345318479257088e-12 7.668404106153658972e-12 7.790504352733762516e-12
1.465939999999999941e+02 1.684687500000000000e+03 7.657659228943458629e-12 7.988235940781240885e-12 7.591642592341685258e-12
1.475159999999999911e+02 1.683750000000000000e+03 7.398138525405162369e-12 7.977732190134201318e-12 7.404936906707515476e-12
1.484219999999999970e+02 1.682812500000000000e+03 7.862462417240756452e-12 7.857859328497251994e-12 7.478032082453012208e-12
1.493439999999999941e+02 1.683281250000000000e+03 7.592868174477462873e-12 8.086615578550837569e-12 7.681136976467328736e-12
1.502659999999999911e+02 1.682500000000000000e+03 7.568307959504583238e-12 7.871674666259931286e-12 7.597720196039770002e-12
1.511879999999999882e+02 1.684687500000000000e+03 7.800436511995467725e-12 8.137152410214731901e-12 7.589069130065073665e-12
1.521250000000000000e+02 1.684062500000000000e+03 7.800390541823354340e-12 7.961049354465732364e-12 7.629852478985288400e-12
1.530000000000000000e+02 1.682812500000000000e+03 7.538212241919861611e-12 7.968091464416460212e-12 7.517395560208139926e-12
1.538909999999999911e+02 1.683437500000000000e+03 7.438306047491405337e-12 7.755900956196715157e-12 7.685597817885803096e-12
1.547659999999999911e+02 1.683750000000000000e+03 7.599574615435589209e-12 7.919027412983670189e-12 7.387635642119860790e-12
1.556560000000000059e+02 1.683750000000000000e+03 7.753771583129953626e-12 8.090805803107059546e-12 7.535316121076718332e-12
1.565310000000000059e+02 1.684062500000000000e+03 7.559412297519774171e-12 7.895549665459800082e-12 7.602664157946303902e-12
1.574219999999999970e+02 1.683437500000000000e+03 7.239141577852770126e-12 7.787417412308261788e-12 7.385161926443117864e-12
1.582969999999999970e+02 1.684218750000000000e+03 7.559095710485408404e-12 8.124075197291080741e-12 7.635410533002318090e-12
1.591719999999999970e+02 1.683281250000000000e+03 7.673724503054479840e-12 7.950896885322578100e-12 7.779556512876872887e-12
1.600629999999999882e+02 1.682187500000000000e+03 7.768502854887948672e-12 7.916560636200831169e-12 7.349941835710360749e-12
1.609530000000000030e+02 1.682500000000000000e+03 7.934317265700929767e-12 8.040756428739914696e-12 7.616879349470195848e-12
1.618280000000000030e+02 1.683125000000000000e+03 7.744164684519994069e-12 7.815841723823879761e-12 7.710177982178656464e-12
1.627189999999999941e+02 1.682500000000000000e+03 7.726743724012496983e-12 8.106871944579818745e-12 7.589690161069473362e-12
1.635939999999999941e+02 1.682343750000000000e+03 7.431970837357138038e-12 7.845498556369179255e-12 7.767024870486416432e-12
1.644689999999999941e+02 1.682812500000000000e+03 7.632786763744903169e-12 8.088337291600744550e-12 7.781236592563356425e-12
1.653590000000000089e+02 1.684375000000000000e+03 7.736749609021931207e-12 8.084629320170844125e-12 7.666310294918154966e-12
1.662500000000000000e+02 1.683437500000000000e+03 7.947826424770099152e-12 7.800439114080681691e-12 7.673721900969265874e-12
1.671250000000000000e+02 1.682812500000000000e+03 7.498858305143851766e-12 8.237867853144731356e-12 7.857549680356790134e-12
1.680000000000000000e+02 1.683281250000000000e+03 7.551726605159458927e-12 8.193470207862318944e-12 7.396285840732819139e-12
1.688909999999999911e+02 1.683125000000000000e+03 7.662261450325225098e-12 7.623056699768149258e-12 7.516777998650692183e-12
1.697810000000000059e+02 1.684531250000000000e+03 7.748238682603325600e-12 8.117374827865120324e-12 7.588451568507625922e-12
1.706560000000000059e+02 1.683593750000000000e+03 7.562780263148383142e-12 8.096369928656255155e-12 7.328934334416281615e-12
1.715310000000000059e+02 1.683750000000000000e+03 7.893781982237779715e-12 8.073721378953901961e-12 7.525427329901912543e-12
1.724060000000000059e+02 1.682343750000000000e+03 7.608844110329471278e-12 7.935098758626857318e-12 7.541287906642768490e-12
1.732969999999999970e+02 1.682500000000000000e+03 7.672087791454895722e-12 8.073102950034716230e-12 7.300507420815449677e-12
1.741719999999999970e+02 1.682812500000000000e+03 7.595940369753417798e-12 7.896789992745123499e-12 7.682372099582224223e-12
1.750469999999999970e+02 1.685156250000000000e+03 7.700952722733411804e-12 8.202679854796279812e-12 7.707088439667941770e-12
1.759379999999999882e+02 1.694375000000000000e+03 7.466725154836595379e-12 7.640156736432590634e-12 7.245516252946115898e-12
1.768280000000000030e+02 1.702343750000000000e+03 7.366878808368060305e-12 8.006776665292480999e-12 7.817075112215299271e-12
1.777030000000000030e+02 1.710625000000000000e+03 7.335113419437711002e-12 8.245277724472366288e-12 7.666926989113864721e-12
1.785780000000000030e+02 1.724531250000000000e+03 7.702793264341423196e-12 7.984060461374564710e-12 7.692259156033554035e-12
1.794689999999999941e+02 1.737656250000000000e+03 7.283210493036484934e-12 8.269621099010748821e-12 7.508734953254325717e-12
1.803439999999999941e+02 1.752343750000000000e+03 7.800435644633729737e-12 8.169897050547270112e-12 7.683608090058857698e-12
1.812340000000000089e+02 1.765937500000000000e+03 7.421618007652508453e-12 7.807188923125707447e-12 7.654567084347529971e-12
1.821090000000000089e+02 1.782031250000000000e+03 7.686081805735600625e-12 8.090300131213812307e-12 7.815221560181218052e-12
1.830000000000000000e+02 1.791406250000000000e+03 8.221799109586758192e-12 8.248369001706556958e-12 7.666925254390388744e-12
1.838750000000000000e+02 1.809062500000000000e+03 7.751924102628038327e-12 8.195851983194835100e-12 7.686698499931310380e-12
1.847659999999999911e+02 1.818906250000000000e+03 7.724289957655727790e-12 8.088955720519930281e-12 8.094515509260435948e-12
1.856409999999999911e+02 1.836562500000000000e+03 8.352801957045574710e-12 8.236455788235286235e-12 7.639542644322094844e-12
1.865159999999999911e+02 1.853437500000000000e+03 8.036258290766706835e-12 8.223559853914874651e-12 8.074122967438590592e-12
1.874060000000000059e+02 1.867500000000000000e+03 8.274944965358521642e-12 8.318811785257285152e-12 8.155393894926366016e-12
1.882810000000000059e+02 1.883281250000000000e+03 8.000025121523979266e-12 8.110579916009719170e-12 7.996271179921965455e-12
1.891560000000000059e+02 1.898750000000000000e+03 8.247507711500734473e-12 8.359596001539237875e-12 8.401612738850872120e-12
1.900310000000000059e+02 1.913906250000000000e+03 8.181800723039422962e-12 8.163100403968392982e-12 8.132822540418693791e-12
1.909219999999999970e+02 1.935468750000000000e+03 8.404724832766774512e-12 8.413353347336283150e-12 8.120471309269738924e-12
1.917969999999999970e+02 1.950312500000000000e+03 8.263476708458838971e-12 8.299657835997287236e-12 8.115478775105877673e-12
1.926719999999999970e+02 1.963593750000000000e+03 8.379985073914131277e-12 8.625191706690404914e-12 8.117998460954733986e-12
1.935629999999999882e+02 1.980312500000000000e+03 8.273305651673723560e-12 8.044465267531553110e-12 8.159691672338098556e-12
1.944530000000000030e+02 1.994843750000000000e+03 8.786702268559487550e-12 8.237069880345782025e-12 8.029633381811951409e-12
1.953280000000000030e+02 2.015625000000000000e+03 8.714850889546266188e-12 8.520175016901720966e-12 7.936950575937462560e-12
1.962030000000000030e+02 2.028437500000000000e+03 9.621893559685901209e-12 8.245896153391552019e-12 8.119776552517610213e-12
1.970939999999999941e+02 2.044375000000000000e+03 9.973165522592086774e-12 8.520867171568635712e-12 8.138812540581241706e-12
1.979689999999999941e+02 2.058125000000000000e+03 1.085072569989575797e-11 8.552725368204949774e-12 8.117994991507782032e-12
1.988590000000000089e+02 2.083281250000000000e+03 1.278578978802791255e-11 8.064235910987260780e-12 8.020291895893816303e-12
1.997340000000000089e+02 2.098281250000000000e+03 1.414175200553646761e-11 8.262251993684799345e-12 8.217471841875934047e-12
2.006090000000000089e+02 2.115781250000000000e+03 1.696235860104700066e-11 8.239530585596455126e-12 8.191630533616045540e-12
2.015000000000000000e+02 2.128281250000000000e+03 1.998563467497938007e-11 8.474731333363294539e-12 8.250224288464114153e-12
2.023909999999999911e+02 2.142968750000000000e+03 2.395647569208847472e-11 8.376276235122492864e-12 8.136972866334968302e-12
2.032810000000000059e+02 2.156093750000000000e+03 2.767491791288989589e-11 8.472275832283049368e-12 8.234615246627274843e-12
2.041560000000000059e+02 2.173750000000000000e+03 3.219230784723414729e-11 8.257641966047390980e-12 8.142501430052906386e-12
2.050310000000000059e+02 2.185781250000000000e+03 3.645793389406293272e-11 8.284360177024385763e-12 8.563504072522931665e-12
2.059219999999999970e+02 2.202187500000000000e+03 4.064985500984441558e-11 8.584658157950730839e-12 8.287300533316166451e-12
2.067969999999999970e+02 2.217031250000000000e+03 4.442419349048876143e-11 8.372792043020993447e-12 8.335328954833798321e-12
2.076719999999999970e+02 2.235312500000000000e+03 4.564012709429299264e-11 8.190909756011777176e-12 8.350944068202803550e-12
2.085629999999999882e+02 2.249062500000000000e+03 4.558116384334454096e-11 8.231684431314612027e-12 8.743929191812327417e-12
2.094379999999999882e+02 2.262500000000000000e+03 4.443032053380591151e-11 8.539211872327090447e-12 8.441571226758259883e-12
2.103280000000000030e+02 2.277968750000000000e+03 4.370750289472979944e-11 8.395509981662385712e-12 8.700675596662321709e-12
2.112030000000000030e+02 2.294218750000000000e+03 4.134687384138580057e-11 8.178548983883704437e-12 8.585885474809984430e-12
2.120939999999999941e+02 2.315312500000000000e+03 3.829166150826068815e-11 8.460932475473637027e-12 8.702565577889398440e-12
2.129840000000000089e+02 2.326406250000000000e+03 3.467333364870484047e-11 8.204523865851243158e-12 8.113051896962986120e-12
2.138590000000000089e+02 2.342187500000000000e+03 3.322464525723489714e-11 8.418849818669915663e-12 8.583893144897825067e-12
2.147500000000000000e+02 2.355937500000000000e+03 3.043043941830525512e-11 8.518947700042467375e-12 8.191627064169093586e-12
2.156250000000000000e+02 2.373593750000000000e+03 2.771729026851410538e-11 8.356208953952393159e-12 8.566237996721071113e-12
2.165000000000000000e+02 2.388593750000000000e+03 2.516196973001427750e-11 8.443627741439030387e-12 8.107494710307694419e-12
2.173750000000000000e+02 2.399375000000000000e+03 2.381891558989046587e-11 8.254882020997111880e-12 8.260408849991573987e-12
2.182659999999999911e+02 2.420000000000000000e+03 2.201650146915756778e-11 8.385689712064881007e-12 8.270239527929934553e-12
2.191560000000000059e+02 2.433750000000000000e+03 2.072870174119056941e-11 8.270847548508264424e-12 8.381221064390764752e-12
2.200469999999999970e+02 2.449531250000000000e+03 1.893366019523057275e-11 8.137586091083726103e-12 8.493159300848596160e-12
2.209219999999999970e+02 2.469375000000000000e+03 1.785097764051002400e-11 8.547192467678321748e-12 8.230451910284930506e-12
2.218129999999999882e+02 2.480312500000000000e+03 1.638571743567407424e-11 8.661419671762704553e-12 8.272078334814469969e-12
2.226879999999999882e+02 2.493125000000000000e+03 1.531346403849109805e-11 8.297871070817031125e-12 8.322433020513386737e-12
2.235780000000000030e+02 2.510625000000000000e+03 1.404472111526944289e-11 8.311397577120960278e-12 8.261966631673001160e-12
2.244530000000000030e+02 2.527500000000000000e+03 1.316592581485087621e-11 8.661420539124442541e-12 8.171748000496137365e-12
2.253280000000000030e+02 2.540312500000000000e+03 1.249961505828123265e-11 8.666334143370146847e-12 8.253935729340966532e-12
2.262030000000000030e+02 2.545937500000000000e+03 1.221773984066976126e-11 8.636856854704610953e-12 8.203297416353727556e-12
2.270939999999999941e+02 2.577343750000000000e+03 1.173996490300144302e-11 8.510351277857264307e-12 8.004919643811447827e-12
2.279840000000000089e+02 2.585312500000000000e+03 1.124560167209409656e-11 8.692129481457921969e-12 7.881955504940307833e-12
2.288590000000000089e+02 2.598281250000000000e+03 1.062534782381163723e-11 9.061825075040719213e-12 7.865272669271838879e-12
2.297340000000000089e+02 2.607343750000000000e+03 1.059402825881461396e-11 9.175431248120702321e-12 8.088336424239006561e-12
2.306250000000000000e+02 2.626250000000000000e+03 1.017459293900513373e-11 9.529895969584423199e-12 8.082157339217577174e-12
2.315000000000000000e+02 2.640937500000000000e+03 9.909912300487544456e-12 9.464679040505075136e-12 7.604518577342123109e-12
2.323750000000000000e+02 2.657656250000000000e+03 9.928335931164156136e-12 9.579517734614739766e-12 7.861234233019764872e-12
2.332659999999999911e+02 2.669375000000000000e+03 9.872448344938611342e-12 9.689319659111905736e-12 7.737185024614401385e-12
2.341409999999999911e+02 2.678593750000000000e+03 9.952284656111753947e-12 9.893329211418944169e-12 7.768880157243973628e-12
2.350159999999999911e+02 2.699375000000000000e+03 9.861392952226211150e-12 9.764083638841292156e-12 7.580416329366901351e-12
2.358909999999999911e+02 2.710156250000000000e+03 9.723832850028202301e-12 9.555568142305403967e-12 8.043228409693181646e-12
2.367810000000000059e+02 2.729687500000000000e+03 9.441343540306235127e-12 9.402653135259786410e-12 7.912818837663149196e-12
2.376719999999999970e+02 2.740937500000000000e+03 9.494771288642844809e-12 8.797684802885896715e-12 8.171360289799256549e-12
2.385469999999999970e+02 2.747968750000000000e+03 9.748398269171509867e-12 8.674321677615282056e-12 8.096984888128488933e-12
2.394379999999999882e+02 2.776406250000000000e+03 9.344930211596658154e-12 8.614785967919758036e-12 8.090191710996563756e-12
2.403280000000000030e+02 2.785781250000000000e+03 9.615136811746971546e-12 8.229087550271074747e-12 7.860947136284490711e-12
2.412030000000000030e+02 2.798125000000000000e+03 9.281057693211192117e-12 8.200841047911744397e-12 8.158464355478844965e-12
2.420939999999999941e+02 2.814218750000000000e+03 9.364579424409047448e-12 8.059912112723388589e-12 7.599574615435589209e-12
2.429689999999999941e+02 2.825625000000000000e+03 9.557410418636891336e-12 8.429903476658839878e-12 7.676812310841718556e-12
2.438439999999999941e+02 2.835312500000000000e+03 9.288428533260617570e-12 8.374422683088411645e-12 7.640972923828037722e-12
2.447189999999999941e+02 2.848125000000000000e+03 8.821090559385513785e-12 7.977733057495939306e-12 7.804736024130676242e-12
2.456090000000000089e+02 2.872343750000000000e+03 8.789156034916256743e-12 8.087099566400635098e-12 8.037488209711174392e-12
2.465000000000000000e+02 2.884218750000000000e+03 8.768277770521137882e-12 8.420765820749132047e-12 7.605767578244826410e-12
2.473909999999999911e+02 2.896562500000000000e+03 8.615364498198996301e-12 8.417620767087186096e-12 7.694114442791111230e-12
2.482659999999999911e+02 2.918750000000000000e+03 8.576060868403789783e-12 8.238911289315531405e-12 7.893077684506533132e-12
2.491560000000000059e+02 2.932500000000000000e+03 8.600011328074863570e-12 8.404087321889353035e-12 7.834991336275187734e-12
2.500310000000000059e+02 2.947656250000000000e+03 8.453853068968175677e-12 8.437448656417601001e-12 7.872067581127240032e-12
2.509219999999999970e+02 2.955000000000000000e+03 8.598168184381638213e-12 7.724394908426024386e-12 7.818247785285059592e-12
2.517969999999999970e+02 2.970156250000000000e+03 8.559481248782141449e-12 8.285585759160163377e-12 7.684226518978043430e-12
2.526719999999999970e+02 2.990781250000000000e+03 8.784241563308814449e-12 8.247131276506447506e-12 7.786314128177540539e-12
2.535469999999999970e+02 3.011875000000000000e+03 8.680459129273287999e-12 8.277417813673526581e-12 7.361680709472295803e-12
2.544379999999999882e+02 3.022968750000000000e+03 8.707479182135102747e-12 8.100737962368764755e-12 7.860950605731442664e-12
2.553280000000000030e+02 3.036562500000000000e+03 8.530002225393129578e-12 8.225402997608100009e-12 8.103810157644719681e-12
2.562029999999999745e+02 3.049062500000000000e+03 8.461221306932387165e-12 8.032725526407880068e-12 7.971160190245463184e-12
2.570779999999999745e+02 3.062812500000000000e+03 8.434813611457592231e-12 8.498006985602213348e-12 7.555703458728135757e-12
2.579689999999999941e+02 3.074375000000000000e+03 8.767046116853194349e-12 8.017218833256123389e-12 7.624909384440492488e-12
2.588439999999999941e+02 3.082343750000000000e+03 8.583892277536087079e-12 8.126646924844216358e-12 7.710775594416130474e-12
2.597189999999999941e+02 3.122968750000000000e+03 8.752924600397005150e-12 8.088452650711897007e-12 7.928172007787281927e-12
2.606250000000000000e+02 3.130000000000000000e+03 8.431134262965045423e-12 8.182256087951866874e-12 7.595253419256930982e-12
2.615000000000000000e+02 3.140000000000000000e+03 8.530617184865363356e-12 8.210663919594463067e-12 7.810275863551208175e-12
2.623910000000000196e+02 3.152500000000000000e+03 8.628262167242883862e-12 8.359894373977105886e-12 7.784328737159285083e-12
2.632660000000000196e+02 3.170312500000000000e+03 8.111179262970669157e-12 8.122848747793565138e-12 7.761465081745910766e-12
2.641560000000000059e+02 3.182656250000000000e+03 8.442799410979251462e-12 8.316961702670155887e-12 8.030871974373798849e-12
2.650470000000000255e+02 3.199375000000000000e+03 8.289887006018847870e-12 8.136355304777520558e-12 8.232923023876459467e-12
2.659220000000000255e+02 3.215156250000000000e+03 8.167063379749261998e-12 7.926445090566947016e-12 7.785563860274180570e-12
2.667970000000000255e+02 3.227187500000000000e+03 8.151096984876371465e-12 8.206365274820992539e-12 7.772588128673874053e-12
2.676879999999999882e+02 3.240937500000000000e+03 8.367261744579579386e-12 8.264438612626268110e-12 7.640155869070852646e-12
2.685629999999999882e+02 3.257031250000000000e+03 8.120467839822786971e-12 8.135297990818912695e-12 7.845268705508612328e-12
2.694379999999999882e+02 3.275000000000000000e+03 8.448323637888499604e-12 8.071258071618014895e-12 7.957337913588879985e-12
2.703129999999999882e+02 3.285312500000000000e+03 8.452626619470660074e-12 8.292954864486112854e-12 8.078446765702462784e-12
2.712029999999999745e+02 3.305312500000000000e+03 8.276375244864464520e-12 8.333488413225786928e-12 8.038902876705833478e-12
2.720779999999999745e+02 3.317656250000000000e+03 8.389984887391399582e-12 8.245282061281056230e-12 7.858779599301257690e-12
2.729529999999999745e+02 3.330156250000000000e+03 8.298420978158915773e-12 8.412734918417097418e-12 7.784471851846053170e-12
2.738439999999999941e+02 3.340468750000000000e+03 8.274324801715859934e-12 8.054970752902068654e-12 7.881501007389601909e-12
2.747339999999999804e+02 3.356250000000000000e+03 8.646067369000309810e-12 8.161249454019525729e-12 7.501947847654566459e-12
2.756089999999999804e+02 3.370156250000000000e+03 8.440955399924288116e-12 8.427444506131642754e-12 7.855710006110516730e-12
2.765000000000000000e+02 3.387656250000000000e+03 8.537371330719079054e-12 8.452278807413726724e-12 7.750080091573074981e-12
2.773750000000000000e+02 3.400781250000000000e+03 8.534914094915357907e-12 7.995030852636642038e-12 7.795528979281929338e-12
2.782660000000000196e+02 3.415156250000000000e+03 8.550269867124704604e-12 8.234780912719230628e-12 7.668163846952236185e-12
2.791410000000000196e+02 3.426875000000000000e+03 8.391827163722886951e-12 8.585272250061226629e-12 7.469814697347310073e-12
2.800310000000000059e+02 3.443437500000000000e+03 8.332871719030077173e-12 8.215577523840167373e-12 7.974021616619086927e-12
2.809060000000000059e+02 3.456718750000000000e+03 8.370333939855534311e-12 8.310764403052228744e-12 8.147036864580847748e-12
2.817810000000000059e+02 3.475781250000000000e+03 8.387529386311154411e-12 8.201453405298764210e-12 7.937386858891670727e-12
2.826720000000000255e+02 3.490000000000000000e+03 8.219875301251899913e-12 8.643612735281802628e-12 7.759615866520519489e-12
2.835629999999999882e+02 3.504843750000000000e+03 8.591412303804446537e-12 8.361738385032069232e-12 7.785700036067044749e-12
2.844379999999999882e+02 3.522343750000000000e+03 8.384456323673461497e-12 8.433588029321814616e-12 7.957341383035831939e-12
2.853129999999999882e+02 3.534062500000000000e+03 8.436043530402059787e-12 8.471045913338581812e-12 7.585366362805601170e-12
2.862029999999999745e+02 3.551718750000000000e+03 8.392438653748168775e-12 8.329936566908724416e-12 8.178551585968918403e-12
2.870779999999999745e+02 3.570937500000000000e+03 8.291112588154625485e-12 8.372788573574041493e-12 8.016661119658596846e-12
2.879529999999999745e+02 3.581562500000000000e+03 8.409638437012478818e-12 8.352522666565942444e-12 7.746397273633576219e-12
2.888279999999999745e+02 3.594375000000000000e+03 8.146796605379424960e-12 8.823021306614275971e-12 8.164954823364212189e-12
2.897189999999999941e+02 3.613437500000000000e+03 8.153213347517063170e-12 8.456603473039336905e-12 7.895623391207529096e-12
2.905939999999999941e+02 3.622656250000000000e+03 8.569920814660569874e-12 8.559796968454769228e-12 7.679463835674749106e-12
2.914689999999999941e+02 3.643750000000000000e+03 8.398582176938340638e-12 8.572991275213048823e-12 7.831906997934900971e-12
2.923589999999999804e+02 3.657031250000000000e+03 8.574220326795778391e-12 8.292956599209588830e-12 7.910364203944642014e-12
2.932339999999999804e+02 3.675312500000000000e+03 8.682299670881299392e-12 8.406565374374785904e-12 7.856625072744094496e-12
2.941089999999999804e+02 3.690000000000000000e+03 8.385072150507433264e-12 8.581417694497606163e-12 7.801009838104278060e-12
2.950000000000000000e+02 3.700937500000000000e+03 8.196537198967845939e-12 8.467978054871316829e-12 7.818859275310341417e-12
2.958910000000000196e+02 3.711562500000000000e+03 8.450171118390414904e-12 8.661129105580478438e-12 7.902965608319600932e-12
2.967810000000000059e+02 3.735781250000000000e+03 8.300943266092986050e-12 8.933006244438157495e-12 7.919648443988069886e-12
2.976560000000000059e+02 3.747031250000000000e+03 8.245667169892723081e-12 8.791505717864467329e-12 7.840358570709859976e-12
2.985470000000000255e+02 3.758437500000000000e+03 8.170132105578264969e-12 8.553952685064203365e-12 7.806573963653473669e-12
2.994220000000000255e+02 3.768593750000000000e+03 8.128990536260261024e-12 8.201410904573602778e-12 7.730569656638763831e-12
3.002970000000000255e+02 3.777031250000000000e+03 8.308308034610245585e-12 8.668542446355065323e-12 7.952397421129298039e-12
3.011879999999999882e+02 3.782187500000000000e+03 8.217422402256868708e-12 8.256726032052075226e-12 7.822640972487970856e-12
3.020779999999999745e+02 3.790000000000000000e+03 8.157241375428281316e-12 8.355594861841897369e-12 7.529134433970074980e-12
3.029689999999999941e+02 3.795000000000000000e+03 8.127758882592317491e-12 8.267158659036599744e-12 7.496383722105370850e-12
3.038439999999999941e+02 3.796406250000000000e+03 8.043011569258684546e-12 8.292862056780148095e-12 7.405554468264963219e-12
3.047189999999999941e+02 3.798281250000000000e+03 8.055296880915552293e-12 8.361736650308593255e-12 7.935542847836707381e-12
3.056089999999999804e+02 3.797500000000000000e+03 8.381999087869740350e-12 8.315678874659671038e-12 7.841793187024492795e-12
3.064839999999999804e+02 3.800625000000000000e+03 8.050997368780343777e-12 8.147412432213396727e-12 7.813986437066322566e-12
3.073589999999999804e+02 3.799687500000000000e+03 8.055295146192076317e-12 8.194695789998096558e-12 7.694114442791111230e-12
3.082339999999999804e+02 3.798906250000000000e+03 7.870834192735820523e-12 8.618494806711396450e-12 7.948071888141949870e-12
3.091410000000000196e+02 3.799062500000000000e+03 8.043013303982160522e-12 8.494913973644546701e-12 8.056205008655226152e-12
3.100160000000000196e+02 3.797500000000000000e+03 8.257335787353881074e-12 8.129735599993193063e-12 7.885045914812760515e-12
3.109060000000000059e+02 3.797343750000000000e+03 8.175661536657941042e-12 8.560094473530899251e-12 7.918348268742825269e-12
3.117970000000000255e+02 3.796875000000000000e+03 7.780172339710844653e-12 8.103808422921243704e-12 7.846735414207550718e-12
3.126879999999999882e+02 3.796093750000000000e+03 7.702182641677879360e-12 8.300275397554734980e-12 7.820782216283461707e-12
3.135629999999999882e+02 3.794843750000000000e+03 7.461166233457827701e-12 8.283592561886266026e-12 7.811492772069605905e-12
3.144379999999999882e+02 3.795000000000000000e+03 7.765173053175811191e-12 7.847354710488474439e-12 7.829913800661003620e-12
3.153279999999999745e+02 3.791406250000000000e+03 7.661982159845592832e-12 8.367260877217841397e-12 8.133284844225041610e-12
3.162029999999999745e+02 3.791406250000000000e+03 7.864305560933981809e-12 8.067947351864113159e-12 7.971775149717696962e-12
3.170939999999999941e+02 3.789843750000000000e+03 7.736573534589119561e-12 8.164338996530240422e-12 7.746015634468861322e-12
3.179839999999999804e+02 3.787812500000000000e+03 7.844657215483330504e-12 8.326225993393610025e-12 7.932473254645966421e-12
3.188589999999999804e+02 3.785625000000000000e+03 7.840355101262908022e-12 8.270849283231740401e-12 8.035815068918594761e-12
3.197339999999999804e+02 3.784843750000000000e+03 8.024587938582072866e-12 8.127876843788683914e-12 8.012307831095633048e-12
3.206250000000000000e+02 3.782343750000000000e+03 7.778945022851591062e-12 8.165574119645135909e-12 7.876393981476326189e-12
3.215000000000000000e+02 3.780781250000000000e+03 8.062379756867965597e-12 8.077830938868491018e-12 7.727480114128049138e-12
3.223750000000000000e+02 3.781093750000000000e+03 8.224788905497604219e-12 8.203884620250345705e-12 7.563393487897140943e-12
3.232500000000000000e+02 3.777656250000000000e+03 7.839741876514150221e-12 8.472667012426882138e-12 7.928786967259515706e-12
3.241410000000000196e+02 3.778125000000000000e+03 7.761748709034232974e-12 8.033803657048199653e-12 7.723151111693749016e-12
3.250160000000000196e+02 3.776875000000000000e+03 7.794296458252247817e-12 8.071652721208799619e-12 7.700910222008250372e-12
3.259060000000000059e+02 3.777031250000000000e+03 8.107492975584218442e-12 8.317574060057175700e-12 7.734895189626112000e-12
3.267810000000000059e+02 3.775937500000000000e+03 7.828689953248701983e-12 8.181802457762898939e-12 7.743546255600808337e-12
3.276720000000000255e+02 3.775000000000000000e+03 7.949664364292896579e-12 8.056820835489197918e-12 7.689167878799363365e-12
3.285470000000000255e+02 3.775781250000000000e+03 7.832371903826462756e-12 8.137148940767779948e-12 7.560650890081621611e-12
3.294220000000000255e+02 3.774687500000000000e+03 8.200225221077772630e-12 8.300275397554734980e-12 7.854152224429089557e-12
3.303129999999999882e+02 3.772656250000000000e+03 8.183643866732648320e-12 8.206973295399322410e-12 7.723155448502438958e-12
3.311879999999999882e+02 3.772500000000000000e+03 7.947824690046623175e-12 8.797140967076177986e-12 7.821933205309772319e-12
3.320629999999999882e+02 3.772812500000000000e+03 7.863687132014796077e-12 7.941277843648286705e-12 7.809649628376380548e-12
3.329529999999999745e+02 3.772812500000000000e+03 8.023974713833315064e-12 8.210661317509249102e-12 7.912235103213483001e-12
3.338279999999999745e+02 3.772343750000000000e+03 7.581812781765062681e-12 8.252075238412981406e-12 7.904223282839684117e-12
3.347189999999999941e+02 3.772500000000000000e+03 7.795528111920191350e-12 8.227858498688345179e-12 7.408025581856492181e-12
3.355939999999999941e+02 3.770781250000000000e+03 7.498855703058637800e-12 8.358054699730832482e-12 7.729952962443054076e-12
3.364689999999999941e+02 3.772343750000000000e+03 7.524809768344464800e-12 8.417619899725448107e-12 8.020367356365021294e-12
3.373589999999999804e+02 3.772031250000000000e+03 7.762365403229942729e-12 8.459997459520085528e-12 7.852914499228980105e-12
3.382500000000000000e+02 3.772812500000000000e+03 7.984059594012826722e-12 8.371562124076525890e-12 7.607606385129361826e-12
3.391250000000000000e+02 3.772968750000000000e+03 7.772804101746633165e-12 8.230312265045114373e-12 7.957337046227141997e-12
3.400000000000000000e+02 3.772500000000000000e+03 7.773418193857128955e-12 8.352797620236884768e-12 7.995031719998380026e-12
3.408910000000000196e+02 3.771718750000000000e+03 7.814601396538556344e-12 8.429903476658839878e-12 7.788653402784895263e-12
3.417660000000000196e+02 3.770781250000000000e+03 7.527773543403171175e-12 8.312604944660240136e-12 7.947455193946240115e-12
3.426560000000000059e+02 3.773125000000000000e+03 7.647526709120278099e-12 8.342084835410989996e-12 7.879045506309356739e-12
3.435310000000000059e+02 3.771093750000000000e+03 7.627259934750441062e-12 8.220491995447609668e-12 7.718214088681119023e-12
3.444060000000000059e+02 3.772187500000000000e+03 7.729952962443054076e-12 8.483947051829421326e-12 7.982057723121549486e-12
3.452970000000000255e+02 3.770468750000000000e+03 8.032572003380256120e-12 8.158158176785335058e-12 7.998182845192491897e-12
3.461879999999999882e+02 3.772031250000000000e+03 7.934929623087949579e-12 8.222423610038109842e-12 7.946220070831344628e-12
3.470779999999999745e+02 3.770625000000000000e+03 8.022743927527109520e-12 8.232920421791245502e-12 7.887519630489503442e-12
3.479529999999999745e+02 3.772187500000000000e+03 8.041168425565459188e-12 8.136358774224472512e-12 7.964753856448680835e-12
3.488279999999999745e+02 3.772187500000000000e+03 8.137585223721988115e-12 8.342296471675059166e-12 7.951160563290926575e-12
3.497189999999999941e+02 3.770156250000000000e+03 7.727973642956964540e-12 8.719762759068494518e-12 8.064237645710736757e-12
3.505939999999999941e+02 3.770468750000000000e+03 7.945368321604640016e-12 8.096989224937178875e-12 7.674341197250189595e-12
3.514839999999999804e+02 3.770312500000000000e+03 8.017217965894385401e-12 8.292859454694934129e-12 7.794214926248876907e-12
3.523589999999999804e+02 3.771562500000000000e+03 8.037667753590937991e-12 8.174219981449404315e-12 7.644452779120847197e-12
3.532500000000000000e+02 3.771718750000000000e+03 7.980373306626376007e-12 8.325609299197900270e-12 7.709546542833400906e-12
3.541250000000000000e+02 3.771406250000000000e+03 7.963177860170755906e-12 8.366389178671163052e-12 7.982058590483287475e-12
3.550160000000000196e+02 3.771718750000000000e+03 7.869221767264900080e-12 8.089571547353902048e-12 7.667544550671312464e-12
3.558910000000000196e+02 3.770156250000000000e+03 7.786798116027338068e-12 8.412733183693621442e-12 7.592255817090443060e-12
3.567660000000000196e+02 3.770156250000000000e+03 8.047927775589602817e-12 8.421305319750160834e-12 8.272472984405254692e-12
3.576560000000000059e+02 3.772031250000000000e+03 8.144959533218365522e-12 8.340439450194025994e-12 7.726743724012496983e-12
3.585310000000000059e+02 3.771093750000000000e+03 8.090805803107059546e-12 8.127267088486878066e-12 7.560322159982924006e-12
3.594060000000000059e+02 3.772187500000000000e+03 7.810878679959110116e-12 8.126025893839816661e-12 7.498857437782113777e-12
3.602970000000000255e+02 3.772656250000000000e+03 7.911611470123869339e-12 8.163994653920259026e-12 8.009246044160533984e-12
3.611720000000000255e+02 3.771406250000000000e+03 7.622345463142998767e-12 8.177501210904214446e-12 8.105639423550137224e-12
3.620629999999999882e+02 3.772812500000000000e+03 7.826847676917214613e-12 8.421920279222394612e-12 7.729952962443054076e-12
3.629379999999999882e+02 3.771718750000000000e+03 7.872290493093903052e-12 8.030114767576534973e-12 8.018510334883988122e-12
