Start time (s) =
1547808220
'Reltime', '44.00[A]'
0.000000000000000000e+00 2.279422484097182178e-11
1.250000000000000000e-01 2.251140072961899108e-11
2.650000000000000133e-01 2.369869925300527314e-11
4.060000000000000275e-01 2.354497326273463642e-11
5.310000000000000275e-01 2.170027178782785171e-11
6.560000000000000275e-01 2.278945608613636153e-11
7.970000000000000417e-01 2.172529690869229313e-11
9.370000000000000551e-01 2.320534910060789713e-11
1.062000000000000055e+00 2.352710040676164738e-11
1.187000000000000055e+00 2.263335005525668464e-11
1.328000000000000069e+00 2.344844977908433492e-11
1.453000000000000069e+00 2.084942114788379541e-11
1.593999999999999861e+00 2.286572320375768186e-11
1.718999999999999861e+00 2.187902289896292984e-11
1.843999999999999861e+00 2.253682310215943119e-11
1.983999999999999986e+00 2.240812396747671187e-11
2.108999999999999986e+00 2.250822271621100157e-11
2.233999999999999986e+00 2.339482427227146388e-11
2.375000000000000000e+00 2.336979915140702246e-11
2.500000000000000000e+00 2.318747450991143211e-11
2.640000000000000124e+00 2.249749865568251295e-11
2.765000000000000124e+00 2.326612340286526859e-11
2.906000000000000139e+00 2.255469769285589621e-11
3.031000000000000139e+00 2.227584783298652837e-11
3.156000000000000139e+00 2.269412435751405610e-11
3.297000000000000153e+00 2.172886870432932938e-11
3.422000000000000153e+00 2.277634851555188078e-11
3.547000000000000153e+00 2.153939873683619055e-11
3.687000000000000277e+00 2.212212184271589166e-11
3.812000000000000277e+00 2.339482427227146388e-11
3.937000000000000277e+00 2.255469595813242023e-11
4.078000000000000291e+00 2.181109633181410601e-11
4.203000000000000291e+00 2.294437556615847029e-11
4.328000000000000291e+00 2.128199699802379996e-11
4.453000000000000291e+00 2.324110001672430315e-11
4.594000000000000306e+00 2.289074658989864730e-11
4.719000000000000306e+00 2.311955141220956023e-11
4.858999999999999986e+00 2.186829710371096525e-11
4.983999999999999986e+00 2.330544784934218683e-11
5.125000000000000000e+00 2.291577344548656470e-11
5.264999999999999680e+00 2.212927410760734404e-11
5.389999999999999680e+00 2.289075005934559925e-11
5.514999999999999680e+00 2.240812396747671187e-11
5.655999999999999694e+00 2.308022349628569003e-11
5.780999999999999694e+00 2.328042272847774541e-11
5.905999999999999694e+00 2.320892783513883728e-11
6.046999999999999709e+00 2.334477229581910507e-11
6.187000000000000277e+00 2.206492454026598438e-11
6.312000000000000277e+00 2.109967062180473363e-11
6.437000000000000277e+00 2.220434947020066829e-11
6.562000000000000277e+00 2.288717305953813508e-11
6.703000000000000291e+00 2.245460067884508248e-11
6.828000000000000291e+00 2.341269886296792890e-11
6.953000000000000291e+00 2.191477208035585988e-11
7.094000000000000306e+00 2.234734793049586443e-11
7.219000000000000306e+00 2.201487776798405349e-11
7.344000000000000306e+00 2.226155197682100351e-11
7.483999999999999986e+00 2.318390097955091989e-11
7.625000000000000000e+00 2.374517422965016777e-11
7.750000000000000000e+00 2.250465092057396532e-11
7.875000000000000000e+00 2.314457306362704969e-11
8.015000000000000568e+00 2.262262079055776809e-11
8.140000000000000568e+00 2.226869730281855198e-11
8.265000000000000568e+00 2.168597072749189891e-11
8.406000000000000583e+00 2.146789690460337852e-11
8.531000000000000583e+00 2.192549961033130046e-11
8.672000000000000597e+00 2.225082097739861098e-11
8.797000000000000597e+00 2.273702406907496254e-11
8.922000000000000597e+00 2.324825054689227954e-11
9.061999999999999389e+00 2.315887412396300249e-11
9.186999999999999389e+00 2.270484668331906875e-11
9.311999999999999389e+00 2.232232280963142301e-11
9.452999999999999403e+00 2.277277498519136856e-11
9.577999999999999403e+00 2.272987527363046212e-11
9.702999999999999403e+00 2.306949943575720141e-11
9.843999999999999417e+00 2.412412630770077726e-11
9.968999999999999417e+00 2.218647314478072730e-11
1.009399999999999942e+01 2.212212357743936764e-11
1.023399999999999999e+01 2.224009865159359833e-11
1.037500000000000000e+01 2.187902289896292984e-11
1.050000000000000000e+01 2.293722503599049389e-11
1.062500000000000000e+01 2.236522425591580543e-11
1.076500000000000057e+01 2.293722503599049389e-11
1.089000000000000057e+01 2.254754889741139579e-11
1.101500000000000057e+01 2.227942483279399255e-11
1.115600000000000058e+01 2.324824707744532759e-11
1.129700000000000060e+01 2.202917362414957836e-11
1.142200000000000060e+01 2.231874927927091079e-11
1.154700000000000060e+01 2.232589633999193524e-11
1.167200000000000060e+01 2.345559857452883534e-11
1.181199999999999939e+01 2.240097343730873547e-11
1.193699999999999939e+01 2.281924649238931124e-11
1.206199999999999939e+01 2.242600029289665287e-11
1.220299999999999940e+01 2.279422657569529775e-11
1.232799999999999940e+01 2.340912186316046473e-11
1.245299999999999940e+01 2.231517574891039857e-11
1.259399999999999942e+01 2.330187431898167461e-11
1.271899999999999942e+01 2.155369979717214335e-11
1.284399999999999942e+01 2.250107392076650115e-11
1.298399999999999999e+01 2.221507700017610887e-11
1.310899999999999999e+01 2.237952184680480627e-11
1.325000000000000000e+01 2.190762328491135946e-11
1.337500000000000000e+01 2.358787470901901884e-11
1.351500000000000057e+01 2.182539565742658283e-11
1.365600000000000058e+01 2.250464571640353739e-11
1.378100000000000058e+01 2.181109633181410601e-11
1.390600000000000058e+01 2.281209769694481082e-11
1.403100000000000058e+01 2.253682483688290716e-11
1.417200000000000060e+01 2.207763312445099046e-11
1.429700000000000060e+01 2.180394753636960559e-11
1.442200000000000060e+01 2.234377440013535221e-11
1.456199999999999939e+01 2.259044687424882625e-11
1.468699999999999939e+01 2.295867315704747114e-11
1.481199999999999939e+01 2.267982329717810330e-11
1.495299999999999940e+01 2.239739990694822325e-11
1.509399999999999942e+01 2.275847045540846381e-11
1.521899999999999942e+01 2.277634851555188078e-11
1.534399999999999942e+01 2.246532473937357111e-11
1.548399999999999999e+01 2.162877169031851565e-11
1.560899999999999999e+01 2.245102367903761831e-11
1.573399999999999999e+01 2.196839411772177897e-11
1.587500000000000000e+01 2.333404823529061645e-11
1.600000000000000000e+01 2.385600050835989805e-11
1.612500000000000000e+01 2.359144823937953106e-11
1.626500000000000057e+01 2.257972107899686165e-11
1.639000000000000057e+01 2.178249941531262834e-11
1.651500000000000057e+01 2.278349731099638120e-11
1.664000000000000057e+01 2.239382117241728309e-11
1.678099999999999881e+01 2.294079856635100612e-11
1.692200000000000060e+01 2.192549614088434851e-11
1.704700000000000060e+01 2.188259816404691804e-11
1.717200000000000060e+01 2.264764938086916146e-11
1.731200000000000117e+01 2.194337246630428950e-11
1.745299999999999940e+01 2.289075179406907523e-11
1.757799999999999940e+01 2.297654948246741213e-11
1.770299999999999940e+01 2.098527081273449113e-11
1.784400000000000119e+01 2.237237478608378183e-11
1.798400000000000176e+01 2.212212184271589166e-11
1.810900000000000176e+01 2.232589807471541121e-11
1.823400000000000176e+01 2.172887217377628133e-11
1.837500000000000000e+01 2.223652512123308611e-11
1.850000000000000000e+01 2.229014715859900519e-11
1.862500000000000000e+01 2.247247353481807153e-11
1.875000000000000000e+01 2.179322174111764099e-11
1.889000000000000057e+01 2.194337073158081353e-11
1.901500000000000057e+01 2.222937459106510971e-11
1.914000000000000057e+01 2.228299836315450477e-11
1.928099999999999881e+01 2.218646967533377534e-11
1.940599999999999881e+01 2.246532300465009513e-11
1.953099999999999881e+01 2.064207138552376364e-11
1.967200000000000060e+01 2.288359605973067090e-11
1.979700000000000060e+01 2.118547351437349846e-11
1.993700000000000117e+01 2.254754889741139579e-11
2.006200000000000117e+01 2.215430096319526143e-11
2.020299999999999940e+01 2.156084685789316779e-11
2.032799999999999940e+01 2.203274888923356656e-11
2.045299999999999940e+01 2.193980067066725326e-11
2.059400000000000119e+01 2.285499914322919324e-11
2.071900000000000119e+01 2.164664801573845665e-11
2.084400000000000119e+01 2.194045813086464847e-11
2.098400000000000176e+01 2.118189651456603428e-11
2.112500000000000000e+01 2.128914579346830038e-11
2.125000000000000000e+01 2.153224820666821415e-11
2.137500000000000000e+01 2.242599855817317689e-11
2.150000000000000000e+01 2.167524666696341029e-11
2.164000000000000057e+01 2.385957403872041027e-11
2.176500000000000057e+01 2.071714848284056387e-11
2.189000000000000057e+01 2.161089709962205063e-11
2.203099999999999881e+01 2.154654579755721500e-11
2.215599999999999881e+01 2.200057150347767276e-11
2.228099999999999881e+01 2.178607121094966459e-11
2.242200000000000060e+01 2.258687507861179000e-11
2.254700000000000060e+01 2.277277325046789258e-11
2.267200000000000060e+01 2.291219818040257650e-11
2.281200000000000117e+01 2.208637439604643760e-11
2.295299999999999940e+01 2.318032397974345571e-11
2.307799999999999940e+01 2.185757477790595260e-11
2.320299999999999940e+01 2.227942136334704060e-11
2.334400000000000119e+01 2.236879952099979363e-11
2.348400000000000176e+01 2.210067198693543844e-11
2.360900000000000176e+01 2.129987332344374096e-11
2.373400000000000176e+01 2.138924801164954204e-11
2.385900000000000176e+01 2.184327545229347578e-11
2.400000000000000000e+01 2.243314561889420133e-11
2.412500000000000000e+01 2.084584414807633124e-11
2.425000000000000000e+01 2.239382290714075907e-11
2.439000000000000057e+01 2.298727354299590075e-11
2.451500000000000057e+01 2.191834734543984808e-11
2.464000000000000057e+01 2.183969498303905965e-11
2.478099999999999881e+01 2.244029788378565371e-11
2.490599999999999881e+01 2.081009670140687717e-11
2.503099999999999881e+01 2.145717284407488989e-11
2.517200000000000060e+01 2.298727527771937673e-11
2.529700000000000060e+01 2.177177362006066375e-11
2.542200000000000060e+01 2.177177188533718777e-11
2.556200000000000117e+01 2.200414850328513694e-11
2.570299999999999940e+01 2.070642268758859927e-11
2.582799999999999940e+01 2.267982676662505526e-11
2.596900000000000119e+01 2.115687312842506884e-11
2.609400000000000119e+01 2.225797497701353933e-11
2.621900000000000119e+01 2.254397710177435954e-11
2.635900000000000176e+01 2.197912338242069552e-11
2.648400000000000176e+01 2.192192261052383628e-11
2.660900000000000176e+01 2.094237110117358469e-11
2.675000000000000000e+01 2.223652338650961013e-11
2.687500000000000000e+01 2.144644878354640127e-11
2.701500000000000057e+01 2.197912511714417150e-11
2.714000000000000057e+01 2.144644878354640127e-11
2.728099999999999881e+01 2.128914752819177636e-11
2.740599999999999881e+01 2.207564686607099702e-11
2.753099999999999881e+01 2.173655352932790663e-11
2.767200000000000060e+01 2.241884802800520049e-11
2.779700000000000060e+01 2.334119876545859285e-11
2.792200000000000060e+01 2.231159874910293439e-11
2.806200000000000117e+01 2.146789516987990254e-11
2.818700000000000117e+01 2.102817225901887355e-11
2.831200000000000117e+01 2.250464745112701337e-11
2.845299999999999940e+01 2.211854831235537944e-11
2.857799999999999940e+01 2.237952358152828225e-11
2.870299999999999940e+01 2.192907314069181268e-11
2.884400000000000119e+01 2.197197285225271912e-11
2.896900000000000119e+01 2.051337225084104432e-11
2.909400000000000119e+01 2.272987353890698614e-11
2.923400000000000176e+01 2.221864706108966914e-11
2.935900000000000176e+01 2.253682136743595521e-11
2.950000000000000000e+01 2.224009691687012236e-11
2.964000000000000057e+01 2.170027178782785171e-11
2.976500000000000057e+01 2.247962233026257195e-11
2.989000000000000057e+01 2.119527123256581547e-11
3.003099999999999881e+01 2.267624629737063913e-11
3.015599999999999881e+01 2.330187258425819863e-11
3.028099999999999881e+01 2.114257033336564007e-11
3.042200000000000060e+01 2.281567296202879902e-11
3.054700000000000060e+01 2.263692532034067284e-11
3.067200000000000060e+01 2.146432510896634227e-11
3.081200000000000117e+01 2.204347121503857920e-11
3.093700000000000117e+01 2.262620472925913617e-11
3.106200000000000117e+01 2.237594831644429405e-11
3.120299999999999940e+01 2.121049690051446390e-11
3.132799999999999940e+01 2.138567101184207786e-11
3.145299999999999940e+01 2.232589807471541121e-11
3.159400000000000119e+01 2.143572298829443668e-11
3.171900000000000119e+01 2.202202482870507794e-11
3.185900000000000176e+01 2.265837517612112606e-11
3.200000000000000000e+01 2.142499719304247208e-11
3.212500000000000000e+01 2.175747082500123497e-11
3.225000000000000000e+01 2.124267255154688172e-11
3.239000000000000057e+01 2.259759913914027862e-11
3.251500000000000057e+01 2.150364435127283258e-11
3.264000000000000057e+01 2.201130076817658932e-11
3.278099999999999881e+01 2.206849807062649660e-11
3.290599999999999881e+01 2.153224820666821415e-11
3.304699999999999704e+01 2.177892241550516417e-11
3.317199999999999704e+01 2.305520011014472459e-11
3.331199999999999761e+01 2.244029788378565371e-11
3.343699999999999761e+01 2.174674676447274635e-11
3.356199999999999761e+01 2.153224647194473818e-11
3.368699999999999761e+01 2.231119976270345973e-11
3.382800000000000296e+01 2.276562098557644021e-11
3.395300000000000296e+01 2.203632241959407878e-11
3.407800000000000296e+01 2.237595005116777003e-11
3.421900000000000119e+01 2.097812028256651473e-11
3.434400000000000119e+01 2.144644878354640127e-11
3.446900000000000119e+01 2.111039988650365018e-11
3.460900000000000176e+01 2.301944572458136662e-11
3.473400000000000176e+01 2.280852243186082262e-11
3.485900000000000176e+01 2.204347121503857920e-11
3.500000000000000000e+01 2.114257033336564007e-11
3.512500000000000000e+01 2.156084685789316779e-11
3.526500000000000057e+01 2.210424898674290262e-11
3.539000000000000057e+01 2.189332222457540666e-11
3.553099999999999881e+01 2.248174216235021561e-11
3.567199999999999704e+01 2.119619757490198708e-11
3.579699999999999704e+01 2.181109459709063003e-11
3.592199999999999704e+01 2.121764916540591628e-11
3.606199999999999761e+01 2.294437556615847029e-11
3.618699999999999761e+01 2.152866947213727400e-11
3.631199999999999761e+01 2.152509767650023775e-11
3.643699999999999761e+01 2.245102367903761831e-11
3.657800000000000296e+01 2.198984744294918414e-11
3.670300000000000296e+01 2.134634830008863560e-11
3.682800000000000296e+01 2.154654753228069097e-11
3.696900000000000119e+01 2.080652317104636495e-11
3.709400000000000119e+01 2.176104955953217512e-11
3.721900000000000119e+01 2.132489844430818238e-11
3.735900000000000176e+01 2.117117071931406969e-11
3.748400000000000176e+01 2.175032029483325857e-11
3.762500000000000000e+01 2.157872318331310879e-11
3.775000000000000000e+01 2.285499740850571726e-11
3.789000000000000057e+01 2.252609904163094257e-11
3.801500000000000057e+01 2.251537671582592992e-11
3.814000000000000057e+01 2.144644878354640127e-11
3.828099999999999881e+01 2.161447236470603883e-11
3.842199999999999704e+01 2.139639854181751843e-11
3.854699999999999704e+01 2.154654926700416695e-11
3.867199999999999704e+01 2.226512203773456378e-11
3.879699999999999704e+01 2.229371895423604144e-11
3.893699999999999761e+01 2.189689748965939486e-11
3.906199999999999761e+01 2.172887217377628133e-11
3.918699999999999761e+01 2.160374656945407423e-11
3.932800000000000296e+01 2.183612145267854743e-11
3.946900000000000119e+01 2.205062347993003158e-11
3.959400000000000119e+01 2.252252204182347839e-11
3.971900000000000119e+01 2.166809613679543389e-11
3.985900000000000176e+01 2.103174578937938577e-11
3.998400000000000176e+01 2.130344685380425318e-11
4.010900000000000176e+01 2.246174773956610693e-11
4.025000000000000000e+01 2.252609730690746659e-11
4.037500000000000000e+01 2.176462308989268735e-11
4.050000000000000000e+01 2.228300009787798075e-11
4.064000000000000057e+01 2.172529864341576911e-11
4.076500000000000057e+01 2.191477208035585988e-11
4.089000000000000057e+01 2.104247158463135037e-11
4.103099999999999881e+01 2.151079488144080898e-11
4.115599999999999881e+01 2.276204918993940396e-11
4.129699999999999704e+01 2.233662213524389983e-11
4.142199999999999704e+01 2.087087100366424863e-11
4.154699999999999704e+01 2.217575081897571465e-11
4.168699999999999761e+01 2.158587197875760921e-11
4.182800000000000296e+01 2.139639854181751843e-11
4.195300000000000296e+01 2.149649555582833216e-11
4.207800000000000296e+01 2.163234522067902788e-11
4.221900000000000119e+01 2.149649902527528411e-11
4.234400000000000119e+01 2.181467159689809421e-11
4.246900000000000119e+01 2.123194502157144115e-11
4.260900000000000176e+01 2.451379897683292342e-11
4.273400000000000176e+01 2.945803323495255199e-11
4.285900000000000176e+01 3.176748447630828309e-11
4.300000000000000000e+01 3.180323018825426118e-11
4.314000000000000057e+01 3.252896216277001429e-11
4.326500000000000057e+01 3.072357993016971989e-11
4.339000000000000057e+01 3.047333219097225765e-11
4.353099999999999881e+01 3.105248003176797056e-11
4.365599999999999881e+01 3.257185493543701682e-11
4.378099999999999881e+01 3.146717955648803411e-11
4.390599999999999881e+01 3.188545955046251379e-11
4.404699999999999704e+01 3.222865724294976530e-11
4.417199999999999704e+01 3.171028370441142386e-11
4.429699999999999704e+01 3.077720370225911495e-11
4.443699999999999761e+01 3.171386070421888803e-11
4.456199999999999761e+01 3.115973451484066459e-11
4.468699999999999761e+01 3.214285781982795243e-11
4.482800000000000296e+01 3.274346072057454649e-11
4.496900000000000119e+01 3.144215790507054464e-11
4.509400000000000119e+01 3.238953549811185439e-11
4.521900000000000119e+01 3.197840603430535111e-11
4.535900000000000176e+01 3.155298591850375090e-11
4.550000000000000000e+01 3.264693029803034108e-11
4.562500000000000000e+01 3.175318341597233029e-11
4.575000000000000000e+01 3.310811000356572720e-11
4.589000000000000057e+01 3.157443057011377618e-11
4.601500000000000057e+01 3.268625994867768725e-11
4.614000000000000057e+01 3.248433466662703495e-11
4.626500000000000057e+01 3.295080180931719838e-11
4.640599999999999881e+01 3.228043179981376909e-11
4.653099999999999881e+01 3.303660817133291516e-11
4.665599999999999881e+01 3.069498821783867015e-11
4.679699999999999704e+01 3.381596044849111138e-11
4.692199999999999704e+01 3.208565357848414124e-11
4.704699999999999704e+01 3.175675347688589056e-11
4.718699999999999761e+01 3.254683328401952735e-11
4.731199999999999761e+01 3.182467830931123842e-11
4.743699999999999761e+01 3.038038223768246837e-11
4.757800000000000296e+01 3.164593240234658822e-11
4.771900000000000119e+01 3.211068216879553461e-11
4.784400000000000119e+01 3.291863656662563642e-11
4.798400000000000176e+01 3.313313165498321666e-11
4.810900000000000176e+01 3.214285435038100047e-11
4.823400000000000176e+01 3.168883558335444661e-11
4.837500000000000000e+01 3.190333067171202686e-11
4.850000000000000000e+01 3.335478074295572526e-11
4.862500000000000000e+01 3.117045857536915321e-11
4.876500000000000057e+01 3.207851345665702070e-11
4.889000000000000057e+01 3.143143384454205602e-11
4.903099999999999881e+01 3.134920448233380341e-11
4.921900000000000119e+01 3.064136097630232314e-11
4.940599999999999881e+01 3.110968080366482980e-11
4.957800000000000296e+01 3.018375827057440119e-11
4.976500000000000057e+01 3.202488274567372173e-11
4.993699999999999761e+01 3.266837841908731832e-11
5.012500000000000000e+01 3.215358534980339300e-11
5.029699999999999704e+01 3.188545955046251379e-11
5.048400000000000176e+01 3.275061125074252288e-11
5.065599999999999881e+01 3.210711210788197434e-11
5.084400000000000119e+01 3.204990439709121119e-11
5.104699999999999704e+01 3.156728697883970369e-11
5.121900000000000119e+01 3.140640872367761460e-11
5.140599999999999881e+01 3.214643828908236856e-11
5.157800000000000296e+01 3.324753319877693514e-11
5.176500000000000057e+01 3.196053144360888609e-11
5.193699999999999761e+01 3.220005859172481166e-11
5.212500000000000000e+01 3.110610033441041367e-11
5.229699999999999704e+01 3.214285781982795243e-11
5.248400000000000176e+01 3.173530188638196137e-11
5.267199999999999704e+01 3.300800952010796152e-11
5.284400000000000119e+01 3.139926166295659016e-11
5.303099999999999881e+01 3.142428678382103158e-11
5.320300000000000296e+01 3.140640872367761460e-11
5.339000000000000057e+01 3.214285781982795243e-11
5.357800000000000296e+01 3.289718150667475527e-11
5.375000000000000000e+01 3.212140622932402323e-11
5.387500000000000000e+01 3.097025760845362186e-11
5.401500000000000057e+01 3.174245935544384167e-11
5.414000000000000057e+01 3.297583386907554370e-11
5.426500000000000057e+01 3.183540930873363095e-11
5.440599999999999881e+01 3.352281646717969465e-11
5.453099999999999881e+01 3.189618361099100241e-11
5.465599999999999881e+01 3.238595849830439022e-11
5.479699999999999704e+01 3.317246130563056283e-11
5.492199999999999704e+01 3.241098014972187968e-11
5.504699999999999704e+01 3.206063192706665177e-11
5.518699999999999761e+01 3.224653183364623033e-11
5.532800000000000296e+01 3.274703078148810675e-11
5.545300000000000296e+01 3.140640525423066265e-11
5.557800000000000296e+01 3.144256383036392322e-11
5.570300000000000296e+01 3.240025955864034302e-11
5.584400000000000119e+01 3.127055905882691889e-11
5.596900000000000119e+01 3.238953549811185439e-11
5.609400000000000119e+01 3.229300160612069703e-11
5.623400000000000176e+01 3.218575406194190691e-11
5.635900000000000176e+01 3.130272777096543280e-11
5.648400000000000176e+01 3.204633086673069897e-11
5.662500000000000000e+01 3.246818786051264283e-11
5.675000000000000000e+01 3.235378631671892435e-11
5.687500000000000000e+01 3.181038418786918953e-11
5.701500000000000057e+01 3.306163676164430854e-11
5.714000000000000057e+01 3.239668255883287884e-11
5.728099999999999881e+01 3.094947215176446775e-11
5.740599999999999881e+01 3.370155890469739290e-11
5.754699999999999704e+01 3.054840061467167800e-11
5.768699999999999761e+01 3.184971036906958375e-11
5.781199999999999761e+01 3.225725242472776699e-11
5.793699999999999761e+01 3.166738399285051742e-11
5.806199999999999761e+01 3.197840603430535111e-11
5.820300000000000296e+01 3.286143579472877718e-11
5.832800000000000296e+01 3.296153627818654286e-11
5.845300000000000296e+01 3.103817897143201776e-11
5.859400000000000119e+01 3.155298244905679894e-11
5.871900000000000119e+01 3.228585454539967259e-11
5.884400000000000119e+01 3.428786421455498612e-11
5.898400000000000176e+01 3.190333067171202686e-11
5.910900000000000176e+01 3.144930496579156909e-11
5.923400000000000176e+01 3.144215443562359269e-11
5.937500000000000000e+01 3.205348486634562732e-11
5.950000000000000000e+01 3.300085898993998512e-11
5.964000000000000057e+01 3.320463348721602870e-11
5.976500000000000057e+01 3.281853608316787074e-11
5.990599999999999881e+01 3.356319736025348277e-11
6.003099999999999881e+01 3.269698053975922392e-11
6.015599999999999881e+01 3.347991675561878822e-11
6.029699999999999704e+01 3.370155890469739290e-11
6.042199999999999704e+01 3.021236039124630679e-11
6.056199999999999761e+01 3.013728155920603058e-11
6.068699999999999761e+01 3.287930691597829025e-11
6.081199999999999761e+01 3.208923404773855736e-11
6.095300000000000296e+01 3.149578514660689166e-11
6.107800000000000296e+01 3.358002070852350585e-11
6.120300000000000296e+01 3.288646091559321860e-11
6.134400000000000119e+01 3.310810653411877524e-11
6.148400000000000176e+01 3.314743618476612141e-11
6.160900000000000176e+01 3.344774110458637040e-11
6.173400000000000176e+01 3.292221009698614864e-11
6.187500000000000000e+01 3.163878187217861182e-11
6.200000000000000000e+01 3.102030785018250469e-11
6.212500000000000000e+01 3.252181163260203789e-11
6.226500000000000057e+01 3.202845627603423395e-11
6.239000000000000057e+01 3.195696138269532582e-11
6.251500000000000057e+01 3.218404362459459378e-11
6.265599999999999881e+01 3.289361144576119500e-11
6.278099999999999881e+01 3.307593435253330938e-11
6.290599999999999881e+01 3.217503000141341829e-11
6.303099999999999881e+01 3.224653183364623033e-11
6.317199999999999704e+01 3.152080679802438112e-11
6.331199999999999761e+01 3.286858632489675358e-11
6.343699999999999761e+01 3.192478226221595605e-11
6.356199999999999761e+01 3.372300702575437015e-11
6.370300000000000296e+01 3.173530535582891332e-11
6.384400000000000119e+01 3.240025955864034302e-11
6.396900000000000119e+01 3.300443252030049734e-11
6.409399999999999409e+01 3.184971036906958375e-11
6.423399999999999466e+01 3.211783616841046296e-11
6.435899999999999466e+01 3.305448623147633214e-11
6.448399999999999466e+01 3.281138902244684630e-11
6.462500000000000000e+01 3.195338785233481360e-11
6.475000000000000000e+01 3.212498669857843936e-11
6.487500000000000000e+01 3.207850651776311679e-11
6.501500000000000057e+01 3.220005512227785971e-11
6.514000000000000057e+01 3.285427832566689688e-11
6.526500000000000057e+01 3.264335676766982886e-11
6.540600000000000591e+01 3.290075850648221945e-11
6.553100000000000591e+01 3.219290806155683526e-11
6.565600000000000591e+01 3.222508371258925308e-11
6.578100000000000591e+01 3.351565552867086240e-11
6.592199999999999704e+01 3.481338481381435201e-11
6.606199999999999761e+01 3.273272972115215396e-11
6.618699999999999761e+01 3.334763368223470081e-11
6.632800000000000296e+01 3.230730960535055374e-11
6.645300000000000296e+01 3.057343267443002333e-11
6.659399999999999409e+01 3.262190864661285161e-11
6.671899999999999409e+01 3.295795233948517478e-11
6.684399999999999409e+01 3.231088313571106596e-11
6.698399999999999466e+01 3.225011230290064645e-11
6.710899999999999466e+01 3.181395771822970175e-11
6.723399999999999466e+01 3.278278690177494070e-11
6.737500000000000000e+01 3.486344199443713876e-11
6.751500000000000057e+01 3.254325975365901513e-11
6.764000000000000057e+01 3.298298439924352010e-11
6.776500000000000057e+01 3.114185298525029566e-11
6.789000000000000057e+01 3.255041028382699153e-11
6.803100000000000591e+01 3.225010883345369450e-11
6.815600000000000591e+01 3.233948872582992351e-11
6.828100000000000591e+01 3.099528272931806328e-11
6.842199999999999704e+01 3.244673280056176168e-11
6.854699999999999704e+01 3.148863114699196331e-11
6.868699999999999761e+01 3.214285781982795243e-11
6.881199999999999761e+01 3.283282673516296768e-11
6.895300000000000296e+01 3.230373607499004152e-11
6.907800000000000296e+01 3.248063276672930044e-11
6.920300000000000296e+01 3.331545803120228300e-11
6.934399999999999409e+01 3.101315732001452830e-11
6.946899999999999409e+01 3.123123634707347662e-11
6.959399999999999409e+01 3.297940739943605593e-11
6.973399999999999466e+01 3.164235540253912404e-11
6.985899999999999466e+01 3.349778093797439738e-11
7.000000000000000000e+01 3.299370845977200872e-11
7.012500000000000000e+01 3.352996699734767105e-11
7.025000000000000000e+01 3.260403405591638659e-11
7.039000000000000057e+01 3.342271251427497702e-11
7.051500000000000057e+01 3.250393357245862092e-11
7.064000000000000057e+01 3.307593435253330938e-11
7.078100000000000591e+01 3.245745686109025030e-11
7.090600000000000591e+01 3.345845822622095511e-11
7.103100000000000591e+01 3.311526747262760750e-11
7.117199999999999704e+01 3.253253916257747846e-11
7.129699999999999704e+01 3.248606245120910785e-11
7.142199999999999704e+01 3.309381241267672635e-11
7.156199999999999761e+01 3.267196235778868640e-11
7.168699999999999761e+01 3.333333262189874802e-11
7.181199999999999761e+01 3.201773568495269728e-11
7.195300000000000296e+01 3.323680913824844652e-11
7.209399999999999409e+01 3.256113434435548015e-11
7.221899999999999409e+01 3.387673475074848284e-11
7.235899999999999466e+01 3.272201259951756924e-11
7.248399999999999466e+01 3.149220814679942748e-11
7.262500000000000000e+01 3.256113781380243211e-11
7.275000000000000000e+01 3.222865724294976530e-11
7.287500000000000000e+01 3.159945916042516956e-11
7.300000000000000000e+01 3.203203327584169813e-11
7.314000000000000057e+01 3.185685742979060819e-11
7.326500000000000057e+01 3.364793513260799784e-11
7.339000000000000057e+01 3.255041375327394348e-11
7.353100000000000591e+01 3.264004691527766511e-11
7.365600000000000591e+01 3.388746228072392341e-11
7.378100000000000591e+01 3.051980543289367631e-11
7.392199999999999704e+01 3.343344004425041760e-11
7.404699999999999704e+01 3.225010536400674255e-11
7.417199999999999704e+01 3.250393704190557287e-11
7.431199999999999761e+01 3.223938130347825393e-11
7.445300000000000296e+01 3.306520682255786880e-11
7.457800000000000296e+01 3.270770806973466449e-11
7.470300000000000296e+01 3.330473050122684242e-11
7.484399999999999409e+01 3.249320604248318034e-11
7.498399999999999466e+01 3.292220662753919669e-11
7.510899999999999466e+01 3.260761105572385077e-11
7.523399999999999466e+01 3.236808043816097324e-11
7.535899999999999466e+01 3.255756081399496793e-11
7.550000000000000000e+01 3.453096142358447196e-11
7.562500000000000000e+01 3.217145647105290607e-11
7.575000000000000000e+01 3.270413453937415227e-11
7.589000000000000057e+01 3.285070826475333661e-11
7.603100000000000591e+01 3.196410497396939832e-11
7.615600000000000591e+01 3.305090576222191601e-11
7.628100000000000591e+01 3.408050924802452641e-11
7.642199999999999704e+01 3.342271598372192898e-11
7.654699999999999704e+01 3.098813566859703883e-11
7.667199999999999704e+01 3.238953202866490244e-11
7.681199999999999761e+01 3.319748642649500425e-11
7.693699999999999761e+01 3.360146189068657918e-11
7.706199999999999761e+01 3.290075850648221945e-11
7.720300000000000296e+01 3.221793665186822864e-11
7.732800000000000296e+01 3.365150866296851007e-11
7.745300000000000296e+01 3.380166285760211053e-11
7.759399999999999409e+01 3.335478421240267721e-11
7.771899999999999409e+01 3.310810653411877524e-11
7.785899999999999466e+01 3.222150671278178891e-11
7.798399999999999466e+01 3.191048120188000325e-11
7.810899999999999466e+01 3.231803019643209041e-11
7.825000000000000000e+01 3.216073587997136940e-11
7.839000000000000057e+01 3.221436312150771641e-11
7.851500000000000057e+01 3.261117764719045908e-11
7.864000000000000057e+01 3.213928775891439216e-11
7.878100000000000591e+01 3.280065802302445377e-11
7.890600000000000591e+01 3.253252528478967065e-11
7.903100000000000591e+01 3.312241800279558390e-11
7.917199999999999704e+01 3.401616141540664273e-11
7.929699999999999704e+01 3.312241106390168000e-11
7.943699999999999761e+01 3.350851540684374186e-11
7.956199999999999761e+01 3.322965860808047012e-11
7.970300000000000296e+01 3.363721107207950922e-11
7.982800000000000296e+01 3.300084858159912926e-11
7.995300000000000296e+01 3.267712142540624143e-11
8.007800000000000296e+01 3.241813414933680804e-11
8.021899999999999409e+01 3.298655792960403232e-11
8.034399999999999409e+01 3.319390942668754008e-11
8.046899999999999409e+01 3.352280605883883879e-11
8.060899999999999466e+01 3.284713473439282438e-11
8.073399999999999466e+01 3.343343310535651369e-11
8.085899999999999466e+01 3.367653725327990344e-11
8.100000000000000000e+01 3.320105648740856452e-11
8.112500000000000000e+01 3.282926014369635936e-11
8.125000000000000000e+01 3.295438227857161451e-11
8.139000000000000057e+01 3.326184119800679184e-11
8.151500000000000057e+01 3.246950971980133716e-11
8.165600000000000591e+01 3.271485859990264089e-11
8.178100000000000591e+01 3.334405668242723664e-11
8.192199999999999704e+01 3.344773416569246649e-11
8.206199999999999761e+01 3.334405668242723664e-11
8.218699999999999761e+01 3.314743618476612141e-11
8.231199999999999761e+01 3.256113087490852820e-11
8.245300000000000296e+01 3.263978670675626859e-11
8.257800000000000296e+01 3.249320951193013229e-11
8.270300000000000296e+01 3.231803019643209041e-11
8.282800000000000296e+01 3.464893649773870266e-11
8.296899999999999409e+01 3.282925667424940741e-11
8.309399999999999409e+01 3.319033589632702785e-11
8.321899999999999409e+01 3.262190864661285161e-11
8.335899999999999466e+01 3.360503195160013945e-11
8.348399999999999466e+01 3.252538169351559816e-11
8.360899999999999466e+01 3.334763368223470081e-11
8.375000000000000000e+01 3.370513243505790513e-11
8.387500000000000000e+01 3.285427832566689688e-11
8.400000000000000000e+01 3.238238149849692604e-11
8.414000000000000057e+01 3.376233667640171632e-11
8.428100000000000591e+01 3.198555309502637556e-11
8.440600000000000591e+01 3.204990786653816315e-11
8.453100000000000591e+01 3.249678651173759647e-11
8.467199999999999704e+01 3.407336218730350197e-11
8.481199999999999761e+01 3.192120873185544383e-11
8.493699999999999761e+01 3.353353705826123132e-11
8.506199999999999761e+01 3.274345725112759453e-11
8.518699999999999761e+01 3.281495908336040657e-11
8.532800000000000296e+01 3.319748642649500425e-11
8.545300000000000296e+01 3.294723521785059006e-11
8.557800000000000296e+01 3.281138208355294239e-11
8.571899999999999409e+01 3.340841145393902423e-11
8.584399999999999409e+01 3.282567967444194323e-11
8.596899999999999409e+01 3.318675889651956368e-11
8.610899999999999466e+01 3.345488122641349094e-11
8.623399999999999466e+01 3.369798537433688068e-11
8.635899999999999466e+01 3.327613185000188878e-11
8.650000000000000000e+01 3.288645397669931469e-11
8.664000000000000057e+01 3.459530925620235564e-11
8.676500000000000057e+01 3.193192932293698050e-11
8.689000000000000057e+01 3.364793166316104589e-11
8.703100000000000591e+01 3.298298786869047206e-11
8.717199999999999704e+01 3.363721107207950922e-11
8.729699999999999704e+01 3.448447777332219744e-11
8.742199999999999704e+01 3.380523638796262276e-11
8.754699999999999704e+01 3.217503347086037024e-11
8.768699999999999761e+01 3.275868812324667090e-11
8.781199999999999761e+01 3.343344004425041760e-11
8.793699999999999761e+01 3.342270557538107312e-11
8.807800000000000296e+01 3.387673822019543479e-11
8.820300000000000296e+01 3.210710863843502239e-11
8.834399999999999409e+01 3.301515658082898597e-11
8.846899999999999409e+01 3.445230906118368353e-11
8.860899999999999466e+01 3.492421282724755827e-11
8.873399999999999466e+01 3.248605898176215590e-11
8.885899999999999466e+01 3.310452953431131107e-11
8.900000000000000000e+01 3.342986304444295342e-11
8.912500000000000000e+01 3.247891192104113145e-11
8.925000000000000000e+01 3.211068563824248656e-11
8.939000000000000057e+01 3.361218595121506780e-11
8.951500000000000057e+01 3.255041375327394348e-11
8.964000000000000057e+01 3.232875772640753098e-11
8.978100000000000591e+01 3.215715541071695327e-11
8.990600000000000591e+01 3.195695791324837387e-11
9.003100000000000591e+01 3.257543540469143295e-11
9.017199999999999704e+01 3.340841145393902423e-11
9.029699999999999704e+01 3.278636043213545292e-11
9.043699999999999761e+01 3.314028565459814502e-11
9.056199999999999761e+01 3.270055753956668809e-11
9.070300000000000296e+01 3.301158651991542570e-11
9.082800000000000296e+01 3.301158998936237765e-11
9.096899999999999409e+01 3.276133531127101151e-11
9.109399999999999409e+01 3.311168006447928747e-11
9.123399999999999466e+01 3.334405668242723664e-11
9.135899999999999466e+01 3.260761105572385077e-11
9.150000000000000000e+01 3.359073436071113861e-11
9.162500000000000000e+01 3.240741008880831941e-11
9.175000000000000000e+01 3.376233667640171632e-11
9.189000000000000057e+01 3.271843559971010507e-11
9.201500000000000057e+01 3.181395771822970175e-11
9.214000000000000057e+01 3.385886709894592173e-11
9.228100000000000591e+01 3.347633281691742013e-11
9.240600000000000591e+01 3.348348334708539653e-11
9.253100000000000591e+01 3.504933843156976536e-11
9.265600000000000591e+01 3.410196083852845561e-11
9.279699999999999704e+01 3.220721259133974002e-11
9.292199999999999704e+01 3.279350749285647737e-11
9.306199999999999761e+01 3.249320951193013229e-11
9.318699999999999761e+01 3.248062929728234849e-11
9.332800000000000296e+01 3.342985957499600147e-11
9.345300000000000296e+01 3.297941086888300788e-11
9.357800000000000296e+01 3.292578015789970891e-11
9.371899999999999409e+01 3.430097178513946687e-11
9.384399999999999409e+01 3.434148798664438118e-11
9.396899999999999409e+01 3.326183772855983989e-11
9.410899999999999466e+01 3.325468372894491154e-11
9.423399999999999466e+01 3.283640720441738381e-11
9.437500000000000000e+01 3.257543540469143295e-11
9.450000000000000000e+01 3.301158305046847374e-11
9.464000000000000057e+01 3.363363407227204505e-11
9.476500000000000057e+01 3.394108952226027043e-11
9.489000000000000057e+01 3.404118653627108415e-11
9.501500000000000057e+01 3.306878382236533298e-11
9.515600000000000591e+01 3.523166827723578365e-11
9.528100000000000591e+01 3.273989412910793817e-11
9.540600000000000591e+01 3.273272972115215396e-11
9.554699999999999704e+01 3.335835774276318944e-11
9.567199999999999704e+01 3.337980933326711863e-11
9.579699999999999704e+01 3.354068064953530381e-11
9.593699999999999761e+01 3.376591714565613245e-11
9.606199999999999761e+01 3.299013839885844845e-11
9.618699999999999761e+01 3.330473744012074633e-11
9.632800000000000296e+01 3.479193322331042282e-11
9.646899999999999409e+01 3.331188450084177077e-11
9.659399999999999409e+01 3.398756276418168909e-11
9.673399999999999466e+01 3.344416063533195427e-11
9.685899999999999466e+01 3.405548759660703695e-11
9.700000000000000000e+01 3.433433745647640478e-11
9.712500000000000000e+01 3.360145842123962723e-11
9.725000000000000000e+01 3.307236082217279716e-11
9.739000000000000057e+01 3.364793860205494980e-11
9.751500000000000057e+01 3.410911483814338396e-11
9.764000000000000057e+01 3.253968275385155096e-11
9.776500000000000057e+01 3.367653725327990344e-11
9.790600000000000591e+01 3.346203175658146733e-11
9.803100000000000591e+01 3.380881338777008693e-11
9.815600000000000591e+01 3.285070826475333661e-11
9.829699999999999704e+01 3.371585996503334570e-11
9.842199999999999704e+01 3.368725784436144011e-11
9.854699999999999704e+01 3.355141164895769634e-11
9.868699999999999761e+01 3.345488816530739484e-11
9.881199999999999761e+01 3.315458324548714586e-11
9.895300000000000296e+01 3.315459018438104977e-11
9.907800000000000296e+01 3.445588259154419575e-11
9.921899999999999409e+01 3.278278343232798875e-11
9.935899999999999466e+01 3.231446013551853014e-11
9.948399999999999466e+01 3.396610770423080794e-11
9.960899999999999466e+01 3.379808585779464636e-11
9.975000000000000000e+01 3.433791445628386896e-11
9.987500000000000000e+01 3.379808585779464636e-11
1.000000000000000000e+02 3.325468719839186349e-11
1.001250000000000000e+02 3.333333956079265192e-11
1.002650000000000006e+02 3.302588758025137849e-11
1.004060000000000059e+02 3.330473397067379437e-11
1.005310000000000059e+02 3.301158305046847374e-11
1.006560000000000059e+02 3.338337939418067890e-11
1.007969999999999970e+02 3.165308640196151657e-11
1.009219999999999970e+02 3.253253916257747846e-11
1.010469999999999970e+02 3.419133379201078071e-11
1.011869999999999976e+02 3.302588758025137849e-11
1.013119999999999976e+02 3.359073783015809056e-11
1.014369999999999976e+02 3.206778592668158012e-11
1.015780000000000030e+02 3.405906112696754917e-11
1.017030000000000030e+02 3.289003444595373082e-11
1.018280000000000030e+02 3.434148798664438118e-11
1.019689999999999941e+02 3.393036199228482985e-11
1.020939999999999941e+02 3.246461433015213061e-11
1.022189999999999941e+02 3.327613185000188878e-11
1.023589999999999947e+02 3.427713668457954554e-11
1.024839999999999947e+02 3.383383503918757640e-11
1.026250000000000000e+02 3.383026497827401613e-11
1.027500000000000000e+02 3.233590825657550738e-11
1.028750000000000000e+02 3.384098556935555280e-11
1.030150000000000006e+02 3.378021126709818134e-11
1.031560000000000059e+02 3.300085898993998512e-11
1.032810000000000059e+02 3.418776373109722044e-11
1.034060000000000059e+02 3.374445861625829934e-11
1.035469999999999970e+02 3.327970884980935296e-11
1.036719999999999970e+02 3.247533145178671532e-11
1.037969999999999970e+02 3.316888083637614670e-11
1.039369999999999976e+02 3.295795580893212673e-11
1.040619999999999976e+02 3.340840798449207227e-11
1.041869999999999976e+02 3.144930843523852104e-11
1.043280000000000030e+02 3.319748642649500425e-11
1.044530000000000030e+02 3.370512896561095317e-11
1.045780000000000030e+02 3.501358231128293141e-11
1.047189999999999941e+02 3.375875273770034823e-11
1.048439999999999941e+02 3.331546150064923495e-11
1.049839999999999947e+02 3.283640720441738381e-11
1.051089999999999947e+02 3.151365626785640472e-11
1.052339999999999947e+02 3.437365669878289509e-11
1.053750000000000000e+02 3.347275581710995596e-11
1.055150000000000006e+02 3.127572159589142586e-11
1.056400000000000006e+02 3.305805976183684436e-11
1.057650000000000006e+02 3.321892760865807759e-11
1.059060000000000059e+02 3.276133531127101151e-11
1.060310000000000059e+02 3.278834495579197039e-11
1.061560000000000059e+02 3.412698595939289703e-11
1.062969999999999970e+02 3.386957728168660253e-11
1.064369999999999976e+02 3.423066344265812688e-11
1.065619999999999976e+02 3.363363407227204505e-11
1.066869999999999976e+02 3.199270709464130391e-11
1.068280000000000030e+02 3.311168353392623942e-11
1.069530000000000030e+02 3.398041223401371269e-11
1.070780000000000030e+02 3.495281147847251191e-11
1.072189999999999941e+02 3.339768392396358365e-11
1.073439999999999941e+02 3.275776525035745124e-11
1.074689999999999941e+02 3.305090923166886796e-11
1.075939999999999941e+02 3.341913551446751285e-11
1.077339999999999947e+02 3.394465958317383070e-11
1.078589999999999947e+02 3.307236429161974911e-11
1.080000000000000000e+02 3.410553436888896783e-11
1.081250000000000000e+02 3.202130574586625755e-11
1.082650000000000006e+02 3.232875425696057903e-11
1.083900000000000006e+02 3.093807501852730013e-11
1.085150000000000006e+02 3.211068563824248656e-11
1.086560000000000059e+02 3.277920296307357262e-11
1.087810000000000059e+02 3.478121263222888615e-11
1.089060000000000059e+02 3.400543388543120216e-11
1.090469999999999970e+02 3.493493688777604689e-11
1.091869999999999976e+02 3.271843906915705702e-11
1.093119999999999976e+02 3.292221009698614864e-11
1.094369999999999976e+02 3.414486055008936205e-11
1.095780000000000030e+02 3.283998767367179994e-11
1.097030000000000030e+02 3.362291001174355642e-11
1.098280000000000030e+02 3.465966402771414323e-11
1.099530000000000030e+02 3.225368583326115868e-11
1.100939999999999941e+02 3.278278343232798875e-11
1.102189999999999941e+02 3.495995853919353635e-11
1.103439999999999941e+02 3.286500585564233745e-11
1.104839999999999947e+02 3.344416063533195427e-11
1.106089999999999947e+02 3.315459018438104977e-11
1.107339999999999947e+02 3.374804255495966743e-11
1.108750000000000000e+02 3.261476158589182717e-11
1.110150000000000006e+02 3.501358578072988337e-11
1.111400000000000006e+02 3.372659096445573823e-11
1.112650000000000006e+02 3.388031175055594701e-11
1.114060000000000059e+02 3.413055602030645730e-11
1.115469999999999970e+02 3.272915966023859369e-11
1.116719999999999970e+02 3.353711405806869550e-11
1.117969999999999970e+02 3.400186035507068993e-11
1.119369999999999976e+02 3.458100819586640284e-11
1.120619999999999976e+02 3.390890693233394870e-11
1.121869999999999976e+02 3.300800605066100957e-11
1.123280000000000030e+02 3.371227949577892957e-11
1.124530000000000030e+02 3.223938130347825393e-11
1.125780000000000030e+02 3.411268142960999228e-11
1.127189999999999941e+02 3.050193431164416324e-11
1.128439999999999941e+02 2.780995399243035848e-11
1.129839999999999947e+02 2.726297833322011144e-11
1.131089999999999947e+02 2.557914990930498789e-11
1.132339999999999947e+02 2.557915164402846386e-11
1.133750000000000000e+02 2.580080246672444844e-11
1.135000000000000000e+02 2.402760108932699978e-11
1.136250000000000000e+02 2.346989963486478814e-11
1.137650000000000006e+02 2.469255008796800155e-11
1.138900000000000006e+02 2.338767027265653553e-11
1.140150000000000006e+02 2.481767395756673267e-11
1.141560000000000059e+02 2.499642680342528678e-11
1.142810000000000059e+02 2.373087490403769095e-11
1.144060000000000059e+02 2.271914774365502154e-11
1.145469999999999970e+02 2.308605216716497210e-11
1.146869999999999976e+02 2.358787297429554286e-11
1.148119999999999976e+02 2.425997250310452102e-11
1.149369999999999976e+02 2.318747450991143211e-11
1.150780000000000030e+02 2.281924822711278722e-11
1.152030000000000030e+02 2.292292744510149305e-11
1.153439999999999941e+02 2.285857267358970546e-11
1.154689999999999941e+02 2.258687334388831403e-11
1.155939999999999941e+02 2.352352514167765918e-11
1.157339999999999947e+02 2.286214620395021768e-11
1.158589999999999947e+02 2.408479839177690707e-11
1.159839999999999947e+02 2.276562445502339216e-11
1.161250000000000000e+02 2.360575103443895983e-11
1.162500000000000000e+02 2.288717305953813508e-11
1.163750000000000000e+02 2.427427529816394980e-11
1.165150000000000006e+02 2.249034986023801252e-11
1.166400000000000006e+02 2.192549614088434851e-11
1.167650000000000006e+02 2.214356996377286890e-11
1.169060000000000059e+02 2.354497499745811240e-11
1.170310000000000059e+02 2.279422310624834580e-11
1.171560000000000059e+02 2.266552050211867453e-11
1.172969999999999970e+02 2.428499935869243842e-11
1.174219999999999970e+02 2.322322542602783813e-11
1.175619999999999976e+02 2.260832319966876724e-11
1.177030000000000030e+02 2.323394601710937479e-11
1.178280000000000030e+02 2.232589807471541121e-11
1.179530000000000030e+02 2.333046950075967629e-11
1.180939999999999941e+02 2.266909923664961468e-11
1.182339999999999947e+02 2.463535105079461829e-11
1.183589999999999947e+02 2.276204918993940396e-11
1.184839999999999947e+02 2.107822423547123236e-11
1.186250000000000000e+02 2.222579932598112151e-11
1.187500000000000000e+02 2.288359432500719493e-11
1.188750000000000000e+02 2.362362389041194888e-11
1.190150000000000006e+02 2.293007450582251749e-11
1.191400000000000006e+02 2.280137710586327415e-11
1.192810000000000059e+02 2.348062369539327676e-11
1.194060000000000059e+02 2.346632610450427592e-11
1.195310000000000059e+02 2.286214967339716964e-11
1.196719999999999970e+02 2.431717327500138026e-11
1.197969999999999970e+02 2.223294812142562193e-11
1.199219999999999970e+02 2.377377288087512142e-11
1.200619999999999976e+02 2.231160048382641037e-11
1.201869999999999976e+02 2.175389729464072275e-11
1.203119999999999976e+02 2.277092056579554935e-11
1.204530000000000030e+02 2.181467333162157018e-11
1.205780000000000030e+02 2.232232454435489899e-11
1.207030000000000030e+02 2.328042446320122139e-11
1.208439999999999941e+02 2.251537324637897797e-11
1.209689999999999941e+02 2.311597267767862007e-11
1.210939999999999941e+02 2.407049906616443025e-11
1.212339999999999947e+02 2.429572168449745106e-11
1.213750000000000000e+02 2.317316998012852736e-11
1.215000000000000000e+02 2.358429770921155466e-11
1.216250000000000000e+02 2.274059933415895074e-11
1.217650000000000006e+02 2.230802521874242217e-11
1.218900000000000006e+02 2.256185169247082456e-11
1.220150000000000006e+02 2.254754716268791981e-11
1.221560000000000059e+02 2.328757325864572181e-11
1.222810000000000059e+02 2.221149653092169274e-11
1.224060000000000059e+02 2.196839932189220690e-11
1.225310000000000059e+02 2.145002231390691350e-11
1.226719999999999970e+02 2.239739643750127129e-11
1.227969999999999970e+02 2.271557247857103334e-11
1.229219999999999970e+02 2.263692532034067284e-11
1.230619999999999976e+02 2.195409652683277812e-11
1.231869999999999976e+02 2.257972281372033763e-11
1.233280000000000030e+02 2.224724744703809876e-11
1.234530000000000030e+02 2.392749713642228215e-11
1.235939999999999941e+02 2.416345075417769550e-11
1.237339999999999947e+02 2.259402560877976640e-11
1.238589999999999947e+02 2.209709672185145024e-11
1.239839999999999947e+02 2.252252377654695437e-11
1.241250000000000000e+02 2.301945092875179455e-11
1.242500000000000000e+02 2.318389751010396793e-11
1.243750000000000000e+02 2.244387141414616593e-11
1.245150000000000006e+02 2.328042099375426943e-11
1.246400000000000006e+02 2.342342465821989350e-11
1.247650000000000006e+02 2.229372415840646937e-11
1.248900000000000006e+02 2.304805131470022417e-11
1.250310000000000059e+02 2.291577344548656470e-11
1.251560000000000059e+02 2.399542543829458197e-11
1.252810000000000059e+02 2.271914774365502154e-11
1.254219999999999970e+02 2.279779490188538205e-11
1.255469999999999970e+02 2.265122291122967368e-11
1.256869999999999976e+02 2.202917362414957836e-11
1.258280000000000030e+02 2.314457653307400165e-11
1.259530000000000030e+02 2.337694968157499886e-11
1.260939999999999941e+02 2.226512203773456378e-11
1.262189999999999941e+02 2.230444648421148202e-11
1.263439999999999941e+02 2.284785034778469281e-11
1.264839999999999947e+02 2.246174600484263095e-11
1.266089999999999947e+02 2.253325130652239494e-11
1.267339999999999947e+02 2.271915121310197350e-11
1.268750000000000000e+02 2.355212552762608880e-11
1.270000000000000000e+02 2.232947333979939941e-11
1.271250000000000000e+02 2.251894677673949019e-11
1.272500000000000000e+02 2.215072396338779726e-11
1.273900000000000006e+02 2.240097517203221145e-11
1.275310000000000059e+02 2.352352340695418320e-11
1.276560000000000059e+02 2.298370001263538853e-11
1.277810000000000059e+02 2.283712628725620419e-11
1.279219999999999970e+02 2.243672261870166551e-11
1.280469999999999970e+02 2.099957013834696795e-11
1.281719999999999970e+02 2.331259837951016323e-11
1.283120000000000118e+02 2.365937307180487892e-11
1.284370000000000118e+02 2.139282154201005426e-11
1.285620000000000118e+02 2.239024937678024685e-11
1.287030000000000030e+02 2.270485015276602070e-11
1.288280000000000030e+02 2.265837170667417411e-11
1.289530000000000030e+02 2.226155024209752753e-11
1.290939999999999941e+02 2.173244743886026953e-11
1.292189999999999941e+02 2.262262426000472004e-11
1.293590000000000089e+02 2.192907487541528866e-11
1.294840000000000089e+02 2.245459720939813053e-11
1.296090000000000089e+02 2.149649902527528411e-11
1.297500000000000000e+02 2.248677459515402433e-11
1.298899999999999864e+02 2.374517422965016777e-11
1.300149999999999864e+02 2.401687529407503519e-11
1.301399999999999864e+02 2.225082271212208695e-11
1.302810000000000059e+02 2.206492107081903242e-11
1.304060000000000059e+02 2.271557421329450932e-11
1.305310000000000059e+02 2.320892610041536130e-11
1.306719999999999970e+02 2.351610919881785833e-11
1.307969999999999970e+02 2.204704648012256740e-11
1.309219999999999970e+02 2.246175120901305888e-11
1.310620000000000118e+02 2.168954946202283907e-11
1.311870000000000118e+02 2.287287373392565826e-11
1.313120000000000118e+02 2.422065152607455474e-11
1.314530000000000030e+02 2.295152436160297071e-11
1.315780000000000030e+02 2.281567469675227500e-11
1.317030000000000030e+02 2.265479817631366188e-11
1.318439999999999941e+02 2.378807394121107421e-11
1.319840000000000089e+02 2.261547199511326767e-11
1.321090000000000089e+02 2.293007277109904152e-11
1.322340000000000089e+02 2.228657362823849297e-11
1.323750000000000000e+02 2.308737229173019045e-11
1.325000000000000000e+02 2.219362194022522772e-11
1.326399999999999864e+02 2.306235064031270099e-11
1.327649999999999864e+02 2.166452087171144569e-11
1.328899999999999864e+02 2.247604879990205973e-11
1.330310000000000059e+02 2.319820030516339671e-11
1.331560000000000059e+02 2.236879605155284167e-11
1.332810000000000059e+02 2.271200068293399710e-11
1.334219999999999970e+02 2.316244938904699069e-11
1.335620000000000118e+02 2.221507526545263289e-11
1.336870000000000118e+02 2.208505080203426729e-11
1.338120000000000118e+02 2.261189846475275544e-11
1.339530000000000030e+02 2.279779837133233400e-11
1.340780000000000030e+02 2.274774986432692714e-11
1.342030000000000030e+02 2.275489692504795158e-11
1.343439999999999941e+02 2.304447431489275999e-11
1.344689999999999941e+02 2.310166988261919130e-11
1.345939999999999941e+02 2.200772029892217319e-11
1.347189999999999941e+02 2.261547026038979169e-11
1.348590000000000089e+02 2.109609709144422141e-11
1.349840000000000089e+02 2.202202309398160196e-11
1.351090000000000089e+02 2.387387336433288709e-11
1.352500000000000000e+02 2.415272669364920688e-11
1.353899999999999864e+02 2.252252377654695437e-11
1.355149999999999864e+02 2.317675044938294349e-11
1.356399999999999864e+02 2.126769940713479912e-11
1.357810000000000059e+02 2.185889490247117095e-11
1.359219999999999970e+02 2.246890000445755931e-11
1.360469999999999970e+02 2.316602291940750291e-11
1.361719999999999970e+02 2.350922408134170638e-11
1.363120000000000118e+02 2.291934871057055290e-11
1.364370000000000118e+02 2.173602443866773370e-11
1.365620000000000118e+02 2.315887238923952651e-11
1.367030000000000030e+02 2.335907335615505787e-11
1.368280000000000030e+02 2.255469595813242023e-11
1.369530000000000030e+02 2.352352340695418320e-11
1.370780000000000030e+02 2.216502155427679810e-11
1.372189999999999941e+02 2.322679895638835035e-11
1.373439999999999941e+02 2.274417459924293894e-11
1.374689999999999941e+02 2.191477034563238391e-11
1.376090000000000089e+02 2.312670194237753662e-11
1.377340000000000089e+02 2.232232280963142301e-11
1.378590000000000089e+02 2.159659603928609783e-11
1.380000000000000000e+02 2.279779663660885802e-11
1.381399999999999864e+02 2.147504743477135492e-11
1.382649999999999864e+02 2.251894851146296617e-11
1.384060000000000059e+02 2.324824881216880357e-11
1.385310000000000059e+02 2.304089731508529582e-11
1.386719999999999970e+02 2.274417286451946296e-11
1.387969999999999970e+02 2.217932434933622687e-11
1.389219999999999970e+02 2.184684898265398800e-11
1.390620000000000118e+02 2.157157612259208435e-11
1.391870000000000118e+02 2.280494890150031040e-11
1.393120000000000118e+02 2.297297421738342393e-11
1.394530000000000030e+02 2.168954599257588711e-11
1.395780000000000030e+02 2.210782598655036679e-11
1.397189999999999941e+02 2.315172359379502609e-11
1.398439999999999941e+02 2.233662386996737581e-11
1.399689999999999941e+02 2.193979893594377728e-11
1.401090000000000089e+02 2.267267276701012690e-11
1.402340000000000089e+02 2.281924996183626320e-11
1.403590000000000089e+02 2.216144802391628588e-11
1.405000000000000000e+02 2.314815006343451387e-11
1.406250000000000000e+02 2.308380049609315421e-11
1.407500000000000000e+02 2.290504938495807608e-11
1.408899999999999864e+02 2.214357343321982086e-11
1.410149999999999864e+02 2.217574908425223867e-11
1.411399999999999864e+02 2.150364782071978453e-11
1.412810000000000059e+02 2.142857245812646028e-11
1.414060000000000059e+02 2.265837344139765008e-11
1.415310000000000059e+02 2.236522252119232945e-11
1.416719999999999970e+02 2.145002231390691350e-11
1.418120000000000118e+02 2.241527102819773631e-11
1.419370000000000118e+02 2.277992204591239300e-11
1.420780000000000030e+02 2.264407238106169729e-11
1.422030000000000030e+02 2.309809982170563103e-11
1.423280000000000030e+02 2.062776859046433486e-11
1.424689999999999941e+02 2.295867489177094711e-11
1.425939999999999941e+02 2.217217208444477450e-11
1.427189999999999941e+02 2.085299641296778361e-11
1.428590000000000089e+02 2.112112047758518685e-11
1.429840000000000089e+02 2.234456543404039763e-11
1.431090000000000089e+02 2.257257228355236123e-11
1.432500000000000000e+02 2.217932434933622687e-11
1.433750000000000000e+02 2.306950117048067739e-11
1.435000000000000000e+02 2.355212379290261282e-11
1.436399999999999864e+02 2.203989768467806698e-11
1.437649999999999864e+02 2.219719720530921592e-11
1.438899999999999864e+02 2.156084685789316779e-11
1.440310000000000059e+02 2.350922408134170638e-11
1.441719999999999970e+02 2.166452434115839765e-11
1.442969999999999970e+02 2.274059933415895074e-11
1.444370000000000118e+02 2.206492280554250840e-11
1.445620000000000118e+02 2.231159701437945841e-11
1.446870000000000118e+02 2.311597441240209605e-11
1.448280000000000030e+02 2.232947680924635137e-11
1.449530000000000030e+02 2.129629979308322874e-11
1.450780000000000030e+02 2.248677459515402433e-11
1.452189999999999941e+02 2.311239741259463187e-11
1.453439999999999941e+02 2.254039663251994341e-11
1.454689999999999941e+02 2.171814811324779271e-11
1.456090000000000089e+02 2.239739817222474727e-11
1.457340000000000089e+02 2.226512550718151573e-11
1.458590000000000089e+02 2.272630174326994990e-11
1.460000000000000000e+02 2.126054887696682272e-11
1.461250000000000000e+02 2.267267276701012690e-11
1.462500000000000000e+02 2.294795083124245849e-11
1.463899999999999864e+02 2.186115004298994080e-11
1.465310000000000059e+02 2.178964647603365279e-11
1.466560000000000059e+02 2.333047297020662825e-11
1.467810000000000059e+02 2.435292072167083433e-11
1.469219999999999970e+02 2.509652728688305245e-11
1.470469999999999970e+02 2.423495085168703156e-11
1.471870000000000118e+02 2.433544685209731995e-11
1.473120000000000118e+02 2.423137732132651934e-11
1.474370000000000118e+02 2.429214988886041482e-11
