Start time (s) =
1547808732
'Reltime', '44.00[A]'
0.000000000000000000e+00 2.205062174520655560e-11
1.250000000000000000e-01 2.176819835497667555e-11
2.500000000000000000e-01 2.152152241141624955e-11
3.910000000000000142e-01 2.236164552138486528e-11
5.160000000000000142e-01 2.174674849919622233e-11
6.570000000000000284e-01 2.116759545423008149e-11
7.820000000000000284e-01 2.121049863523793988e-11
9.070000000000000284e-01 2.254040010196689536e-11
1.046999999999999931e+00 2.188259642932344207e-11
1.171999999999999931e+00 2.094951989661808511e-11
1.296999999999999931e+00 2.195409479210930215e-11
1.437999999999999945e+00 2.121049690051446390e-11
1.562999999999999945e+00 2.185757304318247662e-11
1.687999999999999945e+00 2.232232454435489899e-11
1.828999999999999959e+00 2.208279739623897342e-11
1.953999999999999959e+00 2.237237305136030585e-11
2.079000000000000181e+00 2.205062347993003158e-11
2.218999999999999861e+00 2.027742210253258293e-11
2.343999999999999861e+00 2.009509746103699257e-11
2.468999999999999861e+00 2.180036880183866543e-11
2.609999999999999876e+00 2.083154655718733039e-11
2.750000000000000000e+00 2.199699623839368456e-11
2.875000000000000000e+00 2.239739817222474727e-11
3.000000000000000000e+00 2.101029593359893255e-11
3.141000000000000014e+00 2.124267428627035770e-11
3.266000000000000014e+00 2.104604511499186259e-11
3.407000000000000028e+00 2.188259642932344207e-11
3.532000000000000028e+00 2.157514965295259657e-11
3.657000000000000028e+00 2.196839932189220690e-11
3.797000000000000153e+00 2.116402365859304524e-11
3.922000000000000153e+00 2.080652143632288897e-11
4.046999999999999709e+00 2.235939905448347531e-11
4.187999999999999723e+00 2.109252182636023321e-11
4.328999999999999737e+00 2.251895024618644214e-11
4.453999999999999737e+00 2.208994445695999786e-11
4.578999999999999737e+00 2.053124510681403336e-11
4.719000000000000306e+00 2.022379486099623591e-11
4.844000000000000306e+00 2.069569689233663468e-11
4.969000000000000306e+00 2.002359562880418054e-11
5.110000000000000320e+00 2.162162289487401523e-11
5.250000000000000000e+00 1.971972064807037128e-11
5.375000000000000000e+00 2.169312125765987531e-11
5.500000000000000000e+00 2.156800085750809615e-11
5.625000000000000000e+00 2.155369806244866737e-11
5.766000000000000014e+00 2.216144802391628588e-11
5.891000000000000014e+00 2.147862269985534311e-11
6.016000000000000014e+00 2.141069786742999526e-11
6.157000000000000028e+00 2.262262252528124407e-11
6.282000000000000028e+00 2.223652165178613416e-11
6.407000000000000028e+00 2.180394580164612961e-11
6.546999999999999709e+00 2.177177362006066375e-11
6.687999999999999723e+00 2.222579759125764554e-11
6.812999999999999723e+00 2.182897092251057103e-11
6.937999999999999723e+00 2.282997402236475182e-11
7.078999999999999737e+00 2.124624608190739394e-11
7.203999999999999737e+00 2.181824686198208241e-11
7.328999999999999737e+00 2.210424898674290262e-11
7.469000000000000306e+00 2.176820008970015152e-11
7.594000000000000306e+00 2.202917188942610238e-11
7.719000000000000306e+00 2.239024764205677087e-11
7.860000000000000320e+00 2.318747104046448015e-11
7.985000000000000320e+00 2.255827295793988441e-11
8.109999999999999432e+00 2.217217381916825047e-11
8.250000000000000000e+00 2.187902289896292984e-11
8.375000000000000000e+00 2.202559835906559016e-11
8.500000000000000000e+00 2.316245112377046667e-11
8.625000000000000000e+00 2.160375003890102619e-11
8.766000000000000014e+00 2.181467159689809421e-11
8.907000000000000028e+00 2.201844609417413778e-11
9.032000000000000028e+00 2.151794714633226135e-11
9.157000000000000028e+00 2.103532278918684995e-11
9.297000000000000597e+00 2.155012453208815515e-11
9.438000000000000611e+00 2.099957013834696795e-11
9.563000000000000611e+00 2.233305207433033956e-11
9.688000000000000611e+00 2.189226404325506081e-11
9.829000000000000625e+00 2.300157460333185355e-11
9.954000000000000625e+00 2.191477208035585988e-11
1.007900000000000063e+01 2.055627196240195076e-11
1.021899999999999942e+01 2.158587197875760921e-11
1.035999999999999943e+01 2.232232454435489899e-11
1.048499999999999943e+01 2.214357169849634488e-11
1.060999999999999943e+01 2.197554811733670732e-11
1.073499999999999943e+01 2.190762328491135946e-11
1.087500000000000000e+01 2.235807372574782903e-11
1.100000000000000000e+01 2.077077398965343491e-11
1.112500000000000000e+01 2.142857419284993625e-11
1.126600000000000001e+01 2.193264840577580088e-11
1.139100000000000001e+01 2.193979893594377728e-11
1.151600000000000001e+01 2.167723292534340374e-11
1.165700000000000003e+01 2.226869730281855198e-11
1.179700000000000060e+01 2.069569515761315870e-11
1.192200000000000060e+01 2.220077073566972814e-11
1.204700000000000060e+01 2.262619779036523227e-11
1.218800000000000061e+01 2.313027200329109689e-11
1.231300000000000061e+01 2.190762155018788349e-11
1.243800000000000061e+01 2.213642290305184446e-11
1.257900000000000063e+01 2.103174925882633772e-11
1.271899999999999942e+01 2.118189824928951026e-11
1.284399999999999942e+01 2.156799565333766822e-11
1.296899999999999942e+01 2.149292202546781994e-11
1.309399999999999942e+01 2.206849980534997258e-11
1.323499999999999943e+01 2.152509767650023775e-11
1.335999999999999943e+01 2.154297053247322680e-11
1.348499999999999943e+01 2.125697187715935854e-11
1.362500000000000000e+01 2.147862443457881909e-11
1.375000000000000000e+01 2.070999621794911150e-11
1.387500000000000000e+01 2.279065131061130955e-11
1.401600000000000001e+01 2.152152067669277358e-11
1.414100000000000001e+01 2.157514965295259657e-11
1.426600000000000001e+01 2.241169749783722409e-11
1.440700000000000003e+01 2.237594831644429405e-11
1.453200000000000003e+01 2.158587371348108519e-11
1.465700000000000003e+01 2.055626849295499881e-11
1.479700000000000060e+01 2.100672413796189630e-11
1.493800000000000061e+01 2.114614733317310424e-11
1.506300000000000061e+01 2.123552202137890532e-11
1.518800000000000061e+01 2.290147411987408788e-11
1.532900000000000063e+01 2.038824838124231320e-11
1.545400000000000063e+01 2.032389534445400159e-11
1.559399999999999942e+01 2.252609904163094257e-11
1.571899999999999942e+01 2.130702211888824138e-11
1.584399999999999942e+01 2.140354733726201886e-11
1.598499999999999943e+01 2.126411893788038299e-11
1.610999999999999943e+01 2.131059738397222958e-11
1.623499999999999943e+01 2.136422289078510062e-11
1.637500000000000000e+01 2.145717110935141392e-11
1.650000000000000000e+01 2.055627022767847478e-11
1.662500000000000000e+01 2.189332222457540666e-11
1.676599999999999824e+01 2.161447236470603883e-11
1.689099999999999824e+01 2.175747082500123497e-11
1.701599999999999824e+01 2.140354733726201886e-11
1.715700000000000003e+01 2.090662365450413063e-11
1.729700000000000060e+01 2.077077225492995893e-11
1.742200000000000060e+01 2.075647292931748211e-11
1.754700000000000060e+01 2.188616995968395429e-11
1.768799999999999883e+01 2.089232259416817783e-11
1.781299999999999883e+01 2.170027178782785171e-11
1.793799999999999883e+01 2.006649534036508697e-11
1.807900000000000063e+01 2.085656994332829584e-11
1.820400000000000063e+01 2.142142366268195985e-11
1.832900000000000063e+01 2.142499719304247208e-11
1.846900000000000119e+01 2.175032202955673455e-11
1.859400000000000119e+01 2.092807351028458385e-11
1.873499999999999943e+01 2.216144975863976185e-11
1.885999999999999943e+01 2.082082076193536579e-11
1.900000000000000000e+01 2.100314713815443213e-11
1.912500000000000000e+01 2.239382290714075907e-11
1.926599999999999824e+01 1.992349167589946290e-11
1.939099999999999824e+01 1.979479601066369554e-11
1.951599999999999824e+01 2.028814789778454752e-11
1.965700000000000003e+01 2.068854809689213425e-11
1.978200000000000003e+01 2.118904877945748666e-11
1.990700000000000003e+01 2.217574734952876270e-11
2.004700000000000060e+01 2.198626870841824399e-11
2.017200000000000060e+01 2.122122096104295252e-11
2.029700000000000060e+01 2.182182039234259463e-11
2.043799999999999883e+01 2.172887217377628133e-11
2.056299999999999883e+01 2.229372415840646937e-11
2.068799999999999883e+01 2.171099758307981631e-11
2.081299999999999883e+01 2.175032202955673455e-11
2.095400000000000063e+01 2.230802348401894619e-11
2.109400000000000119e+01 2.163234695540250385e-11
2.121900000000000119e+01 2.206134754045852020e-11
2.135999999999999943e+01 2.042756935827227949e-11
2.148499999999999943e+01 2.226512203773456378e-11
2.162500000000000000e+01 2.305877017105828486e-11
2.175000000000000000e+01 2.192549787560782448e-11
2.187500000000000000e+01 2.161804936451350301e-11
2.201599999999999824e+01 2.206849980534997258e-11
2.214099999999999824e+01 2.200772376836912514e-11
2.226599999999999824e+01 2.163592568993344400e-11
2.240700000000000003e+01 2.251179798129498977e-11
2.253200000000000003e+01 2.171814464380084075e-11
2.265700000000000003e+01 2.268697382734607970e-11
2.279700000000000060e+01 2.316959818449149111e-11
2.292200000000000060e+01 2.375947528998612057e-11
2.304700000000000060e+01 2.119619757490198708e-11
2.317200000000000060e+01 2.249034812551453655e-11
2.331299999999999883e+01 2.166809787151890987e-11
2.343799999999999883e+01 2.145717110935141392e-11
2.357900000000000063e+01 2.045616974422070911e-11
2.370400000000000063e+01 2.112112221230866282e-11
2.384400000000000119e+01 2.222222406089713331e-11
2.398499999999999943e+01 2.010581978684200521e-11
2.410999999999999943e+01 2.062777032518781084e-11
2.423499999999999943e+01 2.000214403830025134e-11
2.437500000000000000e+01 2.180394753636960559e-11
2.451599999999999824e+01 2.094237110117358469e-11
2.464099999999999824e+01 2.266910097137309066e-11
2.476599999999999824e+01 2.323752648636379092e-11
2.490700000000000003e+01 2.261547199511326767e-11
2.503200000000000003e+01 2.183254792231803521e-11
2.515700000000000003e+01 2.239024937678024685e-11
2.529700000000000060e+01 2.224367218195411056e-11
2.542200000000000060e+01 2.194337073158081353e-11
2.554700000000000060e+01 2.106392490985875554e-11
2.567200000000000060e+01 2.167882366677087447e-11
2.581299999999999883e+01 2.043114635807974366e-11
2.593799999999999883e+01 2.141785013232144763e-11
2.606299999999999883e+01 2.163592395520996803e-11
2.620400000000000063e+01 2.135349883025661200e-11
2.632900000000000063e+01 2.223652512123308611e-11
2.645400000000000063e+01 2.179322000639416501e-11
2.659400000000000119e+01 2.124981961226790617e-11
2.671900000000000119e+01 2.106034444060433941e-11
2.684400000000000119e+01 2.142857419284993625e-11
2.698499999999999943e+01 2.274059933415895074e-11
2.710999999999999943e+01 2.151437361597174913e-11
2.725000000000000000e+01 2.201129556400616138e-11
2.737500000000000000e+01 2.011654905154092177e-11
2.751599999999999824e+01 2.148577496474679549e-11
2.765700000000000003e+01 2.169669652274386351e-11
2.778200000000000003e+01 2.033104587462197799e-11
2.790700000000000003e+01 2.169669652274386351e-11
2.803200000000000003e+01 2.198269691278120774e-11
2.817200000000000060e+01 2.124624608190739394e-11
2.829700000000000060e+01 2.242957208853368911e-11
2.842200000000000060e+01 2.146432337424286629e-11
2.856299999999999883e+01 2.144644704882292530e-11
2.868799999999999883e+01 2.107464376621681623e-11
2.881299999999999883e+01 2.098884781254195531e-11
2.895400000000000063e+01 2.175389902936419873e-11
2.907900000000000063e+01 2.154297400192017875e-11
2.920400000000000063e+01 2.111039815178017420e-11
2.934400000000000119e+01 2.071714674811708790e-11
2.946900000000000119e+01 2.138567274656555384e-11
2.960999999999999943e+01 2.098884781254195531e-11
2.973499999999999943e+01 2.087444973819518879e-11
2.987500000000000000e+01 2.093880104026002442e-11
3.000000000000000000e+01 2.204704648012256740e-11
3.012500000000000000e+01 2.187186889934800149e-11
3.026599999999999824e+01 2.192549787560782448e-11
3.039099999999999824e+01 2.098884607781847933e-11
3.053200000000000003e+01 2.069212162725264648e-11
3.065700000000000003e+01 2.166094907607440945e-11
3.078200000000000003e+01 2.130344511908077720e-11
3.092200000000000060e+01 2.165737207626694527e-11
3.104700000000000060e+01 2.134634830008863560e-11
3.117200000000000060e+01 2.092807177556110787e-11
3.131299999999999883e+01 2.168954946202283907e-11
3.145400000000000063e+01 2.136779815586908882e-11
3.157900000000000063e+01 2.117474945384500984e-11
3.170400000000000063e+01 2.139281980728657828e-11
3.184400000000000119e+01 1.984841978275309060e-11
3.196900000000000119e+01 2.221149826564516871e-11
3.210999999999999943e+01 2.046689727419614968e-11
3.223499999999999943e+01 2.048477186489261470e-11
3.237500000000000000e+01 2.151079661616428496e-11
3.250000000000000000e+01 2.101029766832240853e-11
3.262500000000000000e+01 2.148934676038383174e-11
3.276599999999999824e+01 2.163949748557048025e-11
3.289099999999999824e+01 2.099242307762594351e-11
3.301599999999999824e+01 2.158229671367362101e-11
3.314099999999999824e+01 2.152509767650023775e-11
3.328199999999999648e+01 2.193622367085978908e-11
3.340699999999999648e+01 2.157157091842165642e-11
3.353199999999999648e+01 2.176461962044573539e-11
3.367199999999999704e+01 2.193264840577580088e-11
3.381300000000000239e+01 2.167524666696341029e-11
3.393800000000000239e+01 2.105677091024382719e-11
3.406300000000000239e+01 2.192549614088434851e-11
3.420400000000000063e+01 2.041327350210675462e-11
3.432900000000000063e+01 2.039539544196333765e-11
3.445400000000000063e+01 1.959459504374816419e-11
3.459400000000000119e+01 1.992349688006989084e-11
3.471900000000000119e+01 2.194337593575124146e-11
3.484400000000000119e+01 2.106749670549579179e-11
3.498499999999999943e+01 2.168239719713138669e-11
3.510999999999999943e+01 2.111754868194815060e-11
3.523499999999999943e+01 2.050264992503603168e-11
3.537500000000000000e+01 2.195052473119574188e-11
3.550000000000000000e+01 2.012011737773100606e-11
3.564099999999999824e+01 2.119977283998597528e-11
3.576599999999999824e+01 2.100314540343095615e-11
3.589099999999999824e+01 2.016301882401538847e-11
3.603199999999999648e+01 2.124624781663086992e-11
3.615699999999999648e+01 2.096381922223056193e-11
3.629699999999999704e+01 2.127127120277183536e-11
3.642199999999999704e+01 2.073859660389754112e-11
3.656300000000000239e+01 2.055627196240195076e-11
3.668800000000000239e+01 2.103889631954736217e-11
3.681300000000000239e+01 2.192549961033130046e-11
3.695400000000000063e+01 2.177177188533718777e-11
3.707900000000000063e+01 2.117832124948204608e-11
3.720400000000000063e+01 2.081367023176738940e-11
3.734400000000000119e+01 2.134276783083421947e-11
3.748499999999999943e+01 2.103531931973989799e-11
3.760999999999999943e+01 2.119619930962546306e-11
3.773499999999999943e+01 2.217575081897571465e-11
3.785999999999999943e+01 2.134634830008863560e-11
3.800000000000000000e+01 2.014157070295841123e-11
3.812500000000000000e+01 2.150722308580377273e-11
3.825000000000000000e+01 2.119619584017851111e-11
3.839099999999999824e+01 2.111397168214068643e-11
3.851599999999999824e+01 2.106391797096485163e-11
3.864099999999999824e+01 2.043829862297119604e-11
3.878199999999999648e+01 2.196482058736126675e-11
3.890699999999999648e+01 2.096739622203802611e-11
3.903199999999999648e+01 2.085657341277524779e-11
3.917199999999999704e+01 2.197911991297374357e-11
3.931300000000000239e+01 2.114972259825709244e-11
3.943800000000000239e+01 2.141771482389032144e-11
3.956300000000000239e+01 2.091377071522515507e-11
3.970400000000000063e+01 2.230087642329792175e-11
3.984400000000000119e+01 2.121764743068244030e-11
3.996900000000000119e+01 2.190404455038041931e-11
4.009400000000000119e+01 2.070642095286512330e-11
4.021900000000000119e+01 2.132132144450071820e-11
4.035999999999999943e+01 2.174316976466528217e-11
4.048499999999999943e+01 2.111754521250119865e-11
4.060999999999999943e+01 2.056699428820696340e-11
4.075000000000000000e+01 1.945874537889746847e-11
4.087500000000000000e+01 2.123194675629491712e-11
4.100000000000000000e+01 2.104604858443881454e-11
4.114099999999999824e+01 2.122122269576642850e-11
4.126599999999999824e+01 2.196124532227727855e-11
4.139099999999999824e+01 2.088874732908418963e-11
4.153199999999999648e+01 2.184327371756999980e-11
4.165699999999999648e+01 2.172172164360830493e-11
4.178199999999999648e+01 2.116044839350905704e-11
4.192199999999999704e+01 2.126412414205081092e-11
4.206300000000000239e+01 2.181824512725860643e-11
4.218800000000000239e+01 2.197197285225271912e-11
4.232900000000000063e+01 2.136064762570111242e-11
4.245400000000000063e+01 2.087444453402476086e-11
4.259400000000000119e+01 2.085299641296778361e-11
4.271900000000000119e+01 2.162877169031851565e-11
4.284400000000000119e+01 2.113541980319766367e-11
4.296900000000000119e+01 2.122122443048990448e-11
4.310999999999999943e+01 2.110682115197271003e-11
4.323499999999999943e+01 2.126054540751987076e-11
4.337500000000000000e+01 2.093522057100560829e-11
4.350000000000000000e+01 2.060989573449134582e-11
4.364099999999999824e+01 2.083869535263183081e-11
4.376599999999999824e+01 2.148577149529984354e-11
4.389099999999999824e+01 2.079937264087838855e-11
4.403199999999999648e+01 2.235807372574782903e-11
4.415699999999999648e+01 2.233304687015991163e-11
4.428199999999999648e+01 2.115329612861760467e-11
4.442199999999999704e+01 2.100314887287790810e-11
4.454699999999999704e+01 2.061347446902228597e-11
4.467199999999999704e+01 2.074574539934204154e-11
4.481300000000000239e+01 2.073144433900608874e-11
4.495400000000000063e+01 2.017374461926735307e-11
4.507900000000000063e+01 2.101744819849038493e-11
4.520400000000000063e+01 2.015587002857088805e-11
4.532900000000000063e+01 2.074574713406551751e-11
4.546900000000000119e+01 2.039539717668681362e-11
4.559400000000000119e+01 2.094237457062053664e-11
4.571900000000000119e+01 2.064206965080028766e-11
4.585999999999999943e+01 2.147862269985534311e-11
4.600000000000000000e+01 2.239740164167169922e-11
4.612500000000000000e+01 2.124982308171485812e-11
4.625000000000000000e+01 2.080652143632288897e-11
4.639099999999999824e+01 2.108894656127624501e-11
4.651599999999999824e+01 2.058844761343436858e-11
4.664099999999999824e+01 2.091734944975609523e-11
4.678199999999999648e+01 2.096739622203802611e-11
4.690699999999999648e+01 2.185042251301450023e-11
4.703199999999999648e+01 2.123552202137890532e-11
4.717199999999999704e+01 2.138567101184207786e-11
4.729699999999999704e+01 2.050979525103358014e-11
4.742199999999999704e+01 2.162519815995800343e-11
4.756300000000000239e+01 2.154297226719670277e-11
4.768800000000000239e+01 2.064922191569174004e-11
4.781300000000000239e+01 2.156084685789316779e-11
4.795400000000000063e+01 2.200415023800861292e-11
4.807900000000000063e+01 2.176104955953217512e-11
4.821900000000000119e+01 2.008079640070103977e-11
4.835999999999999943e+01 2.077792105037445936e-11
4.848499999999999943e+01 2.007721940089357560e-11
4.860999999999999943e+01 2.054197090206599796e-11
4.875000000000000000e+01 2.084227061771581901e-11
4.887500000000000000e+01 2.226512377245803975e-11
4.900000000000000000e+01 2.129987158872026498e-11
4.914099999999999824e+01 2.166094734135093347e-11
4.926599999999999824e+01 2.163234869012597983e-11
4.939099999999999824e+01 2.098884781254195531e-11
4.953199999999999648e+01 2.173602096922078175e-11
4.967199999999999704e+01 2.162877169031851565e-11
4.979699999999999704e+01 2.226155024209752753e-11
4.992199999999999704e+01 2.184327371756999980e-11
5.006300000000000239e+01 2.142857419284993625e-11
5.018800000000000239e+01 2.087802153383222503e-11
5.031300000000000239e+01 2.117832471892899804e-11
5.043800000000000239e+01 2.235092319557985263e-11
5.057900000000000063e+01 2.214357169849634488e-11
5.070400000000000063e+01 2.117832124948204608e-11
5.082900000000000063e+01 2.126412414205081092e-11
5.096900000000000119e+01 2.103531931973989799e-11
5.110999999999999943e+01 2.073859660389754112e-11
5.123499999999999943e+01 2.198984744294918414e-11
5.135999999999999943e+01 2.068854809689213425e-11
5.150000000000000000e+01 2.126769593768784716e-11
5.164099999999999824e+01 2.142499892776594805e-11
5.176599999999999824e+01 2.091019718486464285e-11
5.189099999999999824e+01 2.248677286043054835e-11
5.203199999999999648e+01 2.141426966306703150e-11
5.215699999999999648e+01 2.089589785925216603e-11
5.228199999999999648e+01 2.127842346766328774e-11
5.242199999999999704e+01 2.153224820666821415e-11
5.254699999999999704e+01 2.160732183453806243e-11
5.267199999999999704e+01 2.116045012823253302e-11
5.279699999999999704e+01 2.159302250892558561e-11
5.293800000000000239e+01 2.200772203364564916e-11
5.306300000000000239e+01 2.126769767241132314e-11
5.318800000000000239e+01 2.043471988844025589e-11
5.332900000000000063e+01 2.074931892970255376e-11
5.345400000000000063e+01 2.198627391258867192e-11
5.357900000000000063e+01 2.065637244585971644e-11
5.371900000000000119e+01 2.097096975239853833e-11
5.384400000000000119e+01 2.183254618759455923e-11
5.398499999999999943e+01 2.149292202546781994e-11
5.410999999999999943e+01 2.201487082909014958e-11
5.425000000000000000e+01 2.089496804746904246e-11
5.439099999999999824e+01 2.212212357743936764e-11
5.451599999999999824e+01 2.134634656536515962e-11
5.464099999999999824e+01 2.015587176329436403e-11
5.478199999999999648e+01 2.118904704473401068e-11
5.490699999999999648e+01 2.069926868797367092e-11
5.503199999999999648e+01 2.123909902118636950e-11
5.515699999999999648e+01 2.085299641296778361e-11
5.529699999999999704e+01 2.079222037598693618e-11
5.542199999999999704e+01 2.177177362006066375e-11
5.554699999999999704e+01 2.070642442231207525e-11
5.568800000000000239e+01 1.979122421502665929e-11
5.582900000000000063e+01 2.155369632772519140e-11
5.595400000000000063e+01 2.178964474131017681e-11
5.607900000000000063e+01 2.129987158872026498e-11
5.621900000000000119e+01 2.061347099957533402e-11
5.634400000000000119e+01 2.110324935633567378e-11
5.646900000000000119e+01 2.053481863717454559e-11
5.660999999999999943e+01 2.022737012608022411e-11
5.673499999999999943e+01 2.161804762979002703e-11
5.685999999999999943e+01 2.212212357743936764e-11
5.700000000000000000e+01 2.102817225901887355e-11
5.712500000000000000e+01 2.147147563913431867e-11
5.725000000000000000e+01 2.043829862297119604e-11
5.739099999999999824e+01 2.043114462335626769e-11
5.751599999999999824e+01 2.161447062998256285e-11
5.765699999999999648e+01 2.093522230572908427e-11
5.778199999999999648e+01 2.205062347993003158e-11
5.790699999999999648e+01 2.176819835497667555e-11
5.804699999999999704e+01 2.085299467824430764e-11
5.818800000000000239e+01 2.189689748965939486e-11
5.831300000000000239e+01 2.052052104628554474e-11
5.843800000000000239e+01 2.100314713815443213e-11
5.857900000000000063e+01 2.139282154201005426e-11
5.870400000000000063e+01 2.148934676038383174e-11
5.882900000000000063e+01 2.047047080455666190e-11
5.896900000000000119e+01 1.983054519205662558e-11
5.910999999999999943e+01 2.102459699393488535e-11
5.923499999999999943e+01 2.017732335379829323e-11
5.935999999999999943e+01 2.114972259825709244e-11
5.950000000000000000e+01 2.088159506419273725e-11
5.962500000000000000e+01 2.221149653092169274e-11
5.975000000000000000e+01 2.042399409318829129e-11
5.989099999999999824e+01 2.180037400600909336e-11
6.001599999999999824e+01 2.057414828782189176e-11
6.014099999999999824e+01 2.136779815586908882e-11
6.026599999999999824e+01 2.042042403227473102e-11
6.040699999999999648e+01 2.186829710371096525e-11
6.053199999999999648e+01 2.121765090012939226e-11
6.065699999999999648e+01 2.151079835088776093e-11
6.079699999999999704e+01 2.056342075784645118e-11
6.092199999999999704e+01 1.969469379248245389e-11
6.104699999999999704e+01 2.141784666287449568e-11
6.118800000000000239e+01 2.086014867785923599e-11
6.131300000000000239e+01 2.245817073975864275e-11
6.143800000000000239e+01 2.168954772729936309e-11
6.157900000000000063e+01 2.234019913505136401e-11
6.170400000000000063e+01 2.055627022767847478e-11
6.182900000000000063e+01 2.130344511908077720e-11
6.196900000000000119e+01 2.142499545831899610e-11
6.209400000000000119e+01 2.146789690460337852e-11
6.221900000000000119e+01 2.123194675629491712e-11
6.235999999999999943e+01 2.053124337209055739e-11
6.248499999999999943e+01 1.976619735943874190e-11
6.260999999999999943e+01 2.098527081273449113e-11
6.275000000000000000e+01 2.062061979501983444e-11
6.287500000000000000e+01 2.085299467824430764e-11
6.300000000000000000e+01 2.086372220821974821e-11
6.312500000000000000e+01 2.123909728646289352e-11
6.326599999999999824e+01 2.087087273838772461e-11
6.339099999999999824e+01 2.154297053247322680e-11
6.351599999999999824e+01 2.094687444331722048e-11
6.365699999999999648e+01 2.250821924676404961e-11
6.378199999999999648e+01 2.037752258599034860e-11
6.390699999999999648e+01 2.091019718486464285e-11
6.404699999999999704e+01 2.120692683960090363e-11
6.417199999999999704e+01 2.098884434309500335e-11
6.429699999999999704e+01 2.093164530592162009e-11
6.443800000000000239e+01 2.146432337424286629e-11
6.456300000000000239e+01 1.943014325822556287e-11
6.468800000000000239e+01 2.098169554765050293e-11
6.482899999999999352e+01 2.111397168214068643e-11
6.495399999999999352e+01 2.151079661616428496e-11
6.507899999999999352e+01 2.052422641563023120e-11
6.521899999999999409e+01 2.154654579755721500e-11
6.534399999999999409e+01 2.045974500930469731e-11
6.546899999999999409e+01 2.036679679073838400e-11
6.560999999999999943e+01 2.139997207217803066e-11
6.573499999999999943e+01 2.191119854999534766e-11
6.585999999999999943e+01 2.088159853363968921e-11
6.600000000000000000e+01 2.129272279327576456e-11
6.612500000000000000e+01 2.094594636625757289e-11
6.626600000000000534e+01 2.088874559436071365e-11
6.639100000000000534e+01 2.276204745521592798e-11
6.651600000000000534e+01 2.114257380281259202e-11
6.665699999999999648e+01 2.097454675220600251e-11
6.678199999999999648e+01 2.026311930747315415e-11
6.690699999999999648e+01 2.109609709144422141e-11
6.704699999999999704e+01 2.086014520841228403e-11
6.717199999999999704e+01 2.101744646376690895e-11
6.729699999999999704e+01 2.172171990888482895e-11
6.743800000000000239e+01 1.961962189933608158e-11
6.756300000000000239e+01 2.092449651047711967e-11
6.768800000000000239e+01 2.407407433124841845e-11
6.782899999999999352e+01 2.854282608877323213e-11
6.796899999999999409e+01 3.021593392160681901e-11
6.809399999999999409e+01 3.029814940602726381e-11
6.821899999999999409e+01 3.165665299342812489e-11
6.835999999999999943e+01 2.955813371841031767e-11
6.848499999999999943e+01 3.065566203663827594e-11
6.862500000000000000e+01 3.122752403883488626e-11
6.875000000000000000e+01 3.042328194924337481e-11
6.887500000000000000e+01 2.959387596090934380e-11
6.901600000000000534e+01 3.038753276785044477e-11
6.914100000000000534e+01 3.080222188422965246e-11
6.926600000000000534e+01 3.193908332255190885e-11
6.940699999999999648e+01 3.157085010085936005e-11
6.953199999999999648e+01 3.188903308082302601e-11
6.967199999999999704e+01 3.226083636342913508e-11
6.979699999999999704e+01 3.002646048466672823e-11
6.993800000000000239e+01 2.988703035056161639e-11
7.006300000000000239e+01 3.011225990778854111e-11
7.018800000000000239e+01 3.065565856719132398e-11
7.032899999999999352e+01 3.049478031202923489e-11
7.045399999999999352e+01 3.006219925771880241e-11
7.057899999999999352e+01 3.073073046033769629e-11
7.071899999999999409e+01 3.120263075695461907e-11
7.084399999999999409e+01 3.187473202048707321e-11
7.096899999999999409e+01 3.049835384238974711e-11
7.109399999999999409e+01 3.012297702942312583e-11
7.123499999999999943e+01 3.157443057011377618e-11
7.135999999999999943e+01 3.170313664369039941e-11
7.148499999999999943e+01 3.136708254247722039e-11
7.162500000000000000e+01 3.025883363316772545e-11
7.176600000000000534e+01 3.120262728750766712e-11
7.189100000000000534e+01 3.096310707828564546e-11
7.203199999999999648e+01 3.056985567462255915e-11
7.215699999999999648e+01 3.169240911371495883e-11
7.229699999999999704e+01 3.046260466099681707e-11
7.242199999999999704e+01 3.098098513842906243e-11
7.254699999999999704e+01 3.039467982857146922e-11
7.268800000000000239e+01 3.225367889436725477e-11
7.281300000000000239e+01 3.085943306446736756e-11
7.293800000000000239e+01 3.115973451484066459e-11
7.306300000000000239e+01 3.056985914406951110e-11
7.320399999999999352e+01 3.005863613569914605e-11
7.332899999999999352e+01 3.151007926804894055e-11
7.345399999999999352e+01 3.214286128927490438e-11
7.359399999999999409e+01 3.089160871549978538e-11
7.371899999999999409e+01 3.108823268260785255e-11
7.384399999999999409e+01 3.179609353587409259e-11
7.398499999999999943e+01 3.014800561973451920e-11
7.412500000000000000e+01 2.951880059831601955e-11
7.425000000000000000e+01 3.093450495761373986e-11
7.439100000000000534e+01 3.123838340779450107e-11
7.451600000000000534e+01 3.033032852650663358e-11
7.465699999999999648e+01 3.074503152067364908e-11
7.478199999999999648e+01 3.063420697668739479e-11
7.490699999999999648e+01 3.238953202866490244e-11
7.504699999999999704e+01 3.196411191286330222e-11
7.517199999999999704e+01 3.013371149829247031e-11
7.529699999999999704e+01 3.116688157556168903e-11
7.542199999999999704e+01 3.048763325130821045e-11
7.556300000000000239e+01 3.192478226221595605e-11
7.568800000000000239e+01 3.132775983072377812e-11
7.581300000000000239e+01 3.129916117949882448e-11
7.595399999999999352e+01 3.057342920498307137e-11
7.607899999999999352e+01 3.103460891051845749e-11
7.620399999999999352e+01 3.083798841285734227e-11
7.634399999999999409e+01 3.142427984492712767e-11
7.648499999999999943e+01 3.064135750685537118e-11
7.660999999999999943e+01 3.115615751503320041e-11
7.673499999999999943e+01 3.038037529878856446e-11
7.687500000000000000e+01 3.160302922133872983e-11
7.701600000000000534e+01 3.089161218494673733e-11
7.714100000000000534e+01 3.089160871549978538e-11
7.726600000000000534e+01 3.050907790291823574e-11
7.740699999999999648e+01 3.102388138054301692e-11
7.753199999999999648e+01 3.121693528673752382e-11
7.765699999999999648e+01 3.014085508956654280e-11
7.778199999999999648e+01 3.094165895722866821e-11
7.792199999999999704e+01 3.127055558937996693e-11
7.806300000000000239e+01 3.228943154520713676e-11
7.818800000000000239e+01 3.148148408627093886e-11
7.831300000000000239e+01 3.285428873400775274e-11
7.845399999999999352e+01 3.029815634492116772e-11
7.857899999999999352e+01 3.070571227836715877e-11
7.870399999999999352e+01 3.015515268045554365e-11
7.884399999999999409e+01 3.156012257088391948e-11
7.896899999999999409e+01 3.243958227039378528e-11
7.909399999999999409e+01 3.248962904267571616e-11
7.923499999999999943e+01 2.998355730365886984e-11
7.935999999999999943e+01 3.245031326981617781e-11
7.948499999999999943e+01 3.159945916042516956e-11
7.962500000000000000e+01 3.251465763298710954e-11
7.975000000000000000e+01 3.266123482781324583e-11
7.987500000000000000e+01 3.136350554266975621e-11
8.001600000000000534e+01 3.252538516296255011e-11
8.015699999999999648e+01 3.141355578439863905e-11
8.028199999999999648e+01 3.166738399285051742e-11
8.042199999999999704e+01 3.166023346268254102e-11
8.054699999999999704e+01 3.199986109425623226e-11
8.067199999999999704e+01 3.167811152282595799e-11
8.081300000000000239e+01 3.203561027564916230e-11
8.093800000000000239e+01 3.038396270693688450e-11
8.106300000000000239e+01 3.012298049887007778e-11
8.120399999999999352e+01 3.021234998290545093e-11
8.132899999999999352e+01 3.139210419389470985e-11
8.145399999999999352e+01 3.156370650958528756e-11
8.159399999999999409e+01 3.214286128927490438e-11
8.173499999999999943e+01 3.168168505318647021e-11
8.185999999999999943e+01 3.023380504285633208e-11
8.198499999999999943e+01 3.195695444380142192e-11
8.212500000000000000e+01 3.171386070421888803e-11
8.225000000000000000e+01 3.185328736887704792e-11
8.237500000000000000e+01 3.215358534980339300e-11
8.251600000000000534e+01 3.172457435640652079e-11
8.264100000000000534e+01 3.137781007245266096e-11
8.276600000000000534e+01 3.183541277818058290e-11
8.289100000000000534e+01 3.243958227039378528e-11
8.303199999999999648e+01 3.215715888016390522e-11
8.315699999999999648e+01 3.217503347086037024e-11
8.328199999999999648e+01 3.238238496794387800e-11
8.342199999999999704e+01 3.170670670460395968e-11
8.356300000000000239e+01 3.247891192104113145e-11
8.368800000000000239e+01 3.287573338561777803e-11
8.381300000000000239e+01 3.183897590020023927e-11
8.395399999999999352e+01 2.927371886563001624e-11
8.409399999999999409e+01 3.070928233928071904e-11
8.421899999999999409e+01 3.222508024314230113e-11
8.434399999999999409e+01 3.063063344632688256e-11
8.448499999999999943e+01 3.251465763298710954e-11
8.460999999999999943e+01 3.208923751718550932e-11
8.473499999999999943e+01 3.073073392978464824e-11
8.487500000000000000e+01 3.103103191071099332e-11
8.500000000000000000e+01 3.278635349324154902e-11
8.512500000000000000e+01 3.166381046249000519e-11
8.525000000000000000e+01 3.382668450901960000e-11
8.539100000000000534e+01 3.285785879492131301e-11
8.551600000000000534e+01 3.325825725930542376e-11
8.564100000000000534e+01 3.287573685506472998e-11
8.578199999999999648e+01 3.085585953410685534e-11
8.590699999999999648e+01 3.290790903665019584e-11
8.603199999999999648e+01 3.191048120188000325e-11
8.617199999999999704e+01 3.120263075695461907e-11
8.631300000000000239e+01 3.317603483599107506e-11
8.643800000000000239e+01 3.210711210788197434e-11
8.656300000000000239e+01 3.232875772640753098e-11
8.670399999999999352e+01 3.304375523205393961e-11
8.684399999999999409e+01 3.069498127894476625e-11
8.696899999999999409e+01 3.299013145996454455e-11
8.709399999999999409e+01 3.196410844341635027e-11
8.723499999999999943e+01 3.114185645469724761e-11
8.735999999999999943e+01 3.242170767969732026e-11
8.748499999999999943e+01 3.296153280873959091e-11
8.760999999999999943e+01 3.218575753138885887e-11
8.775000000000000000e+01 3.208208004812362901e-11
8.787500000000000000e+01 3.145288196559903326e-11
8.800000000000000000e+01 3.160303616023263373e-11
8.814100000000000534e+01 3.351208546775730213e-11
8.826600000000000534e+01 3.155298244905679894e-11
8.839100000000000534e+01 3.229300854501460094e-11
8.853199999999999648e+01 3.119191363532003436e-11
8.867199999999999704e+01 3.037680523787500420e-11
8.879699999999999704e+01 3.198913009483383973e-11
8.892199999999999704e+01 3.161375675131417040e-11
8.906300000000000239e+01 2.948305141692308950e-11
8.920399999999999352e+01 3.152795385874540557e-11
8.932899999999999352e+01 3.051265490272569991e-11
8.945399999999999352e+01 3.097025413900666990e-11
8.959399999999999409e+01 3.112398186400078259e-11
8.971899999999999409e+01 3.291148603645766002e-11
8.984399999999999409e+01 3.237165396852148547e-11
8.998499999999999943e+01 3.292578709679361282e-11
9.010999999999999943e+01 3.142428678382103158e-11
9.023499999999999943e+01 3.166023693212949297e-11
9.037500000000000000e+01 3.278636043213545292e-11
9.050000000000000000e+01 3.070570880892020682e-11
9.064100000000000534e+01 3.266838535798122223e-11
9.076600000000000534e+01 3.267552894925529472e-11
9.089100000000000534e+01 3.231446360496548209e-11
9.103199999999999648e+01 3.344415716588500231e-11
9.115699999999999648e+01 3.156728003994579979e-11
9.128199999999999648e+01 3.151724020655777281e-11
9.142199999999999704e+01 3.255040681438003958e-11
9.154699999999999704e+01 3.230373607499004152e-11
9.167199999999999704e+01 3.177106494556269922e-11
9.181300000000000239e+01 3.069140774858425402e-11
9.193800000000000239e+01 3.205348139689867537e-11
9.206300000000000239e+01 3.152796426708626143e-11
9.220399999999999352e+01 3.172458823419432861e-11
9.234399999999999409e+01 3.178178553664423589e-11
9.246899999999999409e+01 3.214643828908236856e-11
9.259399999999999409e+01 3.151366320675030863e-11
9.273499999999999943e+01 3.266123482781324583e-11
9.285999999999999943e+01 3.125983152885147831e-11
9.300000000000000000e+01 3.326183425911288793e-11
9.312500000000000000e+01 3.045903113063630485e-11
9.325000000000000000e+01 3.170670670460395968e-11
9.339100000000000534e+01 3.212140622932402323e-11
9.351600000000000534e+01 3.125983499829843026e-11
9.364100000000000534e+01 3.118118263589764183e-11
9.378199999999999648e+01 3.144930843523852104e-11
9.390699999999999648e+01 3.099885279023162354e-11
9.403199999999999648e+01 3.055198108392609413e-11
9.417199999999999704e+01 3.061990938579839394e-11
9.429699999999999704e+01 3.122766281671296440e-11
9.442199999999999704e+01 3.230372913609613761e-11
9.456300000000000239e+01 3.315458671493409781e-11
9.470399999999999352e+01 3.306163676164430854e-11
9.482899999999999352e+01 3.123838340779450107e-11
9.495399999999999352e+01 3.151007926804894055e-11
9.507899999999999352e+01 3.121692834784361992e-11
9.521899999999999409e+01 3.212499016802539131e-11
9.535999999999999943e+01 3.073788099050567268e-11
9.548499999999999943e+01 3.239668602827983079e-11
9.560999999999999943e+01 3.011582649925514943e-11
9.575000000000000000e+01 3.132775636127682617e-11
9.587500000000000000e+01 3.171743770402635221e-11
9.600000000000000000e+01 3.238238496794387800e-11
9.614100000000000534e+01 3.181753124859021398e-11
9.626600000000000534e+01 3.288288044633880247e-11
9.640699999999999648e+01 3.051980890234062826e-11
9.653199999999999648e+01 3.055913508354102248e-11
9.667199999999999704e+01 3.049835731183669907e-11
9.679699999999999704e+01 3.301515658082898597e-11
9.692199999999999704e+01 3.303660817133291516e-11
9.706300000000000239e+01 3.167453105357154186e-11
9.718800000000000239e+01 3.094165895722866821e-11
9.731300000000000239e+01 3.122765587781906049e-11
9.743800000000000239e+01 3.083440447415597419e-11
9.757899999999999352e+01 3.106321103119036309e-11
9.770399999999999352e+01 3.113828292433673539e-11
9.782899999999999352e+01 3.214285781982795243e-11
9.796899999999999409e+01 3.205348833579257928e-11
9.809399999999999409e+01 3.126340158976503858e-11
9.823499999999999943e+01 3.295438921746551841e-11
9.835999999999999943e+01 3.218576100083581082e-11
9.850000000000000000e+01 3.001572948524433571e-11
9.862500000000000000e+01 3.298655792960403232e-11
9.876600000000000534e+01 3.182825530911870260e-11
9.889100000000000534e+01 3.180323365770121313e-11
9.903199999999999648e+01 3.216073934941832135e-11
9.915699999999999648e+01 3.301873358063645014e-11
9.928199999999999648e+01 3.090233624547522595e-11
9.942199999999999704e+01 3.194623385271988525e-11
9.954699999999999704e+01 3.059131073457344030e-11
9.967199999999999704e+01 3.131702883130138559e-11
9.981300000000000239e+01 3.290791250609714780e-11
9.993800000000000239e+01 3.253253222368357456e-11
1.000630000000000024e+02 3.202488621512067368e-11
1.001880000000000024e+02 3.231446013551853014e-11
1.003289999999999935e+02 3.156370304013833561e-11
1.004539999999999935e+02 3.151299707293553354e-11
1.005789999999999935e+02 3.164235887198607600e-11
1.007189999999999941e+02 3.108108562188682811e-11
1.008439999999999941e+02 3.082368041362748556e-11
1.009849999999999994e+02 3.257543193524448100e-11
1.011099999999999994e+02 3.107393509171885171e-11
1.012500000000000000e+02 3.183183577837311873e-11
1.013910000000000053e+02 3.140640872367761460e-11
1.015160000000000053e+02 3.227513395431813592e-11
1.016410000000000053e+02 3.296510980854705508e-11
1.017819999999999965e+02 3.267553241870224667e-11
1.019069999999999965e+02 3.200701162442420866e-11
1.020319999999999965e+02 3.298299133813742401e-11
1.021719999999999970e+02 3.267910941850971085e-11
1.022969999999999970e+02 3.280065108413054986e-11
1.024380000000000024e+02 3.204991480543206706e-11
1.025630000000000024e+02 3.158515463064226481e-11
1.026880000000000024e+02 3.173530882527586527e-11
1.028289999999999935e+02 3.121335828693005965e-11
1.029539999999999935e+02 3.198556003392027947e-11
1.030789999999999935e+02 3.272558612987808146e-11
1.032189999999999941e+02 3.080581276182492445e-11
1.033439999999999941e+02 3.237523443777590160e-11
1.034689999999999941e+02 3.213571422855387993e-11
1.036099999999999994e+02 3.237165396852148547e-11
1.037500000000000000e+02 3.212855675949199963e-11
1.038750000000000000e+02 3.326541125892035211e-11
1.040000000000000000e+02 3.184971036906958375e-11
1.041410000000000053e+02 3.277563637160696430e-11
1.042660000000000053e+02 3.190333414115897881e-11
1.043910000000000053e+02 3.207850998721006874e-11
1.045319999999999965e+02 3.304733570130835574e-11
1.046569999999999965e+02 3.309738594303723858e-11
1.047819999999999965e+02 3.187116195957351295e-11
1.049069999999999965e+02 3.146360949557447384e-11
1.050469999999999970e+02 3.005505566644472992e-11
1.051880000000000024e+02 3.250036004209810869e-11
1.053130000000000024e+02 3.091305683655676262e-11
1.054380000000000024e+02 3.234305878674348378e-11
1.055789999999999935e+02 3.236450690780046102e-11
1.057039999999999935e+02 3.260046052555587437e-11
1.058289999999999935e+02 3.360145495179267527e-11
1.059689999999999941e+02 3.126340505921199053e-11
1.060939999999999941e+02 3.157086050920021592e-11
1.062189999999999941e+02 3.226189107530252898e-11
1.063599999999999994e+02 3.174245935544384167e-11
1.064849999999999994e+02 3.197271961075109914e-11
1.066099999999999994e+02 3.110611074275126953e-11
1.067500000000000000e+02 3.281853955261482270e-11
1.068750000000000000e+02 3.135277801269431563e-11
1.070160000000000053e+02 3.433076392611589256e-11
1.071410000000000053e+02 3.233233472621499516e-11
1.072819999999999965e+02 3.166023346268254102e-11
1.074069999999999965e+02 3.043042900996439926e-11
1.075469999999999970e+02 3.268983347903819947e-11
1.076719999999999970e+02 3.172100776493991248e-11
1.077969999999999970e+02 3.216072894107746549e-11
1.079380000000000024e+02 3.217503694030732220e-11
1.080630000000000024e+02 3.170670323515700773e-11
1.081880000000000024e+02 3.193551326163834858e-11
1.083289999999999935e+02 3.109776672283182108e-11
1.084539999999999935e+02 3.237880449868946187e-11
1.085789999999999935e+02 3.136350901211670816e-11
1.087189999999999941e+02 3.238238149849692604e-11
1.088439999999999941e+02 3.174960641616486612e-11
1.089689999999999941e+02 3.162090728148214680e-11
1.091099999999999994e+02 3.181395424878274980e-11
1.092349999999999994e+02 3.186400795995858459e-11
1.093750000000000000e+02 3.216072894107746549e-11
1.095000000000000000e+02 3.153511132780728587e-11
1.096410000000000053e+02 3.079865529276304414e-11
1.097660000000000053e+02 3.322965513863351816e-11
1.099069999999999965e+02 3.102030438073555274e-11
1.100319999999999965e+02 3.134206089105973092e-11
1.101569999999999965e+02 3.273273319059910591e-11
1.102969999999999970e+02 3.233948525638297156e-11
1.104219999999999970e+02 3.008723131747714774e-11
1.105469999999999970e+02 3.138495713317368541e-11
1.106880000000000024e+02 3.175317994652537834e-11
1.108130000000000024e+02 3.291863309717868447e-11
1.109380000000000024e+02 3.212471608171618698e-11
1.110789999999999935e+02 3.107393162227189976e-11
1.112039999999999935e+02 3.192120526240849188e-11
1.113289999999999935e+02 3.174603288580435390e-11
1.114689999999999941e+02 3.146717955648803411e-11
1.115939999999999941e+02 3.186757802087214486e-11
1.117189999999999941e+02 3.228228448448611232e-11
1.118599999999999994e+02 3.233591172602245933e-11
1.120000000000000000e+02 3.192478226221595605e-11
1.121250000000000000e+02 3.104175944068643389e-11
1.122500000000000000e+02 3.174960988561181807e-11
1.123910000000000053e+02 3.238596196775134217e-11
1.125160000000000053e+02 3.237166090741538937e-11
1.126569999999999965e+02 3.193907985310495690e-11
1.127819999999999965e+02 3.229658901426901707e-11
1.129069999999999965e+02 3.232875078751362707e-11
1.130469999999999970e+02 3.154941238814323867e-11
1.131719999999999970e+02 3.271843213026315311e-11
1.132969999999999970e+02 3.223223077331027753e-11
1.134380000000000024e+02 3.139925819350963820e-11
1.135789999999999935e+02 3.162805434220317125e-11
1.137039999999999935e+02 3.229658207537511316e-11
1.138289999999999935e+02 3.344773416569246649e-11
1.139689999999999941e+02 3.061990938579839394e-11
1.140939999999999941e+02 3.216431287977883358e-11
1.142189999999999941e+02 3.128843364952338391e-11
1.143599999999999994e+02 3.172815829510788888e-11
1.145000000000000000e+02 3.078263338673892235e-11
1.146250000000000000e+02 3.137781007245266096e-11
1.147500000000000000e+02 3.332618209173077162e-11
1.148750000000000000e+02 3.304018517114037934e-11
1.150160000000000053e+02 3.017660774040642480e-11
1.151410000000000053e+02 3.217145647105290607e-11
1.152660000000000053e+02 3.075218205084162548e-11
1.154069999999999965e+02 3.150650920713538028e-11
1.155319999999999965e+02 3.173173529491535305e-11
1.156569999999999965e+02 3.277563290216001235e-11
1.157969999999999970e+02 3.160303269078568178e-11
1.159219999999999970e+02 3.270056100901364005e-11
1.160630000000000024e+02 3.198912662538688778e-11
1.161880000000000024e+02 3.180323365770121313e-11
1.163289999999999935e+02 3.319391289613449203e-11
1.164539999999999935e+02 3.304732876241445183e-11
1.165789999999999935e+02 3.198198997300671920e-11
1.167189999999999941e+02 3.093807848797425208e-11
1.168439999999999941e+02 3.270413453937415227e-11
1.169689999999999941e+02 3.299371192921896068e-11
1.171099999999999994e+02 3.157086397864716787e-11
1.172349999999999994e+02 3.277206284124645208e-11
1.173599999999999994e+02 3.166023346268254102e-11
1.174849999999999994e+02 3.078435770187404330e-11
1.176250000000000000e+02 3.078793123223455552e-11
1.177500000000000000e+02 3.176033394614030669e-11
1.178750000000000000e+02 3.197840950375230307e-11
1.180160000000000053e+02 3.366329090481734454e-11
1.181569999999999965e+02 3.207493298740260457e-11
1.182819999999999965e+02 3.278993049304901319e-11
1.184219999999999970e+02 3.215001181944288078e-11
1.185469999999999970e+02 3.129558417969136030e-11
1.186880000000000024e+02 3.227513395431813592e-11
1.188130000000000024e+02 3.089518224586029760e-11
1.189380000000000024e+02 3.217503347086037024e-11
1.190789999999999935e+02 3.123123287762652467e-11
1.192039999999999935e+02 3.196768197377686249e-11
1.193289999999999935e+02 3.302588411080442654e-11
1.194689999999999941e+02 3.419490732237129293e-11
1.195939999999999941e+02 3.216073587997136940e-11
1.197349999999999994e+02 3.314743965421307337e-11
1.198599999999999994e+02 3.283282673516296768e-11
1.199849999999999994e+02 3.159945916042516956e-11
1.201250000000000000e+02 3.268625647923073529e-11
1.202500000000000000e+02 3.224653530309318228e-11
1.203750000000000000e+02 3.162090381203519485e-11
1.205160000000000053e+02 3.264336023711678081e-11
1.206410000000000053e+02 3.152795732819235752e-11
1.207660000000000053e+02 3.136350554266975621e-11
1.209069999999999965e+02 3.212140969877097518e-11
1.210319999999999965e+02 3.411626536831136036e-11
1.211569999999999965e+02 3.294365821804312588e-11
1.212969999999999970e+02 3.266123482781324583e-11
1.214219999999999970e+02 3.257186187433092073e-11
1.215469999999999970e+02 3.238596196775134217e-11
1.216880000000000024e+02 3.281429294954563147e-11
1.218289999999999935e+02 3.282210961352838297e-11
1.219539999999999935e+02 3.185328389943009597e-11
1.220939999999999941e+02 3.196410150452244636e-11
1.222189999999999941e+02 3.206062845761969982e-11
1.223439999999999941e+02 3.217145647105290607e-11
1.224849999999999994e+02 3.238953549811185439e-11
1.226099999999999994e+02 3.362291695063746033e-11
1.227349999999999994e+02 3.366580972330446286e-11
1.228750000000000000e+02 3.271486206934959284e-11
1.230000000000000000e+02 3.245030633092227390e-11
1.231250000000000000e+02 3.229300507556764899e-11
1.232660000000000053e+02 3.286501279453624136e-11
1.233910000000000053e+02 3.337981280271407059e-11
1.235160000000000053e+02 3.407336218730350197e-11
1.236569999999999965e+02 3.105248350121492251e-11
1.237819999999999965e+02 3.207850998721006874e-11
1.239069999999999965e+02 3.272558959932503342e-11
1.240469999999999970e+02 3.176033047669335474e-11
1.241880000000000024e+02 3.200700815497725671e-11
1.243130000000000024e+02 3.194980391363344552e-11
1.244539999999999935e+02 3.253253222368357456e-11
1.245789999999999935e+02 3.180680371861477340e-11
1.247039999999999935e+02 3.207135598759514039e-11
1.248439999999999941e+02 3.252537822406864620e-11
1.249689999999999941e+02 3.345130422660602676e-11
1.250939999999999941e+02 3.310453300375826302e-11
1.252349999999999994e+02 3.173887541674247359e-11
1.253599999999999994e+02 3.149578514660689166e-11
1.254849999999999994e+02 3.221078265225330028e-11
1.256250000000000000e+02 3.224295483383876615e-11
1.257660000000000053e+02 3.147791055591042664e-11
1.258910000000000053e+02 3.331903503100974717e-11
1.260160000000000053e+02 3.191763520149493161e-11
1.261569999999999965e+02 3.311526053373370360e-11
1.262819999999999965e+02 3.251822769390066981e-11
1.264069999999999965e+02 3.324753666822388709e-11
1.265469999999999970e+02 3.424536348939355435e-11
1.266719999999999970e+02 3.212498322913148741e-11
1.267969999999999970e+02 3.160303962967958569e-11
1.269380000000000024e+02 3.235378284727197240e-11
1.270630000000000024e+02 3.093808195742120404e-11
1.271880000000000024e+02 3.271485859990264089e-11
1.273130000000000024e+02 3.282568314388889519e-11
1.274539999999999935e+02 3.050908484181213964e-11
1.275939999999999941e+02 3.386243369041253004e-11
1.277189999999999941e+02 3.266838188853427027e-11
1.278439999999999941e+02 3.260760758627689881e-11
1.279849999999999994e+02 3.305805976183684436e-11
1.281250000000000000e+02 3.412340895958543285e-11
1.282500000000000000e+02 3.213928428946744020e-11
1.283750000000000000e+02 3.154940891869628672e-11
1.285159999999999911e+02 3.254325975365901513e-11
1.286409999999999911e+02 3.161018322095365818e-11
1.287659999999999911e+02 3.216430594088492967e-11
1.289070000000000107e+02 3.259688005630145824e-11
1.290320000000000107e+02 3.090947636730234649e-11
1.291570000000000107e+02 3.190691114096644299e-11
1.292969999999999970e+02 3.219648159191734749e-11
1.294219999999999970e+02 3.196053144360888609e-11
1.295469999999999970e+02 3.315816024529461004e-11
1.296719999999999970e+02 3.290433550628968362e-11
1.298129999999999882e+02 3.281138555299989434e-11
1.299379999999999882e+02 3.286858285544980163e-11
1.300629999999999882e+02 3.367296372291939122e-11
1.302040000000000077e+02 3.251465763298710954e-11
1.303439999999999941e+02 3.315100971512663364e-11
1.304689999999999941e+02 3.317246130563056283e-11
1.305939999999999941e+02 3.218576100083581082e-11
1.307350000000000136e+02 3.090232930658132204e-11
1.308750000000000000e+02 3.203202633694779422e-11
1.310000000000000000e+02 3.218933800064327500e-11
1.311250000000000000e+02 3.213928775891439216e-11
1.312659999999999911e+02 3.222482350406785656e-11
1.313909999999999911e+02 3.242171114914427221e-11
1.315159999999999911e+02 3.165665646287507684e-11
1.316570000000000107e+02 3.295438574801856646e-11
1.317820000000000107e+02 3.269341047884566365e-11
1.319070000000000107e+02 3.275418478110303511e-11
1.320469999999999970e+02 3.198198303411281529e-11
1.321719999999999970e+02 3.262906264622777996e-11
1.322969999999999970e+02 3.309023194342231022e-11
1.324379999999999882e+02 3.122765934726601245e-11
1.325629999999999882e+02 3.289003791540068278e-11
1.327040000000000077e+02 3.292936062715412504e-11
1.328290000000000077e+02 3.310095947339775080e-11
1.329540000000000077e+02 3.361218595121506780e-11
1.330939999999999941e+02 3.278278343232798875e-11
1.332350000000000136e+02 3.316888430582309866e-11
1.333600000000000136e+02 3.248248545140164367e-11
1.334850000000000136e+02 3.442728740976619406e-11
1.336250000000000000e+02 3.409481030836047921e-11
1.337500000000000000e+02 3.278993743194291710e-11
1.338750000000000000e+02 3.304018170169342739e-11
1.340159999999999911e+02 3.283640373497043186e-11
1.341409999999999911e+02 3.355856217912567274e-11
1.342659999999999911e+02 3.390056985130840417e-11
1.344070000000000107e+02 3.251108410262659731e-11
1.345320000000000107e+02 3.292221009698614864e-11
1.346719999999999970e+02 3.157085703975326396e-11
1.347969999999999970e+02 3.276490884163152373e-11
1.349219999999999970e+02 3.271485859990264089e-11
1.350629999999999882e+02 3.356928277020720941e-11
1.351879999999999882e+02 3.223580083422383780e-11
1.353129999999999882e+02 3.195696138269532582e-11
1.354540000000000077e+02 3.253610922349103873e-11
1.355790000000000077e+02 3.312240759445472804e-11
1.357040000000000077e+02 3.375160914642627574e-11
1.358439999999999941e+02 3.277206284124645208e-11
1.359689999999999941e+02 3.242885474041834470e-11
1.360939999999999941e+02 3.384456256916301697e-11
1.362350000000000136e+02 3.245030980036922585e-11
1.363750000000000000e+02 3.283654251284851000e-11
1.365000000000000000e+02 3.195695444380142192e-11
1.366250000000000000e+02 3.357286323946162554e-11
1.367659999999999911e+02 3.218218400102834664e-11
1.368909999999999911e+02 3.213928428946744020e-11
1.370320000000000107e+02 3.297941086888300788e-11
1.371570000000000107e+02 3.235020931691146018e-11
1.372820000000000107e+02 3.359073436071113861e-11
1.374219999999999970e+02 3.370513590450485708e-11
1.375469999999999970e+02 3.188545608101556184e-11
1.376719999999999970e+02 3.181753124859021398e-11
1.378129999999999882e+02 2.872515419971577444e-11
1.379379999999999882e+02 2.795295592217250658e-11
1.380629999999999882e+02 2.714500325906588074e-11
1.382040000000000077e+02 2.632990180051475448e-11
1.383290000000000077e+02 2.531459937504809687e-11
1.384540000000000077e+02 2.535869431108395133e-11
1.385939999999999941e+02 2.503932824970966919e-11
1.387350000000000136e+02 2.373445363856863111e-11
1.388600000000000136e+02 2.375947528998612057e-11
1.389850000000000136e+02 2.349492302100575358e-11
1.391250000000000000e+02 2.293007277109904152e-11
1.392500000000000000e+02 2.406335027071992982e-11
1.393909999999999911e+02 2.358072417885104244e-11
1.395159999999999911e+02 2.367724939722481992e-11
1.396409999999999911e+02 2.549692922071411516e-11
1.397820000000000107e+02 2.432789907025334486e-11
1.399070000000000107e+02 2.433505133514479724e-11
1.400320000000000107e+02 2.451737771136386357e-11
1.401719999999999970e+02 2.438152457706621590e-11
1.402969999999999970e+02 2.361647682969092443e-11
1.404379999999999882e+02 2.441727202373566996e-11
1.405629999999999882e+02 2.269769615315109235e-11
1.407040000000000077e+02 2.362362389041194888e-11
1.408290000000000077e+02 2.290862465004206427e-11
1.409540000000000077e+02 2.412055104261678906e-11
1.410939999999999941e+02 2.181467333162157018e-11
1.412189999999999941e+02 2.369869925300527314e-11
1.413439999999999941e+02 2.324467354708481537e-11
1.414850000000000136e+02 2.369155045756077271e-11
1.416250000000000000e+02 2.318032224501997973e-11
1.417500000000000000e+02 2.263692358561719686e-11
1.418750000000000000e+02 2.240097170258525949e-11
1.420000000000000000e+02 2.242957208853368911e-11
1.421409999999999911e+02 2.395967452217817595e-11
1.422659999999999911e+02 2.299442580788735313e-11
1.423909999999999911e+02 2.279779837133233400e-11
1.425320000000000107e+02 2.245102020959066635e-11
1.426570000000000107e+02 2.348777422556125316e-11
1.427969999999999970e+02 2.251537324637897797e-11
1.429219999999999970e+02 2.278349557627290523e-11
1.430629999999999882e+02 2.242957208853368911e-11
1.431879999999999882e+02 2.314814832871103789e-11
1.433129999999999882e+02 2.315172532851850207e-11
1.434540000000000077e+02 2.211855004707885541e-11
1.435790000000000077e+02 2.292650097546200527e-11
1.437040000000000077e+02 2.246889826973408333e-11
1.438439999999999941e+02 2.247962059553909597e-11
1.439689999999999941e+02 2.223294812142562193e-11
1.440939999999999941e+02 2.270842194840305694e-11
1.442350000000000136e+02 2.291577171076308872e-11
1.443600000000000136e+02 2.297655121719088811e-11
1.444850000000000136e+02 2.441012496301464552e-11
1.446100000000000136e+02 2.314815006343451387e-11
1.447500000000000000e+02 2.325897460742076817e-11
1.448750000000000000e+02 2.233304687015991163e-11
1.450159999999999911e+02 2.253682310215943119e-11
1.451409999999999911e+02 2.354947487015479624e-11
1.452820000000000107e+02 2.315172359379502609e-11
1.454219999999999970e+02 2.338410194646645124e-11
1.455469999999999970e+02 2.214715043302728503e-11
1.456719999999999970e+02 2.147862443457881909e-11
1.458129999999999882e+02 2.350207528589720596e-11
1.459379999999999882e+02 2.204347294976205518e-11
1.460629999999999882e+02 2.346632783922775189e-11
1.462040000000000077e+02 2.250464918585048935e-11
1.463290000000000077e+02 2.270127488768203250e-11
1.464689999999999941e+02 2.209352492621441399e-11
1.465939999999999941e+02 2.259759740441680265e-11
1.467350000000000136e+02 2.356999838359907784e-11
1.468600000000000136e+02 2.300157460333185355e-11
1.469850000000000136e+02 2.166809787151890987e-11
1.471100000000000136e+02 2.236522252119232945e-11
1.472500000000000000e+02 2.324467181236133939e-11
1.473750000000000000e+02 2.404190041493947660e-11
1.475000000000000000e+02 2.315887585868647847e-11
1.476409999999999911e+02 2.206849807062649660e-11
1.477659999999999911e+02 2.297297595210689991e-11
1.478909999999999911e+02 2.267267450173360288e-11
1.480320000000000107e+02 2.316602118468402693e-11
1.481719999999999970e+02 2.227584436353957642e-11
1.482969999999999970e+02 2.380595373607796716e-11
1.484219999999999970e+02 2.309452455662164283e-11
1.485629999999999882e+02 2.235092146085637665e-11
1.486879999999999882e+02 2.239739817222474727e-11
1.488129999999999882e+02 2.119619930962546306e-11
1.489540000000000077e+02 2.373802716892914333e-11
1.490939999999999941e+02 2.319820030516339671e-11
1.492189999999999941e+02 2.255470116230284816e-11
1.493439999999999941e+02 2.269054735770659192e-11
1.494689999999999941e+02 2.210424551729595066e-11
1.496100000000000136e+02 2.208994792640694982e-11
1.497350000000000136e+02 2.192192087580036031e-11
1.498600000000000136e+02 2.203632068487060280e-11
1.500000000000000000e+02 2.074932239914950571e-11
1.501250000000000000e+02 2.322322369130436215e-11
1.502500000000000000e+02 2.221864706108966914e-11
1.503909999999999911e+02 2.387029809924889889e-11
1.505159999999999911e+02 2.320177383552390893e-11
1.506409999999999911e+02 2.262619952508870824e-11
1.507820000000000107e+02 2.310882214751064367e-11
1.509070000000000107e+02 2.215429749374830948e-11
1.510469999999999970e+02 2.197554811733670732e-11
1.511719999999999970e+02 2.187544242970851371e-11
1.513129999999999882e+02 2.278349904571985718e-11
1.514540000000000077e+02 2.303375198908774735e-11
1.515790000000000077e+02 2.203275062395704254e-11
1.517040000000000077e+02 2.619405040094058279e-11
1.518290000000000077e+02 2.350922234661823040e-11
1.519689999999999941e+02 2.227942136334704060e-11
1.520939999999999941e+02 2.144644704882292530e-11
1.522189999999999941e+02 2.102816878957192159e-11
1.523600000000000136e+02 2.271200068293399710e-11
1.524850000000000136e+02 2.128199873274727594e-11
1.526100000000000136e+02 2.243672261870166551e-11
1.527500000000000000e+02 2.220792300056118052e-11
1.528750000000000000e+02 2.236164552138486528e-11
1.530000000000000000e+02 2.260117440422426682e-11
1.531409999999999911e+02 2.242242676253614064e-11
1.532659999999999911e+02 2.202559315489516223e-11
1.534070000000000107e+02 2.166452087171144569e-11
1.535320000000000107e+02 2.191477034563238391e-11
1.536719999999999970e+02 2.279064784116435760e-11
1.538129999999999882e+02 2.088159853363968921e-11
1.539379999999999882e+02 2.255112242777190801e-11
1.540629999999999882e+02 2.175746909027775899e-11
1.541879999999999882e+02 2.229014889332248117e-11
1.543290000000000077e+02 2.217217381916825047e-11
1.544540000000000077e+02 2.204704821484604338e-11
1.545790000000000077e+02 2.163592395520996803e-11
1.547189999999999941e+02 2.236879952099979363e-11
1.548439999999999941e+02 2.193979720122030130e-11
1.549689999999999941e+02 2.116402192386956926e-11
1.551100000000000136e+02 2.189332395929888264e-11
1.552500000000000000e+02 2.230802174929547022e-11
1.553750000000000000e+02 2.260117440422426682e-11
1.555000000000000000e+02 2.176819835497667555e-11
1.556409999999999911e+02 2.180394927109308156e-11
1.557659999999999911e+02 2.116759545423008149e-11
1.558909999999999911e+02 2.138924627692606606e-11
1.560320000000000107e+02 2.192549787560782448e-11
1.561570000000000107e+02 2.207564686607099702e-11
1.562820000000000107e+02 2.169312472710682727e-11
1.564219999999999970e+02 2.232589980943888719e-11
1.565469999999999970e+02 2.038109611635086083e-11
1.566719999999999970e+02 2.170027178782785171e-11
1.568129999999999882e+02 2.309095102626113061e-11
1.569379999999999882e+02 2.256184475357692065e-11
1.570790000000000077e+02 2.220077420511668009e-11
1.572040000000000077e+02 2.111039641705669823e-11
1.573290000000000077e+02 2.195767179191676632e-11
1.574689999999999941e+02 2.146432684368981825e-11
1.576100000000000136e+02 2.123552202137890532e-11
1.577350000000000136e+02 2.110324588688872183e-11
1.578600000000000136e+02 2.139282327673353024e-11
1.580000000000000000e+02 2.158944897856507339e-11
1.581250000000000000e+02 2.311954620803913230e-11
1.582500000000000000e+02 2.250464745112701337e-11
1.583909999999999911e+02 2.244029961850912969e-11
1.585159999999999911e+02 2.300514813369236578e-11
1.586409999999999911e+02 2.153939700211271457e-11
1.587820000000000107e+02 2.157157265314513239e-11
1.589070000000000107e+02 2.238667411169625865e-11
1.590320000000000107e+02 2.151794541160878538e-11
1.591719999999999970e+02 2.217932087988927492e-11
1.592969999999999970e+02 2.200057323820114874e-11
1.594219999999999970e+02 2.129987332344374096e-11
1.595469999999999970e+02 2.257972454844381360e-11
1.596879999999999882e+02 2.300157113388490160e-11
1.598290000000000077e+02 2.187187410351842942e-11
1.599540000000000077e+02 2.168954599257588711e-11
1.600939999999999941e+02 2.237594658172081807e-11
1.602189999999999941e+02 2.279064610644088162e-11
1.603600000000000136e+02 2.212927584233082001e-11
1.604850000000000136e+02 2.100314713815443213e-11
1.606100000000000136e+02 2.164664801573845665e-11
1.607500000000000000e+02 2.116044665878558106e-11
1.608750000000000000e+02 2.213642116832836848e-11
1.610000000000000000e+02 2.242957382325716509e-11
1.611409999999999911e+02 2.141426966306703150e-11
1.612820000000000107e+02 2.152152241141624955e-11
1.614070000000000107e+02 2.158229844839709699e-11
1.615320000000000107e+02 2.222579932598112151e-11
1.616570000000000107e+02 2.252967257199145479e-11
1.617969999999999970e+02 2.125697187715935854e-11
1.619219999999999970e+02 2.119977457470945126e-11
1.620469999999999970e+02 2.241527102819773631e-11
1.621879999999999882e+02 2.140354560253854288e-11
1.623129999999999882e+02 2.128199699802379996e-11
1.624379999999999882e+02 2.134277303500464740e-11
1.625790000000000077e+02 2.266194870648163828e-11
1.627040000000000077e+02 2.127842346766328774e-11
1.628290000000000077e+02 2.220077247039320412e-11
1.629689999999999941e+02 2.284427334797722864e-11
1.630939999999999941e+02 2.241169923256070007e-11
1.632189999999999941e+02 2.255827469266336038e-11
1.633600000000000136e+02 2.190047275474338306e-11
1.635000000000000000e+02 2.204704994956951936e-11
1.636250000000000000e+02 2.202559835906559016e-11
1.637659999999999911e+02 2.227227256790254017e-11
1.638909999999999911e+02 2.256899875319184900e-11
1.640320000000000107e+02 2.137494521659011326e-11
1.641570000000000107e+02 2.129629632363627678e-11
1.642820000000000107e+02 2.154297226719670277e-11
1.644070000000000107e+02 2.164664801573845665e-11
1.645469999999999970e+02 2.072429901300854027e-11
1.646719999999999970e+02 2.078149631545844755e-11
1.648129999999999882e+02 2.162877169031851565e-11
1.649379999999999882e+02 2.058844761343436858e-11
1.650790000000000077e+02 2.177177362006066375e-11
1.652040000000000077e+02 2.172887390849975731e-11
1.653290000000000077e+02 2.055627196240195076e-11
1.654689999999999941e+02 2.199341923858622039e-11
1.655939999999999941e+02 2.307307296611771363e-11
1.657189999999999941e+02 2.188259469459996609e-11
1.658600000000000136e+02 2.115329786334108064e-11
1.659850000000000136e+02 2.237594831644429405e-11
1.661250000000000000e+02 2.184685071737746398e-11
1.662500000000000000e+02 2.236879605155284167e-11
1.663909999999999911e+02 2.284784514361426488e-11
1.665159999999999911e+02 2.305519837542124861e-11
1.666409999999999911e+02 2.225797497701353933e-11
1.667659999999999911e+02 2.135349883025661200e-11
1.669070000000000107e+02 2.195052473119574188e-11
1.670320000000000107e+02 2.249750039040598892e-11
1.671570000000000107e+02 2.209710019129840219e-11
1.672969999999999970e+02 2.193622540558326506e-11
1.674379999999999882e+02 2.117117245403754566e-11
1.675629999999999882e+02 2.126769593768784716e-11
1.676879999999999882e+02 2.124624608190739394e-11
1.678290000000000077e+02 2.123552028665542935e-11
1.679540000000000077e+02 2.248677459515402433e-11
1.680790000000000077e+02 2.254397363232740759e-11
1.682189999999999941e+02 2.188259816404691804e-11
1.683439999999999941e+02 2.119619757490198708e-11
1.684850000000000136e+02 2.290147238515061190e-11
1.686100000000000136e+02 2.123194675629491712e-11
1.687500000000000000e+02 2.186114657354298885e-11
1.688750000000000000e+02 2.184684898265398800e-11
1.690000000000000000e+02 2.269054735770659192e-11
1.691250000000000000e+02 2.108894656127624501e-11
1.692659999999999911e+02 2.180394753636960559e-11
1.693909999999999911e+02 2.146074810915887809e-11
1.695159999999999911e+02 2.170384358346488796e-11
1.696570000000000107e+02 2.112827274247663922e-11
1.697969999999999970e+02 2.240097343730873547e-11
1.699219999999999970e+02 2.205777574482148395e-11
1.700469999999999970e+02 2.170742231799582811e-11
1.701879999999999882e+02 2.210782251710341484e-11
1.703129999999999882e+02 2.242242155836571271e-11
1.704379999999999882e+02 2.258329807880432583e-11
1.705790000000000077e+02 2.311240088204158383e-11
1.707040000000000077e+02 2.256899875319184900e-11
1.708290000000000077e+02 2.112827274247663922e-11
1.709689999999999941e+02 2.154297226719670277e-11
1.710939999999999941e+02 2.279064784116435760e-11
1.712350000000000136e+02 2.201487256381362556e-11
1.713600000000000136e+02 2.217574734952876270e-11
1.715000000000000000e+02 2.214357343321982086e-11
1.716250000000000000e+02 2.228299836315450477e-11
1.717500000000000000e+02 2.227227256790254017e-11
1.718750000000000000e+02 2.204704648012256740e-11
1.720159999999999911e+02 2.152152067669277358e-11
1.721570000000000107e+02 2.228657362823849297e-11
1.722820000000000107e+02 2.216502675844722603e-11
1.724070000000000107e+02 2.058844587871089260e-11
1.725469999999999970e+02 2.045617147894418508e-11
1.726719999999999970e+02 2.143929651865494890e-11
1.727969999999999970e+02 2.211854831235537944e-11
1.729379999999999882e+02 2.308022523100916601e-11
1.730629999999999882e+02 2.142142192795848388e-11
1.731879999999999882e+02 2.138567101184207786e-11
1.733290000000000077e+02 2.220434600075371634e-11
1.734689999999999941e+02 2.159302424364906159e-11
1.735939999999999941e+02 2.242957208853368911e-11
1.737189999999999941e+02 2.112112221230866282e-11
1.738600000000000136e+02 2.136779815586908882e-11
1.739850000000000136e+02 2.150722482052724871e-11
1.741100000000000136e+02 2.236879952099979363e-11
1.742350000000000136e+02 2.178250115003610432e-11
1.743750000000000000e+02 2.159302250892558561e-11
1.745000000000000000e+02 2.149649902527528411e-11
1.746250000000000000e+02 2.071356974830962372e-11
1.747659999999999911e+02 2.236164725610834125e-11
1.748909999999999911e+02 2.010939505192599341e-11
1.750159999999999911e+02 2.330544958406566280e-11
1.751570000000000107e+02 2.153582347175220235e-11
1.752820000000000107e+02 2.081009843613035315e-11
1.754219999999999970e+02 2.202917362414957836e-11
1.755469999999999970e+02 2.160732356926153841e-11
1.756879999999999882e+02 2.168239893185486267e-11
1.758290000000000077e+02 2.176462482461616332e-11
1.759540000000000077e+02 2.151080008561123691e-11
1.760790000000000077e+02 2.117117245403754566e-11
1.762189999999999941e+02 2.078864858034989993e-11
1.763439999999999941e+02 2.172171990888482895e-11
1.764689999999999941e+02 2.282282349219677542e-11
1.765939999999999941e+02 2.271199721348704514e-11
1.767350000000000136e+02 2.277992378063586898e-11
1.768600000000000136e+02 2.181824686198208241e-11
1.769850000000000136e+02 2.076719872456944671e-11
1.771250000000000000e+02 1.981267233608363654e-11
1.772659999999999911e+02 2.132489844430818238e-11
1.773909999999999911e+02 2.211855004707885541e-11
1.775159999999999911e+02 2.138567274656555384e-11
1.776570000000000107e+02 2.229729768876698159e-11
1.777820000000000107e+02 2.113541980319766367e-11
1.779070000000000107e+02 2.213999643341235668e-11
1.780469999999999970e+02 2.158587371348108519e-11
