Start time (s) =
1547809272
'Reltime', '44.00[A]'
0.000000000000000000e+00 2.148219969966280729e-11
1.250000000000000000e-01 2.222593116496529575e-11
2.500000000000000000e-01 2.128557226310778816e-11
3.900000000000000133e-01 2.163592395520996803e-11
5.150000000000000133e-01 2.180752106673011781e-11
6.400000000000000133e-01 2.139997207217803066e-11
7.810000000000000275e-01 2.192562797986852274e-11
9.060000000000000275e-01 2.154297053247322680e-11
1.030999999999999917e+00 2.143214598848697250e-11
1.171999999999999931e+00 2.091734771503261925e-11
1.296999999999999931e+00 2.158229671367362101e-11
1.421999999999999931e+00 2.081724549685137760e-11
1.562000000000000055e+00 2.113184627283715145e-11
1.687000000000000055e+00 2.158229497895014504e-11
1.812000000000000055e+00 2.112469747739265102e-11
1.952999999999999847e+00 2.139997207217803066e-11
2.077999999999999847e+00 2.138209748148156564e-11
2.202999999999999847e+00 2.177177015061371179e-11
2.343999999999999861e+00 2.146789516987990254e-11
2.468999999999999861e+00 2.157514965295259657e-11
2.593999999999999861e+00 2.139281980728657828e-11
2.733999999999999986e+00 2.063492259007926322e-11
2.858999999999999986e+00 2.244387314886964191e-11
2.983999999999999986e+00 2.119619584017851111e-11
3.108999999999999986e+00 2.146432163951939032e-11
3.250000000000000000e+00 2.150722308580377273e-11
3.375000000000000000e+00 2.147147216968736672e-11
3.500000000000000000e+00 2.244029614906217773e-11
3.640000000000000124e+00 2.042757282771923144e-11
3.765000000000000124e+00 2.202202309398160196e-11
3.890000000000000124e+00 2.098884781254195531e-11
4.030999999999999694e+00 2.099135969213516972e-11
4.155999999999999694e+00 2.210067372165891442e-11
4.296999999999999709e+00 2.199342097330969636e-11
4.421999999999999709e+00 2.187187410351842942e-11
4.562000000000000277e+00 2.127312562216765457e-11
4.687000000000000277e+00 2.139639854181751843e-11
4.812000000000000277e+00 2.174674849919622233e-11
4.953000000000000291e+00 2.197912338242069552e-11
5.078000000000000291e+00 2.182182386178954658e-11
5.203000000000000291e+00 2.180037053656214141e-11
5.344000000000000306e+00 2.055627196240195076e-11
5.469000000000000306e+00 2.116402192386956926e-11
5.594000000000000306e+00 2.156799738806114419e-11
5.719000000000000306e+00 2.118547177965002248e-11
5.858999999999999986e+00 2.108894482655276903e-11
5.983999999999999986e+00 1.996997185671478547e-11
6.108999999999999986e+00 2.066709650638820506e-11
6.250000000000000000e+00 2.108537303091573278e-11
6.375000000000000000e+00 2.091019545014116687e-11
6.514999999999999680e+00 2.155727159280917959e-11
6.639999999999999680e+00 2.260832146494529127e-11
6.780999999999999694e+00 2.103889805427083814e-11
6.921999999999999709e+00 2.044544915313917244e-11
7.046999999999999709e+00 2.152867294158422595e-11
7.171999999999999709e+00 2.158587371348108519e-11
7.312000000000000277e+00 2.295867315704747114e-11
7.437000000000000277e+00 2.234734966521934041e-11
7.562000000000000277e+00 2.081009670140687717e-11
7.703000000000000291e+00 2.121049863523793988e-11
7.828000000000000291e+00 2.090662018505717867e-11
7.969000000000000306e+00 2.053839737170548574e-11
8.093999999999999417e+00 2.233305033960686359e-11
8.218999999999999417e+00 2.102102346357437312e-11
8.358999999999999986e+00 2.017374808871430503e-11
8.483999999999999986e+00 2.034176993515046661e-11
8.608999999999999986e+00 2.165022328082244485e-11
8.750000000000000000e+00 2.168597072749189891e-11
8.875000000000000000e+00 2.199342270803317234e-11
9.000000000000000000e+00 2.119619584017851111e-11
9.140000000000000568e+00 2.093879757081307247e-11
9.265000000000000568e+00 2.118546657547959455e-11
9.390000000000000568e+00 2.054196743261904601e-11
9.531000000000000583e+00 2.176820008970015152e-11
9.672000000000000597e+00 2.065994597622022866e-11
9.797000000000000597e+00 2.166452260643492167e-11
9.922000000000000597e+00 2.192906967124486073e-11
1.006199999999999939e+01 2.113184453811367547e-11
1.018699999999999939e+01 2.228299662843102880e-11
1.031199999999999939e+01 2.146074810915887809e-11
1.045299999999999940e+01 2.112112047758518685e-11
1.057799999999999940e+01 2.185399951282196440e-11
1.071899999999999942e+01 2.090662191978065465e-11
1.084399999999999942e+01 2.286929499939471810e-11
1.096899999999999942e+01 2.280852243186082262e-11
1.110899999999999999e+01 2.274417459924293894e-11
1.123399999999999999e+01 2.073502133881355292e-11
1.135899999999999999e+01 2.068497283180814605e-11
1.150000000000000000e+01 2.080294790596237675e-11
1.162500000000000000e+01 2.134992356517262380e-11
1.175000000000000000e+01 2.161089536489857466e-11
1.189000000000000057e+01 2.206134754045852020e-11
1.201500000000000057e+01 2.100314540343095615e-11
1.214000000000000057e+01 2.161447236470603883e-11
1.228100000000000058e+01 2.158587544820456117e-11
1.240600000000000058e+01 2.176819835497667555e-11
1.254700000000000060e+01 2.198269864750468372e-11
1.267200000000000060e+01 2.108179603110826861e-11
1.281199999999999939e+01 1.991992161498590264e-11
1.293699999999999939e+01 2.161089536489857466e-11
1.307799999999999940e+01 2.057771834873545203e-11
1.320299999999999940e+01 2.072786733919862456e-11
1.332799999999999940e+01 2.151437014652479718e-11
1.346899999999999942e+01 2.093522057100560829e-11
1.359399999999999942e+01 2.041327003265980267e-11
1.371899999999999942e+01 1.983054866150357753e-11
1.385899999999999999e+01 2.244029961850912969e-11
1.398399999999999999e+01 2.196482058736126675e-11
1.410899999999999999e+01 2.060989920393829777e-11
1.425000000000000000e+01 2.099242134290246753e-11
1.439000000000000057e+01 2.058487061362690440e-11
1.451500000000000057e+01 2.200772203364564916e-11
1.464000000000000057e+01 2.109967235652820960e-11
1.478100000000000058e+01 2.185399951282196440e-11
1.490600000000000058e+01 2.218289961442021507e-11
1.503100000000000058e+01 2.079937264087838855e-11
1.517200000000000060e+01 2.116759718895355746e-11
1.529700000000000060e+01 2.217574734952876270e-11
1.542200000000000060e+01 2.252967430671493076e-11
1.556199999999999939e+01 2.180037227128561739e-11
1.568699999999999939e+01 2.217217381916825047e-11
1.581199999999999939e+01 2.086372047349627223e-11
1.593699999999999939e+01 2.155727159280917959e-11
1.607799999999999940e+01 2.121407043087497613e-11
1.621900000000000119e+01 2.097812201728999071e-11
1.634400000000000119e+01 2.109966888708125765e-11
1.646900000000000119e+01 2.136779642114561284e-11
1.660900000000000176e+01 2.036322152565439580e-11
1.675000000000000000e+01 2.174675023391969830e-11
1.687500000000000000e+01 2.063849612043977544e-11
1.700000000000000000e+01 2.050622172067306792e-11
1.714000000000000057e+01 2.074217013425805334e-11
1.726500000000000057e+01 2.069569515761315870e-11
1.739000000000000057e+01 2.195409479210930215e-11
1.753099999999999881e+01 2.102459699393488535e-11
1.765599999999999881e+01 2.116759545423008149e-11
1.778099999999999881e+01 2.224009518214664638e-11
1.792200000000000060e+01 2.044544741841569646e-11
1.804700000000000060e+01 2.103889805427083814e-11
1.817200000000000060e+01 2.078864684562642395e-11
1.829700000000000060e+01 2.107107197057977999e-11
1.843700000000000117e+01 2.047762133472463830e-11
1.857799999999999940e+01 2.095309863114902527e-11
1.870299999999999940e+01 2.272272474346248572e-11
1.882799999999999940e+01 2.155370153189561933e-11
1.896900000000000119e+01 2.175389729464072275e-11
1.909400000000000119e+01 2.101029593359893255e-11
1.923400000000000176e+01 2.157514271405869266e-11
1.935900000000000176e+01 2.095667216150953749e-11
1.950000000000000000e+01 2.216859681936078630e-11
1.962500000000000000e+01 2.109609882616769738e-11
1.975000000000000000e+01 2.122122096104295252e-11
1.989000000000000057e+01 2.126412240732733494e-11
2.001500000000000057e+01 2.081367023176738940e-11
2.014000000000000057e+01 2.241169923256070007e-11
2.028099999999999881e+01 2.249392339059852475e-11
2.040599999999999881e+01 2.149292376019129591e-11
2.054700000000000060e+01 2.126411893788038299e-11
2.067200000000000060e+01 2.056699602293043938e-11
2.079700000000000060e+01 2.097097148712201431e-11
2.093700000000000117e+01 2.008437166578502797e-11
2.106200000000000117e+01 2.212927584233082001e-11
2.118700000000000117e+01 2.205062347993003158e-11
2.132799999999999940e+01 2.034177166987394259e-11
2.145299999999999940e+01 2.058844587871089260e-11
2.157799999999999940e+01 2.087086926894077266e-11
2.171900000000000119e+01 2.185042251301450023e-11
2.184400000000000119e+01 2.290862465004206427e-11
2.196900000000000119e+01 2.117117245403754566e-11
2.210900000000000176e+01 2.104962038007585079e-11
2.225000000000000000e+01 2.061346926485185804e-11
2.237500000000000000e+01 2.151437014652479718e-11
2.250000000000000000e+01 2.072072374792455207e-11
2.264000000000000057e+01 2.083154655718733039e-11
2.276500000000000057e+01 2.112112221230866282e-11
2.290599999999999881e+01 2.085657341277524779e-11
2.303099999999999881e+01 2.118904704473401068e-11
2.315599999999999881e+01 2.066352297602769283e-11
2.329700000000000060e+01 2.217574561480528672e-11
2.342200000000000060e+01 2.206849807062649660e-11
2.354700000000000060e+01 2.074574713406551751e-11
2.368700000000000117e+01 2.142499719304247208e-11
2.381200000000000117e+01 2.077792278509793533e-11
2.393700000000000117e+01 2.210424725201942664e-11
2.407799999999999940e+01 2.142142366268195985e-11
2.420299999999999940e+01 2.159302424364906159e-11
2.432799999999999940e+01 2.184327198284652383e-11
2.446900000000000119e+01 2.127842346766328774e-11
2.459400000000000119e+01 2.033104413989850201e-11
2.471900000000000119e+01 2.187902116423945387e-11
2.485900000000000176e+01 2.191834561071637211e-11
2.500000000000000000e+01 2.061347273429881000e-11
2.512500000000000000e+01 2.192192434524731226e-11
2.525000000000000000e+01 2.133919603519718322e-11
2.539000000000000057e+01 2.216859855408426228e-11
2.551500000000000057e+01 2.211497304727139124e-11
2.564000000000000057e+01 2.188974869421489444e-11
2.576500000000000057e+01 2.273344880399097434e-11
2.590599999999999881e+01 2.250107565548997712e-11
2.604700000000000060e+01 2.130702211888824138e-11
2.617200000000000060e+01 2.028099563289309515e-11
2.631200000000000117e+01 2.202917362414957836e-11
2.643700000000000117e+01 2.227942136334704060e-11
2.657799999999999940e+01 2.185042424773797620e-11
2.670299999999999940e+01 2.176819835497667555e-11
2.682799999999999940e+01 2.132847370939217058e-11
2.696900000000000119e+01 2.063491912063231126e-11
2.709400000000000119e+01 2.141069613270651928e-11
2.721900000000000119e+01 2.131059738397222958e-11
2.735900000000000176e+01 2.121764569595896432e-11
2.748400000000000176e+01 2.102102346357437312e-11
2.760900000000000176e+01 2.129987158872026498e-11
2.775000000000000000e+01 2.096382095695403791e-11
2.787500000000000000e+01 2.125339834679884632e-11
2.800000000000000000e+01 2.068139756672415785e-11
2.812500000000000000e+01 2.172529690869229313e-11
2.826500000000000057e+01 2.063849438571629946e-11
2.839000000000000057e+01 2.112469574266917505e-11
2.853099999999999881e+01 2.063134385554832306e-11
2.865599999999999881e+01 2.041327176738327864e-11
2.879700000000000060e+01 2.136064936042458839e-11
2.893700000000000117e+01 2.109252182636023321e-11
2.906200000000000117e+01 2.119977110526249930e-11
2.918700000000000117e+01 2.179322347584111697e-11
2.932799999999999940e+01 2.165737207626694527e-11
2.945299999999999940e+01 2.158825895826055330e-11
2.957799999999999940e+01 2.040969650229929044e-11
2.971900000000000119e+01 2.162877169031851565e-11
2.984400000000000119e+01 2.063134732499527502e-11
2.998400000000000176e+01 2.064922365041521601e-11
3.010900000000000176e+01 2.110682288669618600e-11
3.023400000000000176e+01 2.077792105037445936e-11
3.037500000000000000e+01 2.071714501339361192e-11
3.050000000000000000e+01 2.212570057724683181e-11
3.062500000000000000e+01 2.158229671367362101e-11
3.076500000000000057e+01 2.114614559844962827e-11
3.089000000000000057e+01 2.093522230572908427e-11
3.101500000000000057e+01 2.242242155836571271e-11
3.115599999999999881e+01 2.172887217377628133e-11
3.128099999999999881e+01 2.113224525923662611e-11
3.140599999999999881e+01 2.057414655309841578e-11
3.154700000000000060e+01 2.126054540751987076e-11
3.168700000000000117e+01 2.035607099548641941e-11
3.181200000000000117e+01 2.215429749374830948e-11
3.193700000000000117e+01 2.195409652683277812e-11
3.207800000000000296e+01 2.114614733317310424e-11
3.220300000000000296e+01 2.174674676447274635e-11
3.232800000000000296e+01 2.059202114379488080e-11
3.246900000000000119e+01 2.096739969148497806e-11
3.260900000000000176e+01 2.113184627283715145e-11
3.273400000000000176e+01 2.231517401418692259e-11
3.285900000000000176e+01 2.221507179600568094e-11
3.298400000000000176e+01 2.103532278918684995e-11
3.312500000000000000e+01 2.232232280963142301e-11
3.325000000000000000e+01 1.904404585417740492e-11
3.337500000000000000e+01 2.155369459300171542e-11
3.351500000000000057e+01 2.162519815995800343e-11
3.364000000000000057e+01 2.060631873468388164e-11
3.376500000000000057e+01 2.102459525921140937e-11
3.390599999999999881e+01 2.122837322593440490e-11
3.403099999999999881e+01 2.145359757899090170e-11
3.415599999999999881e+01 2.208279739623897342e-11
3.429699999999999704e+01 2.289074658989864730e-11
3.443699999999999761e+01 2.121407216559845210e-11
3.456199999999999761e+01 2.032747060953798979e-11
3.468699999999999761e+01 2.037751911654339665e-11
3.482800000000000296e+01 2.020234673993925867e-11
3.496900000000000119e+01 2.031674654900950117e-11
3.509400000000000119e+01 2.210782425182689082e-11
3.521900000000000119e+01 2.135349883025661200e-11
3.534400000000000119e+01 2.079936917143143660e-11
3.548400000000000176e+01 2.002717089388816873e-11
3.560900000000000176e+01 2.141069613270651928e-11
3.573400000000000176e+01 2.079937264087838855e-11
3.587500000000000000e+01 2.137494868603706522e-11
3.600000000000000000e+01 2.153940047155966653e-11
3.612500000000000000e+01 2.141069613270651928e-11
3.626500000000000057e+01 2.089232432889165381e-11
3.639000000000000057e+01 2.166809787151890987e-11
3.651500000000000057e+01 2.054554443242651018e-11
3.665599999999999881e+01 2.213642116832836848e-11
3.678099999999999881e+01 2.040969476757581447e-11
3.692199999999999704e+01 2.166094907607440945e-11
3.704699999999999704e+01 2.105319391043636301e-11
3.718699999999999761e+01 2.029887022358956017e-11
3.732800000000000296e+01 2.219004840986471550e-11
3.745300000000000296e+01 2.172529864341576911e-11
3.757800000000000296e+01 2.211854657763190346e-11
3.770300000000000296e+01 2.294794736179550654e-11
3.784400000000000119e+01 2.153939873683619055e-11
3.796900000000000119e+01 2.151794714633226135e-11
3.809400000000000119e+01 2.169312125765987531e-11
3.823400000000000176e+01 2.083869708735530679e-11
3.835900000000000176e+01 2.163234522067902788e-11
3.848400000000000176e+01 2.030959775356500074e-11
3.862500000000000000e+01 2.092807351028458385e-11
3.876500000000000057e+01 1.974474576893481270e-11
3.889000000000000057e+01 2.099599660798645573e-11
3.901500000000000057e+01 2.114256859864216409e-11
3.915599999999999881e+01 2.155727332753265557e-11
3.928099999999999881e+01 2.141427139779050748e-11
3.940599999999999881e+01 2.083154829191080637e-11
3.954699999999999704e+01 2.057414481837493980e-11
3.967199999999999704e+01 2.008437166578502797e-11
3.979699999999999704e+01 2.063134732499527502e-11
3.993699999999999761e+01 2.157157265314513239e-11
4.007800000000000296e+01 2.132847544411564655e-11
4.020300000000000296e+01 2.113899680300512784e-11
4.032800000000000296e+01 2.143214945793392445e-11
4.045300000000000296e+01 2.123552202137890532e-11
4.059400000000000119e+01 2.153939700211271457e-11
4.071900000000000119e+01 2.123605284676255422e-11
4.084400000000000119e+01 2.097812201728999071e-11
4.098400000000000176e+01 2.073144607372956472e-11
4.110900000000000176e+01 2.097454675220600251e-11
4.125000000000000000e+01 2.218647487950420327e-11
4.137500000000000000e+01 2.112827274247663922e-11
4.151500000000000057e+01 2.101387119868292075e-11
4.164000000000000057e+01 2.143214598848697250e-11
4.176500000000000057e+01 2.160374830417755021e-11
4.190599999999999881e+01 2.044186868388475631e-11
4.203099999999999881e+01 2.165379854590643305e-11
4.215599999999999881e+01 2.017017108890684085e-11
4.229699999999999704e+01 2.144644878354640127e-11
4.242199999999999704e+01 2.079579737579440035e-11
4.254699999999999704e+01 2.022737186080370009e-11
4.268699999999999761e+01 2.044902268349968466e-11
4.281199999999999761e+01 2.086371873877279626e-11
4.293699999999999761e+01 2.131059911869570556e-11
4.306199999999999761e+01 2.091734598030914327e-11
4.320300000000000296e+01 2.048119659980862650e-11
4.334400000000000119e+01 2.181109633181410601e-11
4.346900000000000119e+01 2.141784319342754372e-11
4.360900000000000176e+01 2.024524298205321315e-11
4.373400000000000176e+01 2.168597246221537489e-11
4.387500000000000000e+01 2.121049863523793988e-11
4.400000000000000000e+01 2.136422289078510062e-11
4.412500000000000000e+01 2.182897092251057103e-11
4.426500000000000057e+01 2.147504743477135492e-11
4.439000000000000057e+01 2.147862443457881909e-11
4.451500000000000057e+01 2.139282154201005426e-11
4.465599999999999881e+01 2.111039815178017420e-11
4.479699999999999704e+01 2.112827100775316325e-11
4.492199999999999704e+01 2.067067350619566923e-11
4.504699999999999704e+01 2.067067003674871728e-11
4.517199999999999704e+01 2.330187431898167461e-11
4.531199999999999761e+01 2.169669652274386351e-11
4.543699999999999761e+01 2.010939678664946939e-11
4.556199999999999761e+01 2.153224647194473818e-11
4.570300000000000296e+01 2.178964821075712877e-11
4.582800000000000296e+01 2.141069613270651928e-11
4.595300000000000296e+01 2.086372220821974821e-11
4.609400000000000119e+01 2.181109806653758199e-11
4.623400000000000176e+01 2.143572125357096070e-11
4.635900000000000176e+01 2.148219969966280729e-11
4.648400000000000176e+01 2.119619757490198708e-11
4.662500000000000000e+01 2.037037032109889623e-11
4.675000000000000000e+01 2.098527254745796711e-11
4.687500000000000000e+01 2.284069808289324044e-11
4.701500000000000057e+01 2.100314366870748017e-11
4.714000000000000057e+01 2.090662191978065465e-11
4.728099999999999881e+01 2.194694773138827770e-11
4.740599999999999881e+01 2.063849612043977544e-11
4.753099999999999881e+01 2.046689900891962566e-11
4.767199999999999704e+01 2.094952163134156109e-11
4.779699999999999704e+01 2.151437188124827316e-11
4.792199999999999704e+01 2.137494695131358924e-11
4.806199999999999761e+01 2.126054887696682272e-11
4.818699999999999761e+01 2.044187041860823228e-11
4.831199999999999761e+01 2.159302250892558561e-11
4.845300000000000296e+01 2.250464918585048935e-11
4.857800000000000296e+01 2.069212336197612245e-11
4.870300000000000296e+01 1.994137147076635586e-11
4.884400000000000119e+01 2.017731988435134127e-11
4.896900000000000119e+01 2.126769593768784716e-11
4.909400000000000119e+01 2.152152241141624955e-11
4.923400000000000176e+01 2.163234695540250385e-11
4.937500000000000000e+01 2.143929998810190085e-11
4.950000000000000000e+01 2.186472010390350107e-11
4.962500000000000000e+01 2.111000090010417551e-11
4.976500000000000057e+01 2.049192239506059110e-11
4.990599999999999881e+01 2.192907314069181268e-11
5.003099999999999881e+01 2.057414655309841578e-11
5.015599999999999881e+01 2.142499892776594805e-11
5.028099999999999881e+01 2.004147195422412153e-11
5.042199999999999704e+01 2.112469747739265102e-11
5.054699999999999704e+01 2.079222211071041215e-11
5.067199999999999704e+01 2.068854462744518230e-11
5.081199999999999761e+01 2.212212184271589166e-11
5.095300000000000296e+01 1.977691968524375454e-11
5.107800000000000296e+01 1.990919581973393804e-11
5.120300000000000296e+01 2.035249746512590718e-11
5.134400000000000119e+01 2.230802695346589815e-11
5.146900000000000119e+01 2.126412240732733494e-11
5.159400000000000119e+01 2.025597051202865373e-11
5.173400000000000176e+01 2.200772550309260112e-11
5.185900000000000176e+01 2.127842173293981176e-11
5.198400000000000176e+01 2.113542327264461562e-11
5.212500000000000000e+01 2.175032549900368650e-11
5.225000000000000000e+01 2.308737576117714241e-11
5.237500000000000000e+01 2.176462135516921137e-11
5.251500000000000057e+01 2.104962211479932677e-11
5.264000000000000057e+01 2.170742231799582811e-11
5.276500000000000057e+01 2.203632241959407878e-11
5.290599999999999881e+01 2.058487234835038038e-11
5.303099999999999881e+01 2.197197285225271912e-11
5.317199999999999704e+01 2.141426966306703150e-11
5.331199999999999761e+01 2.146432337424286629e-11
5.343699999999999761e+01 2.066352124130421686e-11
5.356199999999999761e+01 2.178474761693749429e-11
5.370300000000000296e+01 2.078864511090294798e-11
5.382800000000000296e+01 2.038824664651883722e-11
5.395300000000000296e+01 2.155012106264120320e-11
5.409400000000000119e+01 2.085657341277524779e-11
5.421900000000000119e+01 2.043471988844025589e-11
5.434400000000000119e+01 2.094237110117358469e-11
5.448400000000000176e+01 2.147147216968736672e-11
5.460900000000000176e+01 2.089946965488920227e-11
5.473400000000000176e+01 2.131417091433274180e-11
5.487500000000000000e+01 2.126054540751987076e-11
5.500000000000000000e+01 2.136422462550857659e-11
5.512500000000000000e+01 2.111754694722467462e-11
5.526500000000000057e+01 2.040612123721530224e-11
5.539000000000000057e+01 2.050979525103358014e-11
5.553099999999999881e+01 2.081724723157485357e-11
5.565599999999999881e+01 2.146789690460337852e-11
5.578099999999999881e+01 2.059917340868633318e-11
5.592199999999999704e+01 2.067067177147219326e-11
5.606199999999999761e+01 2.073144780845304069e-11
5.618699999999999761e+01 2.193622540558326506e-11
5.631199999999999761e+01 2.054197090206599796e-11
5.645300000000000296e+01 2.061704626465932222e-11
5.657800000000000296e+01 2.121049516579098793e-11
5.670300000000000296e+01 2.148219796493933131e-11
5.684400000000000119e+01 2.109967235652820960e-11
5.698400000000000176e+01 2.101387293340639673e-11
5.710900000000000176e+01 2.191119854999534766e-11
5.723400000000000176e+01 2.134634656536515962e-11
5.737500000000000000e+01 2.069569689233663468e-11
5.750000000000000000e+01 2.049549766014457930e-11
5.762500000000000000e+01 2.113899853772860382e-11
5.775000000000000000e+01 2.153939700211271457e-11
5.789000000000000057e+01 2.067067177147219326e-11
5.801500000000000057e+01 2.171457284816380451e-11
5.814000000000000057e+01 2.085299641296778361e-11
5.828099999999999881e+01 2.067424356710922950e-11
5.840599999999999881e+01 2.144287525318588905e-11
5.853099999999999881e+01 2.155369459300171542e-11
5.867199999999999704e+01 2.007364760525653935e-11
5.879699999999999704e+01 1.996639312218384532e-11
5.893699999999999761e+01 2.108894656127624501e-11
5.906199999999999761e+01 2.139997380690150663e-11
5.920300000000000296e+01 2.043829862297119604e-11
5.932800000000000296e+01 2.122479622612694072e-11
5.945300000000000296e+01 2.004861901494514598e-11
5.959400000000000119e+01 2.176104955953217512e-11
5.973400000000000176e+01 2.109967235652820960e-11
5.985900000000000176e+01 2.081724376212790162e-11
5.998400000000000176e+01 1.979837127574768374e-11
6.010900000000000176e+01 2.119976937053902333e-11
6.025000000000000000e+01 2.075289592951001794e-11
6.037500000000000000e+01 2.252967257199145479e-11
6.050000000000000000e+01 2.141069960215347123e-11
6.064000000000000057e+01 2.176104955953217512e-11
6.078099999999999881e+01 2.202917188942610238e-11
6.090599999999999881e+01 2.177733167407769344e-11
6.103099999999999881e+01 2.229729942349045757e-11
6.117199999999999704e+01 2.078507331526591173e-11
6.129699999999999704e+01 2.082797129210334219e-11
6.142199999999999704e+01 2.189332048985193069e-11
6.156199999999999761e+01 2.083869535263183081e-11
6.168699999999999761e+01 2.172172337833178091e-11
6.181199999999999761e+01 2.154654926700416695e-11
6.195300000000000296e+01 2.078864337617947200e-11
6.209400000000000119e+01 2.087801806438527308e-11
6.221900000000000119e+01 2.021307253519122327e-11
6.234400000000000119e+01 2.115329612861760467e-11
6.246900000000000119e+01 2.093879757081307247e-11
6.260900000000000176e+01 2.071357148303309970e-11
6.273400000000000176e+01 2.057414655309841578e-11
6.285900000000000176e+01 2.122479622612694072e-11
6.300000000000000000e+01 2.063849438571629946e-11
6.314000000000000057e+01 2.071357495248005165e-11
6.326500000000000057e+01 2.162162289487401523e-11
6.339000000000000057e+01 2.173602443866773370e-11
6.353099999999999881e+01 2.241169749783722409e-11
6.365599999999999881e+01 2.103174752410286175e-11
6.378099999999999881e+01 2.153582173702872637e-11
6.392199999999999704e+01 2.071357495248005165e-11
6.404699999999999704e+01 2.005577127983659835e-11
6.417199999999999704e+01 2.082797129210334219e-11
6.431199999999999761e+01 2.063849785516325142e-11
6.443699999999999761e+01 2.121407216559845210e-11
6.456199999999999761e+01 2.047761960000116233e-11
6.470300000000000296e+01 2.091019718486464285e-11
6.482800000000000296e+01 2.140354733726201886e-11
6.495300000000000296e+01 2.085657167805177181e-11
6.507800000000000296e+01 2.199699623839368456e-11
6.521899999999999409e+01 2.100672413796189630e-11
6.535899999999999466e+01 2.174674502974927037e-11
6.548399999999999466e+01 2.212212357743936764e-11
6.562500000000000000e+01 2.124982134699138214e-11
6.575000000000000000e+01 2.175032202955673455e-11
6.589000000000000057e+01 2.045616974422070911e-11
6.601500000000000057e+01 2.033104760934545396e-11
6.614000000000000057e+01 2.152509594177676178e-11
6.628100000000000591e+01 2.073502133881355292e-11
6.640600000000000591e+01 2.175032376428021053e-11
6.653100000000000591e+01 2.128557052838431218e-11
6.667199999999999704e+01 2.042041882810430309e-11
6.681199999999999761e+01 2.175747429444818692e-11
6.693699999999999761e+01 2.057414828782189176e-11
6.706199999999999761e+01 2.168954946202283907e-11
6.720300000000000296e+01 2.082439602701935399e-11
6.732800000000000296e+01 2.087086926894077266e-11
6.745300000000000296e+01 2.187902289896292984e-11
6.757800000000000296e+01 2.073502133881355292e-11
6.771899999999999409e+01 2.096382095695403791e-11
6.784399999999999409e+01 2.013799370315094706e-11
6.796899999999999409e+01 2.107822076602428041e-11
6.810899999999999466e+01 2.009152219595300437e-11
6.825000000000000000e+01 1.932289571404677275e-11
6.837500000000000000e+01 2.076362172476198253e-11
6.850000000000000000e+01 2.165379854590643305e-11
6.864000000000000057e+01 2.149292029074434396e-11
6.876500000000000057e+01 2.059916820451590524e-11
6.889000000000000057e+01 2.146432163951939032e-11
6.903100000000000591e+01 2.134992009572567184e-11
6.915600000000000591e+01 2.166095081079788542e-11
6.929699999999999704e+01 2.102102172885089715e-11
6.942199999999999704e+01 2.181824686198208241e-11
6.956199999999999761e+01 2.108894656127624501e-11
6.968699999999999761e+01 2.192549787560782448e-11
6.981199999999999761e+01 2.135707236061712422e-11
6.993699999999999761e+01 2.129272279327576456e-11
7.007800000000000296e+01 2.668740055333795880e-11
7.020300000000000296e+01 2.952595806737789985e-11
7.034399999999999409e+01 3.008365778711663552e-11
7.046899999999999409e+01 3.020878339143884261e-11
7.060899999999999466e+01 3.061633585543788172e-11
7.073399999999999466e+01 2.963333745054086421e-11
7.085899999999999466e+01 2.956528077913134211e-11
7.100000000000000000e+01 3.041970147998895868e-11
7.112500000000000000e+01 2.993350706192998700e-11
7.125000000000000000e+01 3.033032852650663358e-11
7.139000000000000057e+01 2.978692986710385071e-11
7.151500000000000057e+01 3.122765587781906049e-11
7.165600000000000591e+01 3.154583191888882254e-11
7.178100000000000591e+01 3.002645007632587237e-11
7.192199999999999704e+01 3.106320756174341113e-11
7.204699999999999704e+01 3.062705297707246643e-11
7.217199999999999704e+01 3.052695596306165271e-11
7.229699999999999704e+01 3.073073046033769629e-11
7.243699999999999761e+01 3.113113239416875899e-11
7.256199999999999761e+01 3.219290806155683526e-11
7.268699999999999761e+01 3.002288001541231210e-11
7.282800000000000296e+01 3.086300659482787978e-11
7.296899999999999409e+01 2.969040291400659726e-11
7.309399999999999409e+01 3.088803518513927315e-11
7.321899999999999409e+01 3.191405820168746743e-11
7.335899999999999466e+01 3.138852719408724568e-11
7.348399999999999466e+01 3.062705644651941839e-11
7.360899999999999466e+01 2.980480792724726768e-11
7.375000000000000000e+01 3.057700967423748750e-11
7.387500000000000000e+01 3.190332720226507490e-11
7.400000000000000000e+01 3.117760563609017765e-11
7.414000000000000057e+01 3.046617819135732930e-11
7.426500000000000057e+01 2.991205200197910585e-11
7.439000000000000057e+01 2.880737835775359912e-11
7.453100000000000591e+01 3.040898088890742201e-11
7.465600000000000591e+01 3.069140774858425402e-11
7.479699999999999704e+01 3.090948330619625040e-11
7.492199999999999704e+01 3.123123287762652467e-11
7.504699999999999704e+01 3.054126049284455746e-11
7.518699999999999761e+01 3.007292678769424299e-11
7.532800000000000296e+01 3.084870900393887894e-11
7.545300000000000296e+01 3.175675347688589056e-11
7.557800000000000296e+01 3.111683480327975815e-11
7.571899999999999409e+01 3.126698552846640666e-11
7.584399999999999409e+01 2.981195498796829213e-11
7.596899999999999409e+01 3.083798147396343836e-11
7.610899999999999466e+01 3.138138707226012514e-11
7.623399999999999466e+01 3.124910746832298969e-11
7.635899999999999466e+01 3.286501279453624136e-11
7.650000000000000000e+01 3.079865876220999610e-11
7.662500000000000000e+01 3.097025760845362186e-11
7.675000000000000000e+01 3.059130379567953639e-11
7.689000000000000057e+01 3.021593045215986706e-11
7.701500000000000057e+01 2.993708059229049923e-11
7.714000000000000057e+01 3.094523595703613239e-11
7.728100000000000591e+01 3.035535711681802695e-11
7.740600000000000591e+01 3.193908332255190885e-11
7.754699999999999704e+01 3.059131073457344030e-11
7.768699999999999761e+01 3.165308293251456462e-11
7.781199999999999761e+01 3.164236234143302795e-11
7.793699999999999761e+01 3.141712931475915127e-11
7.807800000000000296e+01 3.055555808373355831e-11
7.820300000000000296e+01 3.039825682837893339e-11
7.832800000000000296e+01 3.026597722444179794e-11
7.846899999999999409e+01 3.045545760027579263e-11
7.859399999999999409e+01 3.011940349906261361e-11
7.871899999999999409e+01 3.097025760845362186e-11
7.885899999999999466e+01 3.119547675733969072e-11
7.900000000000000000e+01 2.995495518298696425e-11
7.912500000000000000e+01 2.936865334257632298e-11
7.925000000000000000e+01 3.041256135816183814e-11
7.939000000000000057e+01 3.125625799849096609e-11
7.951500000000000057e+01 2.995137818317950007e-11
7.964000000000000057e+01 3.040540735854690979e-11
7.976500000000000057e+01 3.066280215846539647e-11
7.990600000000000591e+01 2.982982957866475715e-11
8.003100000000000591e+01 3.138853760242810154e-11
8.015600000000000591e+01 2.945802976550560004e-11
8.029699999999999704e+01 3.119548369623359463e-11
8.042199999999999704e+01 3.067710668824830123e-11
8.054699999999999704e+01 3.147790708646347468e-11
8.068699999999999761e+01 3.172815482566093692e-11
8.081199999999999761e+01 3.040898088890742201e-11
8.095300000000000296e+01 3.107035462246443558e-11
8.107800000000000296e+01 3.364078460244002144e-11
8.121899999999999409e+01 3.143858784415698437e-11
8.135899999999999466e+01 3.173888235563637750e-11
8.148399999999999466e+01 2.965822726297417944e-11
8.160899999999999466e+01 3.061991285524534590e-11
8.175000000000000000e+01 3.164950593270710044e-11
8.187500000000000000e+01 3.080580235348406859e-11
8.200000000000000000e+01 3.144573490487800882e-11
8.214000000000000057e+01 3.162422060332126250e-11
8.226500000000000057e+01 3.021236039124630679e-11
8.239000000000000057e+01 3.127770958899489528e-11
8.251500000000000057e+01 3.071285586964123127e-11
8.265600000000000591e+01 3.242170421025036831e-11
8.278100000000000591e+01 3.188545955046251379e-11
8.290600000000000591e+01 3.085942959502041560e-11
8.304699999999999704e+01 3.246460392181127474e-11
8.317199999999999704e+01 3.111683133383280619e-11
8.329699999999999704e+01 3.183183577837311873e-11
8.343699999999999761e+01 3.079150823204201970e-11
8.357800000000000296e+01 3.172815829510788888e-11
8.370300000000000296e+01 2.940440946286315693e-11
8.382800000000000296e+01 3.003360754538775268e-11
8.396899999999999409e+01 3.078078417151353108e-11
8.410899999999999466e+01 2.989417741128264083e-11
8.423399999999999466e+01 2.948305835581699341e-11
8.435899999999999466e+01 2.997282977368342927e-11
8.450000000000000000e+01 3.192835926202342023e-11
8.462500000000000000e+01 3.125268446813045387e-11
8.475000000000000000e+01 3.104890650140745834e-11
8.487500000000000000e+01 3.020162939182391426e-11
8.501500000000000057e+01 3.073431439903906437e-11
8.515600000000000591e+01 3.187115502067960904e-11
8.528100000000000591e+01 3.108108215243987615e-11
8.540600000000000591e+01 2.971900850412545481e-11
8.554699999999999704e+01 3.172458129530042470e-11
8.567199999999999704e+01 3.048405972094769822e-11
8.579699999999999704e+01 3.226440989378964730e-11
8.593699999999999761e+01 3.117760563609017765e-11
8.606199999999999761e+01 3.072358339961667184e-11
8.618699999999999761e+01 2.964035614172466637e-11
8.632800000000000296e+01 3.251465763298710954e-11
8.645300000000000296e+01 3.120621122620903520e-11
8.657800000000000296e+01 3.118118263589764183e-11
8.671899999999999409e+01 3.049836078128365102e-11
8.684399999999999409e+01 3.044831053955476818e-11
8.696899999999999409e+01 3.211426263804995074e-11
8.710899999999999466e+01 3.112398533344773455e-11
8.723399999999999466e+01 3.224652836419927837e-11
8.735899999999999466e+01 2.971900850412545481e-11
8.748399999999999466e+01 3.126340852865894249e-11
8.762500000000000000e+01 3.218218747047529860e-11
8.775000000000000000e+01 3.106677762265697140e-11
8.787500000000000000e+01 3.187830902029453739e-11
8.801500000000000057e+01 3.129055001216407561e-11
8.814000000000000057e+01 3.135278148214126759e-11
8.826500000000000057e+01 3.034462958684258638e-11
8.840600000000000591e+01 2.995495865243391620e-11
8.853100000000000591e+01 3.173530535582891332e-11
8.865600000000000591e+01 3.153868138872084614e-11
8.879699999999999704e+01 3.172101123438686443e-11
8.892199999999999704e+01 3.060203132565497697e-11
8.904699999999999704e+01 3.201416562403913701e-11
8.918699999999999761e+01 3.087373412480332036e-11
8.931199999999999761e+01 3.204276080581713870e-11
8.943699999999999761e+01 3.110967733421787784e-11
8.957800000000000296e+01 3.108822921316090060e-11
8.970300000000000296e+01 3.142070978401356740e-11
8.982800000000000296e+01 3.188903308082302601e-11
8.996899999999999409e+01 3.124911440721689360e-11
9.009399999999999409e+01 3.215716234961085718e-11
9.021899999999999409e+01 3.223580430367078975e-11
9.034399999999999409e+01 3.141355925384559100e-11
9.048399999999999466e+01 3.139925819350963820e-11
9.060899999999999466e+01 3.224653183364623033e-11
9.073399999999999466e+01 3.194981085252734943e-11
9.087500000000000000e+01 3.175317994652537834e-11
9.100000000000000000e+01 3.207850998721006874e-11
9.112500000000000000e+01 3.112398186400078259e-11
9.126500000000000057e+01 3.207135945704209234e-11
9.139000000000000057e+01 3.230730960535055374e-11
9.151500000000000057e+01 3.108108215243987615e-11
9.165600000000000591e+01 3.217860353177393051e-11
9.179699999999999704e+01 3.132060583110884977e-11
9.192199999999999704e+01 3.055913161409407053e-11
9.204699999999999704e+01 3.215358188035644105e-11
9.218699999999999761e+01 3.146003596521396162e-11
9.231199999999999761e+01 3.003360407594080073e-11
9.243699999999999761e+01 3.112398880289468650e-11
9.257800000000000296e+01 3.046260813044376903e-11
9.270300000000000296e+01 3.273631019040657009e-11
9.282800000000000296e+01 3.293293415751463726e-11
9.296899999999999409e+01 3.157085703975326396e-11
9.309399999999999409e+01 3.103460891051845749e-11
9.321899999999999409e+01 3.228228101503916037e-11
9.334399999999999409e+01 3.170671017405091163e-11
9.348399999999999466e+01 3.022281730435949498e-11
9.362500000000000000e+01 3.105963403138289891e-11
9.375000000000000000e+01 3.107393162227189976e-11
9.387500000000000000e+01 3.327613185000188878e-11
9.401500000000000057e+01 3.168883558335444661e-11
9.415600000000000591e+01 3.061990591635144199e-11
9.428100000000000591e+01 3.063063691577383452e-11
9.440600000000000591e+01 3.180681065750867731e-11
9.454699999999999704e+01 3.121693181729057187e-11
9.467199999999999704e+01 3.152438379783184530e-11
9.479699999999999704e+01 3.010153237781310054e-11
9.493699999999999761e+01 2.977620233712841014e-11
9.506199999999999761e+01 3.196159656382313585e-11
9.518699999999999761e+01 3.160303269078568178e-11
9.532800000000000296e+01 3.236451037724741298e-11
9.545300000000000296e+01 3.140283172387015043e-11
9.557800000000000296e+01 3.210353163862755821e-11
9.570300000000000296e+01 3.093807848797425208e-11
9.584399999999999409e+01 3.258258940430636130e-11
9.598399999999999466e+01 3.126340505921199053e-11
9.610899999999999466e+01 3.090232930658132204e-11
9.623399999999999466e+01 3.177463153702930754e-11
9.637500000000000000e+01 3.092020389727778706e-11
9.650000000000000000e+01 3.122050881709803605e-11
9.664000000000000057e+01 3.355498170987125661e-11
9.676500000000000057e+01 3.174602941635740194e-11
9.690600000000000591e+01 3.122765240837210854e-11
9.703100000000000591e+01 3.105698337391160635e-11
9.715600000000000591e+01 3.157443403956072814e-11
9.729699999999999704e+01 3.128128311935540751e-11
9.742199999999999704e+01 3.138853066353419763e-11
9.754699999999999704e+01 3.112040833364027037e-11
9.768699999999999761e+01 3.226082942453523117e-11
9.781199999999999761e+01 3.117403210572966543e-11
9.795300000000000296e+01 3.253610575404408678e-11
9.807800000000000296e+01 3.155655250997035921e-11
9.820300000000000296e+01 3.213927735057353630e-11
9.834399999999999409e+01 3.193550632274444467e-11
9.846899999999999409e+01 3.319390595724058812e-11
9.859399999999999409e+01 3.200701162442420866e-11
9.873399999999999466e+01 3.073788099050567268e-11
9.887500000000000000e+01 3.261118111663741104e-11
9.900000000000000000e+01 3.191405820168746743e-11
9.912500000000000000e+01 3.238052881382458281e-11
9.926500000000000057e+01 3.283998767367179994e-11
9.939000000000000057e+01 3.236199849765419856e-11
9.951500000000000057e+01 3.197841297319925502e-11
9.965600000000000591e+01 3.317960836635158728e-11
9.978100000000000591e+01 3.347633628636437209e-11
9.990600000000000591e+01 3.316173030620817030e-11
1.000469999999999970e+02 3.148863114699196331e-11
1.001719999999999970e+02 3.097740813862159825e-11
1.003119999999999976e+02 3.185036609454350298e-11
1.004369999999999976e+02 3.151365973730335668e-11
1.005619999999999976e+02 3.149935520752045193e-11
1.007030000000000030e+02 3.147790014756957078e-11
1.008280000000000030e+02 3.149220814679942748e-11
1.009530000000000030e+02 3.253610575404408678e-11
1.010939999999999941e+02 3.147433355610296246e-11
1.012189999999999941e+02 3.161733028167468262e-11
1.013589999999999947e+02 3.264335329822287690e-11
1.014839999999999947e+02 3.144216137451749660e-11
1.016250000000000000e+02 3.183924998650944360e-11
1.017500000000000000e+02 3.102030438073555274e-11
1.018750000000000000e+02 3.142428331437407962e-11
1.020150000000000006e+02 3.147076002574245024e-11
1.021400000000000006e+02 3.247533145178671532e-11
1.022650000000000006e+02 3.132060930055580172e-11
1.024060000000000059e+02 3.184255983890160735e-11
1.025310000000000059e+02 3.161376022076112235e-11
1.026719999999999970e+02 3.143500390545561629e-11
1.027969999999999970e+02 3.086300659482787978e-11
1.029219999999999970e+02 3.174603635525130585e-11
1.030619999999999976e+02 3.211068216879553461e-11
1.031869999999999976e+02 3.189617667209709850e-11
1.033119999999999976e+02 3.249678651173759647e-11
1.034530000000000030e+02 3.280780855319243017e-11
1.035780000000000030e+02 3.201415868514523311e-11
1.037189999999999941e+02 3.085942959502041560e-11
1.038439999999999941e+02 3.212855675949199963e-11
1.039839999999999947e+02 3.160660622114619400e-11
1.041089999999999947e+02 3.138138707226012514e-11
1.042339999999999947e+02 3.273630672095961813e-11
1.043750000000000000e+02 3.044830707010781623e-11
1.045000000000000000e+02 3.140640525423066265e-11
1.046250000000000000e+02 3.171743423457940025e-11
1.047650000000000006e+02 3.219648506136429944e-11
1.048900000000000006e+02 3.306163329219735658e-11
1.050150000000000006e+02 3.006935672678068272e-11
1.051560000000000059e+02 3.220006206117176362e-11
1.052810000000000059e+02 3.048048619058718600e-11
1.054060000000000059e+02 3.125268446813045387e-11
1.055310000000000059e+02 3.206062845761969982e-11
1.056719999999999970e+02 3.137065607283773261e-11
1.057969999999999970e+02 3.130631170966680088e-11
1.059369999999999976e+02 3.227156389340457565e-11
1.060619999999999976e+02 3.056628214426204693e-11
1.062030000000000030e+02 3.201773568495269728e-11
1.063439999999999941e+02 3.241098708861578359e-11
1.064689999999999941e+02 3.296510633910010313e-11
1.065939999999999941e+02 3.347276275600385986e-11
1.067339999999999947e+02 3.198198303411281529e-11
1.068589999999999947e+02 3.202488621512067368e-11
1.069839999999999947e+02 3.188373176588044089e-11
1.071250000000000000e+02 3.246103386089771448e-11
1.072500000000000000e+02 3.159588216061770538e-11
1.073900000000000006e+02 3.250750710281913314e-11
1.075150000000000006e+02 3.143500737490256824e-11
1.076400000000000006e+02 3.304375523205393961e-11
1.077810000000000059e+02 3.239310902847236662e-11
1.079060000000000059e+02 3.157800756992124036e-11
1.080310000000000059e+02 3.143143037509510407e-11
1.081719999999999970e+02 3.018018474021388897e-11
1.082969999999999970e+02 3.166738399285051742e-11
1.084219999999999970e+02 3.159588563006465733e-11
1.085619999999999976e+02 3.206778245723462817e-11
1.086869999999999976e+02 3.118475616625815405e-11
1.088119999999999976e+02 3.210353163862755821e-11
1.089530000000000030e+02 3.269698400920617587e-11
1.090780000000000030e+02 3.186400795995858459e-11
1.092030000000000030e+02 3.233233472621499516e-11
1.093439999999999941e+02 3.150650573768842833e-11
1.094689999999999941e+02 3.132776330017073008e-11
1.096089999999999947e+02 3.146003943466091357e-11
1.097339999999999947e+02 3.123123287762652467e-11
1.098750000000000000e+02 3.222151018222874086e-11
1.100150000000000006e+02 3.266838188853427027e-11
1.101400000000000006e+02 3.157443750900768009e-11
1.102650000000000006e+02 3.204633433617765093e-11
1.103900000000000006e+02 3.226798689359711148e-11
1.105310000000000059e+02 3.177105800666879531e-11
1.106719999999999970e+02 3.217860700122088247e-11
1.107969999999999970e+02 3.199986109425623226e-11
1.109219999999999970e+02 3.232876119585448293e-11
1.110619999999999976e+02 3.214643135018846465e-11
1.111869999999999976e+02 3.190333414115897881e-11
1.113119999999999976e+02 3.158515810008921676e-11
1.114530000000000030e+02 3.307236082217279716e-11
1.115780000000000030e+02 3.148863114699196331e-11
1.117030000000000030e+02 3.095237954831020488e-11
1.118439999999999941e+02 3.380166285760211053e-11
1.119689999999999941e+02 3.133132642219038644e-11
1.120939999999999941e+02 3.208022736345128578e-11
1.122339999999999947e+02 3.078078764096048303e-11
1.123589999999999947e+02 3.161017975150670622e-11
1.124839999999999947e+02 3.204991133598511510e-11
1.126250000000000000e+02 3.117402863628271348e-11
1.127500000000000000e+02 3.338338286362763085e-11
1.128900000000000006e+02 3.150651267658233223e-11
1.130150000000000006e+02 3.315457977604019391e-11
1.131400000000000006e+02 3.240740314991441551e-11
1.132810000000000059e+02 3.169240564426800688e-11
1.134060000000000059e+02 3.207850998721006874e-11
1.135310000000000059e+02 3.223223424275722948e-11
1.136719999999999970e+02 3.156371691792614342e-11
1.138119999999999976e+02 3.287573685506472998e-11
1.139369999999999976e+02 3.174961682450572198e-11
1.140619999999999976e+02 3.325826072875237571e-11
1.142030000000000030e+02 3.202845627603423395e-11
1.143280000000000030e+02 3.115973451484066459e-11
1.144530000000000030e+02 3.259688352574841019e-11
1.145939999999999941e+02 3.247533492123366727e-11
1.147189999999999941e+02 3.299013839885844845e-11
1.148439999999999941e+02 3.300086245938693708e-11
1.149839999999999947e+02 3.337622886401270250e-11
1.151089999999999947e+02 3.174960988561181807e-11
1.152339999999999947e+02 3.257900546560499322e-11
1.153589999999999947e+02 3.290433897573663558e-11
1.155000000000000000e+02 3.120978128712259547e-11
1.156400000000000006e+02 3.278993049304901319e-11
1.157650000000000006e+02 3.284356120403231216e-11
1.158900000000000006e+02 3.134920795178075537e-11
1.160310000000000059e+02 3.121692487839666796e-11
1.161719999999999970e+02 3.243958227039378528e-11
1.162969999999999970e+02 3.322965860808047012e-11
1.164219999999999970e+02 3.277920990196747653e-11
1.165619999999999976e+02 3.156728350939275174e-11
1.166869999999999976e+02 3.176391094594777087e-11
1.168119999999999976e+02 3.086300312538092783e-11
1.169530000000000030e+02 3.282211308297533492e-11
1.170780000000000030e+02 3.276133184182405955e-11
1.172030000000000030e+02 3.251108410262659731e-11
1.173439999999999941e+02 3.137065954228468456e-11
1.174689999999999941e+02 3.109537627388192504e-11
1.176089999999999947e+02 3.185686089923756015e-11
1.177500000000000000e+02 3.142427637548017572e-11
1.178750000000000000e+02 3.189115638235762162e-11
1.180000000000000000e+02 3.172815135621398497e-11
1.181400000000000006e+02 3.256828140507650460e-11
1.182650000000000006e+02 3.141356272329254296e-11
1.183900000000000006e+02 3.114542998505775984e-11
1.185310000000000059e+02 3.331546497009618690e-11
1.186560000000000059e+02 3.342627910574158534e-11
1.187810000000000059e+02 3.206777898778767621e-11
1.189219999999999970e+02 3.287215638581031385e-11
1.190469999999999970e+02 3.123838340779450107e-11
1.191719999999999970e+02 3.105248350121492251e-11
1.193119999999999976e+02 3.212499016802539131e-11
1.194369999999999976e+02 3.300801298955491347e-11
1.195619999999999976e+02 3.324395966841642291e-11
1.197030000000000030e+02 3.131345183149392142e-11
1.198439999999999941e+02 3.170671017405091163e-11
1.199689999999999941e+02 3.137065954228468456e-11
1.200939999999999941e+02 3.220363212208532389e-11
1.202189999999999941e+02 3.332618903062467552e-11
1.203589999999999947e+02 3.191406167113441938e-11
1.204839999999999947e+02 3.196053144360888609e-11
1.206089999999999947e+02 3.206063192706665177e-11
1.207500000000000000e+02 3.181038418786918953e-11
1.208750000000000000e+02 3.206063192706665177e-11
1.210000000000000000e+02 3.098455519934262270e-11
1.211400000000000006e+02 3.260046052555587437e-11
1.212650000000000006e+02 3.259688699519536215e-11
1.213900000000000006e+02 3.047690225188581792e-11
1.215310000000000059e+02 3.143142690564815211e-11
1.216719999999999970e+02 3.377663426729071716e-11
1.217969999999999970e+02 3.151008620694284446e-11
1.219219999999999970e+02 3.254325628421206318e-11
1.220619999999999976e+02 3.182468871765209428e-11
1.222030000000000030e+02 3.213213028985251185e-11
1.223280000000000030e+02 3.255755734454801598e-11
1.224530000000000030e+02 3.167095752321102964e-11
1.225780000000000030e+02 3.255041028382699153e-11
1.227189999999999941e+02 3.247891192104113145e-11
1.228439999999999941e+02 3.304018170169342739e-11
1.229689999999999941e+02 3.319033589632702785e-11
1.231089999999999947e+02 3.172101123438686443e-11
1.232339999999999947e+02 3.220005859172481166e-11
1.233750000000000000e+02 3.304018517114037934e-11
1.235000000000000000e+02 3.253610575404408678e-11
1.236400000000000006e+02 3.080580582293102054e-11
1.237650000000000006e+02 3.219648506136429944e-11
1.238900000000000006e+02 3.355498517931820857e-11
1.240310000000000059e+02 3.036608464679346753e-11
1.241560000000000059e+02 3.189261008063049019e-11
1.242810000000000059e+02 3.189261008063049019e-11
1.244219999999999970e+02 3.252895522387611038e-11
1.245469999999999970e+02 3.181753471803716593e-11
1.246719999999999970e+02 3.093450842706069182e-11
1.248119999999999976e+02 3.271843906915705702e-11
1.249369999999999976e+02 3.246103386089771448e-11
1.250619999999999976e+02 3.255398034474055180e-11
1.251869999999999976e+02 3.184255983890160735e-11
1.253280000000000030e+02 3.203560333675525840e-11
1.254689999999999941e+02 3.251108063317964536e-11
1.255939999999999941e+02 3.265765782800578165e-11
1.257339999999999947e+02 3.275775831146354733e-11
1.258589999999999947e+02 3.221793665186822864e-11
1.260000000000000000e+02 3.391605746250192510e-11
1.261250000000000000e+02 3.236809084650182911e-11
1.262500000000000000e+02 3.060203479510192892e-11
1.263900000000000006e+02 3.230373260554308956e-11
1.265150000000000006e+02 3.214642788074151269e-11
1.266400000000000006e+02 3.223938824237215783e-11
1.267810000000000059e+02 3.188903655026997797e-11
1.269060000000000059e+02 3.125982805940452636e-11
1.270310000000000059e+02 3.128128658880235946e-11
1.271719999999999970e+02 3.135278148214126759e-11
1.272969999999999970e+02 3.249320604248318034e-11
1.274219999999999970e+02 3.092735442744576346e-11
1.275619999999999976e+02 3.267553588814919863e-11
1.276869999999999976e+02 3.227870748467864814e-11
1.278119999999999976e+02 3.216073934941832135e-11
1.279530000000000030e+02 3.194623732216683720e-11
1.280780000000000030e+02 3.207850651776311679e-11
1.282189999999999941e+02 3.237166090741538937e-11
1.283590000000000089e+02 3.118832969661866628e-11
1.284840000000000089e+02 3.190690767151949103e-11
1.286090000000000089e+02 3.187473895938097712e-11
1.287500000000000000e+02 3.171385376532498412e-11
1.288750000000000000e+02 3.429858133618957083e-11
1.290000000000000000e+02 3.326541125892035211e-11
1.291399999999999864e+02 3.212856022893895158e-11
1.292649999999999864e+02 3.310453647320521497e-11
1.293899999999999864e+02 3.206420892687411595e-11
1.295310000000000059e+02 3.330473744012074633e-11
1.296560000000000059e+02 3.301514964193508206e-11
1.297810000000000059e+02 3.374446208570525130e-11
1.299219999999999970e+02 3.232876119585448293e-11
1.300469999999999970e+02 3.236808390760792520e-11
1.301719999999999970e+02 3.133848042180531479e-11
1.303120000000000118e+02 3.230730960535055374e-11
1.304370000000000118e+02 3.301515658082898597e-11
1.305780000000000030e+02 3.207136292648904430e-11
1.307030000000000030e+02 3.289718844556865918e-11
1.308280000000000030e+02 3.187116195957351295e-11
1.309689999999999941e+02 3.206910431652332250e-11
1.311090000000000089e+02 3.337623580290660641e-11
1.312340000000000089e+02 3.229658554482206512e-11
1.313590000000000089e+02 3.173173182546840110e-11
1.315000000000000000e+02 3.249677610339674061e-11
1.316250000000000000e+02 3.359073436071113861e-11
1.317500000000000000e+02 3.162448081184265902e-11
1.318899999999999864e+02 3.304018517114037934e-11
1.320310000000000059e+02 3.292220662753919669e-11
1.321560000000000059e+02 3.285428179511384883e-11
1.322810000000000059e+02 3.203203327584169813e-11
1.324060000000000059e+02 3.281853261372091879e-11
1.325469999999999970e+02 3.376233667640171632e-11
1.326719999999999970e+02 3.330831443992821050e-11
1.327969999999999970e+02 3.368725437491448815e-11
1.329370000000000118e+02 3.157443057011377618e-11
1.330620000000000118e+02 3.161732681222773067e-11
1.331870000000000118e+02 3.247891192104113145e-11
1.333280000000000030e+02 3.266480835817375805e-11
1.334530000000000030e+02 3.255398034474055180e-11
1.335780000000000030e+02 3.074861198992806521e-11
1.337189999999999941e+02 3.138495713317368541e-11
1.338590000000000089e+02 3.131345877038782533e-11
1.339840000000000089e+02 3.158158110028175258e-11
1.341090000000000089e+02 3.208208004812362901e-11
1.342500000000000000e+02 3.126698205901945471e-11
1.343899999999999864e+02 3.188187908120809766e-11
1.345149999999999864e+02 3.339052992434865530e-11
1.346399999999999864e+02 3.238595502885743826e-11
1.347810000000000059e+02 3.222150671278178891e-11
1.349060000000000059e+02 3.339768739341053561e-11
1.350310000000000059e+02 3.266123135836629388e-11
1.351560000000000059e+02 3.295438921746551841e-11
1.352969999999999970e+02 3.325468372894491154e-11
1.354219999999999970e+02 3.382668103957264805e-11
1.355469999999999970e+02 3.306878382236533298e-11
1.356870000000000118e+02 3.437008663786933482e-11
1.358120000000000118e+02 3.129201064933084808e-11
1.359370000000000118e+02 3.302191159404443965e-11
1.360780000000000030e+02 3.295438574801856646e-11
1.362030000000000030e+02 3.302588064135747459e-11
1.363439999999999941e+02 3.250393010301166896e-11
1.364689999999999941e+02 3.243958920928768919e-11
1.366090000000000089e+02 3.260046746444977828e-11
1.367340000000000089e+02 3.305091270111581991e-11
1.368590000000000089e+02 3.198198303411281529e-11
1.370000000000000000e+02 3.284355773458536021e-11
1.371399999999999864e+02 3.235378631671892435e-11
1.372649999999999864e+02 3.265408429764526943e-11
1.373899999999999864e+02 3.358715736090367443e-11
1.375310000000000059e+02 3.190690767151949103e-11
1.376560000000000059e+02 3.366938325366497509e-11
1.377969999999999970e+02 3.285428873400775274e-11
1.379219999999999970e+02 3.301158651991542570e-11
1.380469999999999970e+02 3.029696285516969567e-11
1.381870000000000118e+02 3.292578362734666086e-11
1.383120000000000118e+02 3.265051076728475721e-11
1.384370000000000118e+02 3.297583733852249566e-11
1.385780000000000030e+02 3.307593088308635743e-11
1.387030000000000030e+02 3.322608160827300594e-11
1.388280000000000030e+02 3.229300854501460094e-11
1.389689999999999941e+02 3.268983347903819947e-11
1.390939999999999941e+02 3.234305531729653183e-11
1.392189999999999941e+02 3.268983694848515142e-11
1.393590000000000089e+02 3.223223424275722948e-11
1.394840000000000089e+02 3.278636390158240488e-11
1.396090000000000089e+02 3.273643855994379237e-11
1.397500000000000000e+02 3.236808043816097324e-11
1.398750000000000000e+02 3.354426111878971994e-11
1.400149999999999864e+02 3.211783269896351101e-11
1.401399999999999864e+02 2.778492887156591706e-11
1.402649999999999864e+02 2.626197870281288260e-11
1.404060000000000059e+02 2.642642701888853196e-11
1.405469999999999970e+02 2.576505155060804242e-11
1.406719999999999970e+02 2.571142604379517138e-11
1.407969999999999970e+02 2.451737771136386357e-11
1.409370000000000118e+02 2.448877385596848200e-11
1.410620000000000118e+02 2.417060128434567190e-11
1.411870000000000118e+02 2.343772398383237032e-11
1.413280000000000030e+02 2.203989768467806698e-11
1.414530000000000030e+02 2.325182581197626774e-11
1.415780000000000030e+02 2.281924822711278722e-11
1.417189999999999941e+02 2.309452282189816685e-11
1.418439999999999941e+02 2.336622215159955829e-11
1.419689999999999941e+02 2.353835702739726088e-11
1.421090000000000089e+02 2.309810155642910701e-11
1.422340000000000089e+02 2.235091972613290068e-11
1.423590000000000089e+02 2.226869730281855198e-11
1.424840000000000089e+02 2.134992009572567184e-11
1.426250000000000000e+02 2.209709845657492622e-11
1.427649999999999864e+02 2.200414850328513694e-11
1.428899999999999864e+02 2.314457479835052567e-11
1.430310000000000059e+02 2.182897265723404701e-11
1.431560000000000059e+02 2.036322152565439580e-11
1.432969999999999970e+02 2.238667237697278267e-11
1.434219999999999970e+02 2.255827469266336038e-11
1.435469999999999970e+02 2.194337246630428950e-11
1.436870000000000118e+02 2.233304860488338761e-11
1.438120000000000118e+02 2.177892415022864014e-11
1.439370000000000118e+02 2.247247353481807153e-11
1.440780000000000030e+02 2.236522078646885348e-11
1.442189999999999941e+02 2.249749865568251295e-11
1.443439999999999941e+02 2.276562618974686814e-11
1.444689999999999941e+02 2.231159874910293439e-11
1.446090000000000089e+02 2.228657189351501700e-11
1.447340000000000089e+02 2.288717479426161105e-11
1.448590000000000089e+02 2.131059911869570556e-11
1.449840000000000089e+02 2.145716937462793794e-11
1.451250000000000000e+02 2.245459894412160651e-11
1.452649999999999864e+02 2.177892415022864014e-11
1.453899999999999864e+02 2.253324957179891896e-11
1.455149999999999864e+02 2.247247353481807153e-11
1.456560000000000059e+02 2.279422310624834580e-11
1.457810000000000059e+02 2.285499914322919324e-11
1.459060000000000059e+02 2.314457479835052567e-11
1.460469999999999970e+02 2.343772398383237032e-11
1.461719999999999970e+02 2.358429944393503064e-11
1.462969999999999970e+02 2.303017498928028317e-11
1.464370000000000118e+02 2.198269691278120774e-11
1.465620000000000118e+02 2.190762155018788349e-11
1.467030000000000030e+02 2.217932261461275090e-11
1.468280000000000030e+02 2.277277671991484453e-11
1.469689999999999941e+02 2.291219818040257650e-11
1.470939999999999941e+02 2.131774791414020598e-11
1.472189999999999941e+02 2.087087100366424863e-11
1.473439999999999941e+02 2.187544763387894164e-11
1.474840000000000089e+02 2.262977305544922046e-11
1.476090000000000089e+02 2.241527449764468827e-11
1.477340000000000089e+02 2.229730115821393355e-11
1.478750000000000000e+02 2.285142040869825308e-11
1.480000000000000000e+02 2.187544936860241762e-11
1.481250000000000000e+02 2.304089731508529582e-11
1.482649999999999864e+02 2.262977652489617242e-11
1.483899999999999864e+02 2.151794714633226135e-11
1.485149999999999864e+02 2.130702211888824138e-11
1.486560000000000059e+02 2.132489670958470640e-11
1.487969999999999970e+02 2.077434578529047116e-11
1.489219999999999970e+02 2.238905588702877481e-11
1.490469999999999970e+02 2.273344880399097434e-11
1.491870000000000118e+02 2.312669847293058467e-11
1.493280000000000030e+02 2.266194870648163828e-11
1.494530000000000030e+02 2.149649555582833216e-11
1.495780000000000030e+02 2.286572493848115784e-11
1.497030000000000030e+02 2.266194697175816231e-11
1.498439999999999941e+02 2.310882388223411965e-11
1.499689999999999941e+02 2.175747082500123497e-11
1.500939999999999941e+02 2.217773360790875614e-11
1.502340000000000089e+02 2.206849807062649660e-11
1.503750000000000000e+02 2.241170096728417604e-11
1.505000000000000000e+02 2.128914752819177636e-11
1.506250000000000000e+02 2.179679874092510516e-11
1.507649999999999864e+02 2.249034639079106057e-11
1.508899999999999864e+02 2.199699970784063652e-11
1.510149999999999864e+02 2.184684724793051203e-11
1.511560000000000059e+02 2.196482232208474272e-11
1.512810000000000059e+02 2.193979893594377728e-11
1.514060000000000059e+02 2.211854657763190346e-11
1.515469999999999970e+02 2.291934871057055290e-11
1.516719999999999970e+02 2.260117440422426682e-11
1.517969999999999970e+02 2.144287178373893710e-11
1.519370000000000118e+02 2.205777574482148395e-11
1.520620000000000118e+02 2.194694426194132575e-11
1.521870000000000118e+02 2.212569710779987986e-11
1.523280000000000030e+02 2.249392512532200072e-11
1.524530000000000030e+02 2.122121922631947655e-11
1.525939999999999941e+02 2.155727159280917959e-11
1.527340000000000089e+02 2.212927584233082001e-11
1.528590000000000089e+02 2.060989573449134582e-11
1.529840000000000089e+02 2.133919776992065920e-11
1.531250000000000000e+02 2.093164704064509607e-11
1.532500000000000000e+02 2.195052299647226590e-11
1.533750000000000000e+02 2.085299814769125959e-11
1.535149999999999864e+02 2.064564665060775184e-11
1.536399999999999864e+02 2.190762328491135946e-11
1.537649999999999864e+02 2.357357711813001799e-11
1.539060000000000059e+02 2.060274693904684540e-11
1.540310000000000059e+02 2.217217381916825047e-11
1.541560000000000059e+02 2.206134754045852020e-11
1.542969999999999970e+02 2.213642637249879641e-11
1.544219999999999970e+02 2.329114852372971001e-11
1.545469999999999970e+02 2.149649555582833216e-11
1.546870000000000118e+02 2.139282154201005426e-11
1.548120000000000118e+02 2.103174752410286175e-11
1.549530000000000030e+02 2.079937090615491257e-11
1.550939999999999941e+02 2.257972281372033763e-11
1.552189999999999941e+02 2.280852069713734664e-11
1.553439999999999941e+02 2.255827469266336038e-11
1.554840000000000089e+02 2.182897439195752298e-11
1.556090000000000089e+02 2.217217381916825047e-11
1.557340000000000089e+02 2.085299467824430764e-11
1.558750000000000000e+02 2.245817247448211873e-11
1.560000000000000000e+02 2.204704994956951936e-11
1.561250000000000000e+02 2.128557052838431218e-11
1.562649999999999864e+02 2.219362367494870369e-11
1.564060000000000059e+02 2.163949748557048025e-11
1.565310000000000059e+02 2.105677264496730317e-11
1.566560000000000059e+02 2.199699797311716054e-11
1.567969999999999970e+02 2.158944550911812144e-11
1.569219999999999970e+02 2.215072222866432128e-11
1.570469999999999970e+02 2.274774639487997518e-11
1.571719999999999970e+02 2.052409631136953294e-11
1.573120000000000118e+02 2.102459699393488535e-11
1.574370000000000118e+02 2.248677459515402433e-11
1.575620000000000118e+02 2.169669478802038753e-11
1.577030000000000030e+02 2.196482232208474272e-11
1.578280000000000030e+02 2.260832319966876724e-11
1.579530000000000030e+02 2.190047102001990709e-11
1.580939999999999941e+02 2.227942136334704060e-11
1.582340000000000089e+02 2.150364435127283258e-11
1.583590000000000089e+02 2.193622367085978908e-11
1.584840000000000089e+02 2.297654948246741213e-11
1.586250000000000000e+02 2.185757130845900065e-11
1.587649999999999864e+02 2.193622020141283713e-11
1.588899999999999864e+02 2.128557226310778816e-11
1.590149999999999864e+02 2.152152067669277358e-11
1.591560000000000059e+02 2.111039988650365018e-11
1.592810000000000059e+02 2.216859681936078630e-11
1.594060000000000059e+02 2.155369806244866737e-11
1.595469999999999970e+02 2.206134927518199618e-11
1.596719999999999970e+02 2.057057302273790356e-11
1.597969999999999970e+02 2.097454675220600251e-11
1.599219999999999970e+02 2.125339834679884632e-11
1.600620000000000118e+02 2.172887390849975731e-11
1.601870000000000118e+02 2.116402192386956926e-11
1.603120000000000118e+02 2.229014715859900519e-11
1.604530000000000030e+02 2.177177362006066375e-11
1.605780000000000030e+02 2.238667064224930670e-11
1.607030000000000030e+02 2.244387314886964191e-11
1.608439999999999941e+02 2.191119334582491973e-11
1.609840000000000089e+02 2.319104804027194433e-11
1.611090000000000089e+02 2.136064762570111242e-11
1.612340000000000089e+02 2.127484646785582356e-11
1.613750000000000000e+02 2.097812201728999071e-11
1.615149999999999864e+02 2.272629827382299794e-11
1.616399999999999864e+02 2.158944724384159741e-11
1.617649999999999864e+02 2.235449672594036485e-11
1.619060000000000059e+02 2.101387119868292075e-11
1.620310000000000059e+02 2.242600029289665287e-11
1.621560000000000059e+02 2.212569710779987986e-11
1.622810000000000059e+02 2.215787449355577365e-11
1.624219999999999970e+02 2.075646945987053016e-11
1.625620000000000118e+02 2.177892415022864014e-11
1.626870000000000118e+02 2.194337073158081353e-11
1.628120000000000118e+02 2.173602096922078175e-11
1.629530000000000030e+02 2.137852568584452939e-11
1.630780000000000030e+02 2.048834712997660290e-11
1.632030000000000030e+02 2.192907314069181268e-11
1.633439999999999941e+02 2.239024764205677087e-11
1.634689999999999941e+02 2.224010038631707431e-11
1.635939999999999941e+02 2.124267255154688172e-11
1.637340000000000089e+02 2.176462135516921137e-11
1.638590000000000089e+02 2.319462677480288448e-11
1.639840000000000089e+02 2.255469769285589621e-11
1.641250000000000000e+02 2.214714696358033308e-11
1.642500000000000000e+02 2.076004645967799433e-11
1.643750000000000000e+02 2.144366455236745850e-11
1.645149999999999864e+02 2.183612318740202340e-11
1.646399999999999864e+02 2.151794367688530940e-11
1.647810000000000059e+02 2.215787102410882170e-11
1.649060000000000059e+02 2.241527102819773631e-11
1.650469999999999970e+02 2.296939895229943573e-11
1.651719999999999970e+02 2.174674849919622233e-11
1.653120000000000118e+02 2.141785013232144763e-11
1.654370000000000118e+02 2.259045034369577820e-11
1.655620000000000118e+02 2.096739969148497806e-11
1.657030000000000030e+02 2.198627391258867192e-11
1.658280000000000030e+02 2.204347121503857920e-11
1.659530000000000030e+02 2.216859681936078630e-11
1.660939999999999941e+02 2.208637092659948564e-11
1.662189999999999941e+02 2.165022328082244485e-11
1.663439999999999941e+02 2.137494521659011326e-11
1.664840000000000089e+02 2.091734598030914327e-11
1.666090000000000089e+02 2.172172337833178091e-11
1.667340000000000089e+02 2.170742405271930409e-11
1.668750000000000000e+02 2.253324783707544299e-11
1.670000000000000000e+02 2.074932239914950571e-11
1.671399999999999864e+02 2.152152067669277358e-11
1.672649999999999864e+02 2.124267081682340574e-11
1.674060000000000059e+02 2.097454675220600251e-11
1.675310000000000059e+02 2.128199873274727594e-11
1.676719999999999970e+02 2.176104609008522317e-11
1.677969999999999970e+02 2.108537303091573278e-11
1.679219999999999970e+02 2.072072374792455207e-11
1.680620000000000118e+02 2.141784666287449568e-11
1.681870000000000118e+02 2.072429727828506429e-11
1.683120000000000118e+02 2.083869535263183081e-11
1.684530000000000030e+02 2.165022328082244485e-11
1.685780000000000030e+02 2.117831951475857011e-11
1.687189999999999941e+02 2.222222059145018136e-11
1.688439999999999941e+02 2.097454501748252653e-11
1.689840000000000089e+02 2.098169901709745488e-11
1.691090000000000089e+02 2.167882366677087447e-11
1.692340000000000089e+02 2.266194697175816231e-11
1.693750000000000000e+02 2.196124879172423050e-11
1.695000000000000000e+02 2.089232432889165381e-11
1.696250000000000000e+02 2.202202309398160196e-11
1.697500000000000000e+02 2.148577496474679549e-11
1.698899999999999864e+02 2.219004840986471550e-11
1.700149999999999864e+02 2.228657536296196895e-11
1.701399999999999864e+02 2.209710019129840219e-11
1.702810000000000059e+02 2.103174578937938577e-11
1.704060000000000059e+02 1.982339813133560114e-11
1.705469999999999970e+02 2.160731836509111048e-11
1.706719999999999970e+02 2.065994771094370464e-11
1.708120000000000118e+02 2.150007255563579633e-11
1.709370000000000118e+02 2.205419701029054380e-11
1.710780000000000030e+02 2.081367196649086537e-11
1.712030000000000030e+02 2.240812396747671187e-11
1.713439999999999941e+02 2.268697382734607970e-11
1.714689999999999941e+02 2.213284763796785626e-11
1.715939999999999941e+02 2.245817247448211873e-11
1.717340000000000089e+02 2.070284568778113510e-11
1.718590000000000089e+02 2.073144780845304069e-11
1.719840000000000089e+02 2.138209748148156564e-11
1.721250000000000000e+02 2.152152414613972553e-11
1.722500000000000000e+02 2.304089904980877179e-11
1.723899999999999864e+02 2.232947507452287539e-11
1.725149999999999864e+02 2.167166793243247014e-11
1.726399999999999864e+02 2.181467680106852214e-11
1.727810000000000059e+02 2.187187063407147747e-11
1.729060000000000059e+02 2.073859833862101709e-11
1.730310000000000059e+02 2.099242134290246753e-11
1.731719999999999970e+02 2.152152067669277358e-11
1.732969999999999970e+02 2.145359931371437767e-11
1.734219999999999970e+02 2.177177015061371179e-11
1.735620000000000118e+02 2.130702385361171736e-11
1.736870000000000118e+02 2.147504916949483089e-11
1.738120000000000118e+02 2.216859334991383434e-11
1.739530000000000030e+02 2.170027352255132769e-11
1.740780000000000030e+02 2.141069786742999526e-11
1.742030000000000030e+02 2.171457284816380451e-11
1.743439999999999941e+02 2.130702385361171736e-11
1.744689999999999941e+02 2.089589785925216603e-11
1.746090000000000089e+02 2.222937459106510971e-11
1.747500000000000000e+02 2.203274888923356656e-11
1.748750000000000000e+02 2.175747255972471095e-11
1.750000000000000000e+02 2.083154655718733039e-11
1.751399999999999864e+02 2.161089536489857466e-11
1.752649999999999864e+02 2.095667216150953749e-11
1.753899999999999864e+02 2.213285110741480821e-11
1.755310000000000059e+02 2.221507179600568094e-11
1.756560000000000059e+02 2.197554811733670732e-11
1.757810000000000059e+02 2.167167313660289807e-11
1.759219999999999970e+02 2.062777032518781084e-11
1.760469999999999970e+02 2.148577496474679549e-11
1.761719999999999970e+02 2.098169554765050293e-11
1.763120000000000118e+02 2.134634830008863560e-11
1.764370000000000118e+02 2.066351777185726490e-11
1.765620000000000118e+02 2.145717110935141392e-11
1.767030000000000030e+02 2.079222211071041215e-11
1.768439999999999941e+02 2.070999795267258747e-11
1.769689999999999941e+02 2.109609709144422141e-11
1.771090000000000089e+02 2.181109633181410601e-11
1.772340000000000089e+02 2.227227083317906420e-11
1.773590000000000089e+02 2.122479275667998877e-11
1.775000000000000000e+02 2.148219796493933131e-11
1.776250000000000000e+02 2.072429901300854027e-11
1.777500000000000000e+02 2.196124879172423050e-11
1.778899999999999864e+02 2.161089883434552661e-11
1.780149999999999864e+02 2.181109633181410601e-11
1.781399999999999864e+02 2.071357495248005165e-11
1.782810000000000059e+02 1.997712238688276187e-11
1.784219999999999970e+02 2.183611971795507145e-11
1.785469999999999970e+02 2.111039641705669823e-11
1.786719999999999970e+02 2.154297226719670277e-11
1.788120000000000118e+02 2.143572298829443668e-11
1.789370000000000118e+02 2.047762306944811428e-11
1.790620000000000118e+02 2.042042056282777907e-11
1.792030000000000030e+02 2.226512377245803975e-11
1.793280000000000030e+02 2.204704474539909143e-11
1.794530000000000030e+02 2.098884781254195531e-11
1.795780000000000030e+02 2.179679527147815321e-11
1.797189999999999941e+02 2.065637071113624046e-11
1.798590000000000089e+02 2.167882366677087447e-11
1.799840000000000089e+02 2.100314540343095615e-11
1.801090000000000089e+02 2.104246984990787439e-11
1.802500000000000000e+02 2.090662018505717867e-11
1.803750000000000000e+02 2.124982308171485812e-11
1.805000000000000000e+02 2.100314540343095615e-11
1.806399999999999864e+02 2.079579217162397242e-11
1.807810000000000059e+02 2.091734598030914327e-11
1.809060000000000059e+02 2.081367023176738940e-11
1.810310000000000059e+02 2.092449651047711967e-11
1.811719999999999970e+02 2.203632588904103073e-11
1.812969999999999970e+02 2.211497131254791526e-11
1.814219999999999970e+02 2.081367023176738940e-11
1.815620000000000118e+02 2.086372047349627223e-11
1.816870000000000118e+02 2.144644704882292530e-11
1.818120000000000118e+02 2.222937285634163374e-11
1.819370000000000118e+02 2.169312299238335129e-11
1.820780000000000030e+02 2.176462308989268735e-11
1.822030000000000030e+02 2.065637244585971644e-11
1.823280000000000030e+02 2.158587371348108519e-11
1.824689999999999941e+02 2.126769767241132314e-11
1.825939999999999941e+02 2.092449651047711967e-11
1.827189999999999941e+02 2.110324762161219780e-11
1.828590000000000089e+02 2.049549592542110332e-11
1.830000000000000000e+02 2.144644531409944932e-11
1.831250000000000000e+02 2.239024764205677087e-11
1.832500000000000000e+02 2.200772376836912514e-11
1.833899999999999864e+02 2.183612318740202340e-11
1.835310000000000059e+02 2.195767179191676632e-11
1.836560000000000059e+02 2.154297226719670277e-11
1.837810000000000059e+02 2.198627391258867192e-11
1.839219999999999970e+02 2.145479106874237374e-11
1.840620000000000118e+02 2.084942114788379541e-11
1.841870000000000118e+02 2.224446842002958391e-11
1.843120000000000118e+02 2.053124510681403336e-11
1.844370000000000118e+02 2.106034791005129136e-11
1.845780000000000030e+02 2.108537303091573278e-11
1.847030000000000030e+02 2.166094907607440945e-11
1.848280000000000030e+02 2.188259642932344207e-11
1.849689999999999941e+02 2.201844956362108974e-11
1.850939999999999941e+02 2.171099758307981631e-11
1.852189999999999941e+02 2.260474966930825502e-11
1.853590000000000089e+02 2.146074290498845016e-11
1.854840000000000089e+02 2.107822423547123236e-11
1.856090000000000089e+02 2.112112221230866282e-11
1.857500000000000000e+02 2.108894656127624501e-11
1.858750000000000000e+02 2.113542500736809160e-11
1.860000000000000000e+02 2.039182017687934945e-11
1.861399999999999864e+02 2.217217208444477450e-11
1.862649999999999864e+02 2.050264645558907972e-11
1.863899999999999864e+02 2.097097322184549029e-11
1.865310000000000059e+02 2.139282154201005426e-11
1.866560000000000059e+02 2.134277303500464740e-11
1.867810000000000059e+02 2.137693147497010671e-11
1.869219999999999970e+02 2.153224820666821415e-11
1.870469999999999970e+02 2.148934676038383174e-11
1.871719999999999970e+02 2.108179776583174458e-11
1.872969999999999970e+02 2.152867294158422595e-11
1.874370000000000118e+02 2.139997207217803066e-11
1.875620000000000118e+02 2.119619757490198708e-11
1.876870000000000118e+02 2.054912143223397436e-11
1.878280000000000030e+02 2.136064762570111242e-11
1.879530000000000030e+02 2.086014520841228403e-11
1.880780000000000030e+02 2.129987332344374096e-11
1.882189999999999941e+02 2.114614733317310424e-11
1.883439999999999941e+02 2.144287351846241307e-11
1.884689999999999941e+02 2.192192434524731226e-11
1.886090000000000089e+02 2.072072374792455207e-11
1.887340000000000089e+02 2.088384846998803113e-11
1.888590000000000089e+02 2.124982308171485812e-11
1.890000000000000000e+02 2.206849807062649660e-11
1.891250000000000000e+02 2.202559662434211418e-11
1.892500000000000000e+02 1.990919755445741401e-11
1.893899999999999864e+02 2.120692163543047570e-11
1.895149999999999864e+02 2.095667216150953749e-11
1.896399999999999864e+02 2.114972086353361647e-11
1.897810000000000059e+02 2.079937264087838855e-11
1.899060000000000059e+02 2.266552397156562648e-11
1.900310000000000059e+02 2.111039815178017420e-11
1.901560000000000059e+02 2.252967257199145479e-11
1.902969999999999970e+02 2.112827274247663922e-11
1.904219999999999970e+02 2.173602096922078175e-11
1.905469999999999970e+02 2.160374830417755021e-11
1.906870000000000118e+02 2.150722135108029676e-11
1.908120000000000118e+02 2.154297226719670277e-11
1.909370000000000118e+02 2.147147216968736672e-11
1.910780000000000030e+02 1.983769572222460198e-11
1.912189999999999941e+02 2.121049863523793988e-11
1.913439999999999941e+02 2.162877169031851565e-11
1.914689999999999941e+02 2.104604684971533857e-11
1.916090000000000089e+02 2.175032376428021053e-11
1.917340000000000089e+02 2.156800085750809615e-11
1.918590000000000089e+02 2.171457284816380451e-11
1.920000000000000000e+02 2.120334637034648750e-11
1.921250000000000000e+02 2.145359757899090170e-11
1.922500000000000000e+02 2.227942136334704060e-11
1.923899999999999864e+02 2.126770114185827509e-11
1.925149999999999864e+02 2.129987332344374096e-11
1.926399999999999864e+02 2.116044665878558106e-11
1.927649999999999864e+02 2.155727332753265557e-11
1.929060000000000059e+02 2.103532278918684995e-11
1.930469999999999970e+02 2.146432163951939032e-11
1.931719999999999970e+02 2.146432337424286629e-11
1.932969999999999970e+02 1.937294422105217961e-11
1.934370000000000118e+02 2.033104413989850201e-11
1.935780000000000030e+02 2.038109785107433680e-11
1.937030000000000030e+02 2.090304491997319047e-11
1.938280000000000030e+02 2.082439602701935399e-11
1.939689999999999941e+02 2.114972086353361647e-11
1.940939999999999941e+02 2.152152241141624955e-11
1.942189999999999941e+02 2.094237283589706067e-11
1.943590000000000089e+02 2.167524840168688627e-11
1.944840000000000089e+02 2.122837322593440490e-11
1.946090000000000089e+02 2.181824686198208241e-11
1.947500000000000000e+02 2.100314540343095615e-11
1.948750000000000000e+02 2.117117245403754566e-11
1.950000000000000000e+02 2.140712086762253108e-11
1.951399999999999864e+02 2.106392144041180359e-11
1.952649999999999864e+02 2.171099931780329229e-11
1.954060000000000059e+02 2.177892241550516417e-11
1.955310000000000059e+02 2.171457284816380451e-11
1.956560000000000059e+02 2.043114635807974366e-11
1.957969999999999970e+02 2.205062347993003158e-11
1.959219999999999970e+02 2.148219623021585534e-11
1.960620000000000118e+02 2.152867294158422595e-11
1.961870000000000118e+02 2.149649729055180813e-11
1.963280000000000030e+02 2.173602443866773370e-11
1.964530000000000030e+02 2.099957013834696795e-11
1.965780000000000030e+02 2.083154655718733039e-11
1.967189999999999941e+02 2.069927215742062288e-11
1.968439999999999941e+02 2.238309884661227045e-11
1.969689999999999941e+02 2.208637439604643760e-11
1.971090000000000089e+02 2.091734424558566730e-11
1.972500000000000000e+02 2.052409978081648489e-11
1.973750000000000000e+02 2.173244917358374551e-11
1.975000000000000000e+02 2.062062152974331042e-11
1.976250000000000000e+02 2.162519469051105148e-11
1.977649999999999864e+02 2.136779642114561284e-11
1.978899999999999864e+02 2.143572125357096070e-11
1.980149999999999864e+02 2.175032549900368650e-11
1.981560000000000059e+02 2.141784666287449568e-11
1.982810000000000059e+02 2.164664801573845665e-11
1.984060000000000059e+02 2.154654753228069097e-11
1.985469999999999970e+02 1.999499350813227494e-11
1.986719999999999970e+02 2.097097322184549029e-11
1.987969999999999970e+02 2.094594810098104887e-11
1.989370000000000118e+02 2.108537129619225681e-11
1.990780000000000030e+02 2.287644899900964646e-11
1.992030000000000030e+02 2.187902116423945387e-11
1.993280000000000030e+02 2.180037227128561739e-11
1.994689999999999941e+02 2.157514618350564461e-11
1.996090000000000089e+02 2.088159679891621323e-11
1.997340000000000089e+02 1.998427118232726230e-11
1.998590000000000089e+02 2.089589438980521408e-11
1.999840000000000089e+02 2.259402040460933847e-11
2.001250000000000000e+02 2.121049690051446390e-11
2.002500000000000000e+02 2.052052104628554474e-11
2.003750000000000000e+02 2.119619584017851111e-11
2.005149999999999864e+02 1.984484625239257838e-11
2.006560000000000059e+02 2.055627196240195076e-11
2.007810000000000059e+02 2.239024764205677087e-11
2.009060000000000059e+02 2.068139756672415785e-11
2.010469999999999970e+02 2.071357148303309970e-11
2.011719999999999970e+02 2.047404953908760206e-11
2.012969999999999970e+02 2.097454675220600251e-11
2.014370000000000118e+02 2.151437361597174913e-11
2.015620000000000118e+02 2.108179603110826861e-11
2.016870000000000118e+02 2.277277151574441660e-11
2.018280000000000030e+02 2.160732009981458646e-11
2.019530000000000030e+02 2.125339834679884632e-11
2.020939999999999941e+02 2.125697361188283452e-11
2.022189999999999941e+02 2.065279891549920421e-11
2.023439999999999941e+02 2.097812201728999071e-11
2.024840000000000089e+02 2.121049863523793988e-11
2.026090000000000089e+02 2.190404801982737126e-11
2.027340000000000089e+02 2.040969823702276642e-11
2.028750000000000000e+02 2.067067177147219326e-11
2.030000000000000000e+02 2.221149826564516871e-11
2.031399999999999864e+02 2.172887217377628133e-11
2.032649999999999864e+02 2.128915099763872831e-11
2.034060000000000059e+02 2.202917362414957836e-11
2.035310000000000059e+02 2.166094734135093347e-11
2.036560000000000059e+02 2.163949575084700427e-11
2.037969999999999970e+02 2.168954946202283907e-11
2.039219999999999970e+02 2.150721961635682078e-11
2.040469999999999970e+02 2.241527276292121229e-11
2.041870000000000118e+02 2.114614559844962827e-11
2.043120000000000118e+02 2.035607099548641941e-11
2.044370000000000118e+02 2.220368333638589320e-11
2.045780000000000030e+02 2.159302424364906159e-11
2.047030000000000030e+02 2.124624608190739394e-11
2.048280000000000030e+02 2.107822423547123236e-11
2.049689999999999941e+02 1.963391949022508243e-11
2.050939999999999941e+02 2.073501786936660096e-11
2.052189999999999941e+02 2.163949575084700427e-11
2.053590000000000089e+02 2.182539739215005881e-11
2.054840000000000089e+02 2.155727332753265557e-11
2.056250000000000000e+02 2.134992356517262380e-11
2.057649999999999864e+02 2.089232085944470185e-11
2.058899999999999864e+02 2.045616974422070911e-11
2.060149999999999864e+02 2.096024742659352569e-11
2.061560000000000059e+02 2.128199699802379996e-11
2.062810000000000059e+02 2.175389902936419873e-11
2.064060000000000059e+02 2.131059911869570556e-11
2.065469999999999970e+02 2.014514596804239943e-11
2.066719999999999970e+02 2.162877169031851565e-11
2.068120000000000118e+02 2.087801806438527308e-11
2.069370000000000118e+02 2.243672261870166551e-11
2.070780000000000030e+02 2.142142366268195985e-11
2.072030000000000030e+02 2.057057302273790356e-11
2.073280000000000030e+02 2.001286809882873996e-11
2.074530000000000030e+02 2.191834561071637211e-11
2.075939999999999941e+02 2.149649555582833216e-11
2.077189999999999941e+02 2.155011932791772722e-11
2.078439999999999941e+02 2.190404628510389529e-11
2.079840000000000089e+02 2.242957208853368911e-11
2.081090000000000089e+02 2.130702211888824138e-11
2.082340000000000089e+02 2.147504396532440296e-11
2.083750000000000000e+02 2.078864858034989993e-11
2.085149999999999864e+02 2.108894482655276903e-11
2.086399999999999864e+02 2.196482232208474272e-11
2.087649999999999864e+02 1.997354538707529770e-11
2.089060000000000059e+02 2.022022133063572369e-11
2.090310000000000059e+02 2.093522230572908427e-11
2.091560000000000059e+02 2.115687139370159286e-11
2.092969999999999970e+02 2.175389902936419873e-11
2.094370000000000118e+02 2.117474771912153386e-11
2.095620000000000118e+02 2.132847197466869460e-11
2.096870000000000118e+02 2.011654384737049384e-11
2.098120000000000118e+02 2.227584609826305240e-11
2.099530000000000030e+02 2.144644704882292530e-11
2.100780000000000030e+02 2.196641306351221345e-11
2.102030000000000030e+02 2.059916993923938122e-11
2.103439999999999941e+02 2.125339834679884632e-11
2.104689999999999941e+02 2.134634656536515962e-11
2.105939999999999941e+02 2.066352124130421686e-11
2.107340000000000089e+02 2.151795061577921331e-11
2.108590000000000089e+02 2.019519274032433032e-11
2.109840000000000089e+02 2.109252529580718516e-11
2.111250000000000000e+02 2.030602248848101254e-11
2.112500000000000000e+02 2.147147390441084269e-11
2.113899999999999864e+02 2.003431968933266916e-11
2.115149999999999864e+02 2.144287178373893710e-11
2.116560000000000059e+02 2.112827274247663922e-11
2.117969999999999970e+02 2.027742210253258293e-11
2.119219999999999970e+02 2.023451718680124856e-11
2.120469999999999970e+02 2.151079835088776093e-11
2.121870000000000118e+02 2.122122096104295252e-11
2.123120000000000118e+02 2.240812396747671187e-11
2.124370000000000118e+02 2.104247158463135037e-11
2.125620000000000118e+02 2.150007602508274829e-11
2.127030000000000030e+02 2.106034444060433941e-11
2.128280000000000030e+02 2.121764569595896432e-11
2.129530000000000030e+02 2.185757304318247662e-11
2.130939999999999941e+02 2.124267255154688172e-11
2.132189999999999941e+02 2.124982134699138214e-11
2.133439999999999941e+02 2.165737207626694527e-11
2.134840000000000089e+02 2.117474771912153386e-11
2.136090000000000089e+02 2.132489670958470640e-11
2.137500000000000000e+02 2.131774617941673000e-11
2.138750000000000000e+02 2.169312299238335129e-11
2.140149999999999864e+02 2.168597072749189891e-11
2.141399999999999864e+02 2.060274867377032137e-11
2.142649999999999864e+02 2.058844761343436858e-11
2.144060000000000059e+02 2.108537129619225681e-11
2.145310000000000059e+02 2.127842173293981176e-11
2.146560000000000059e+02 2.093522057100560829e-11
2.147969999999999970e+02 2.026669457255714235e-11
2.149219999999999970e+02 2.087802153383222503e-11
2.150620000000000118e+02 2.133204550502920682e-11
2.151870000000000118e+02 2.088874385963723768e-11
2.153120000000000118e+02 2.127127293749531134e-11
2.154530000000000030e+02 2.015229302876342388e-11
2.155939999999999941e+02 2.097097148712201431e-11
2.157189999999999941e+02 2.100672240323842033e-11
2.158439999999999941e+02 2.032032181409348937e-11
2.159840000000000089e+02 2.078507158054243575e-11
2.161090000000000089e+02 2.086014694313576001e-11
2.162340000000000089e+02 2.162877169031851565e-11
2.163750000000000000e+02 2.204347294976205518e-11
2.165000000000000000e+02 2.029172489759201170e-11
2.166250000000000000e+02 2.022737012608022411e-11
2.167649999999999864e+02 2.117117071931406969e-11
2.168899999999999864e+02 2.078507331526591173e-11
2.170149999999999864e+02 2.072429554356158832e-11
2.171560000000000059e+02 2.201129903345311334e-11
2.172810000000000059e+02 1.966251987617351205e-11
2.174219999999999970e+02 2.148577149529984354e-11
2.175469999999999970e+02 2.090662018505717867e-11
2.176719999999999970e+02 2.162162116015053925e-11
2.178120000000000118e+02 2.165022501554592083e-11
2.179530000000000030e+02 2.113184800756062742e-11
2.180780000000000030e+02 2.176104782480869915e-11
2.182030000000000030e+02 2.107822250074775638e-11
2.183439999999999941e+02 2.135707236061712422e-11
2.184689999999999941e+02 2.123194675629491712e-11
2.185939999999999941e+02 2.159302250892558561e-11
2.187340000000000089e+02 2.132847197466869460e-11
2.188590000000000089e+02 2.135349536080966004e-11
2.189840000000000089e+02 2.190047448946685904e-11
2.191250000000000000e+02 2.089232085944470185e-11
2.192649999999999864e+02 1.966609340653402427e-11
2.193899999999999864e+02 2.128199699802379996e-11
2.195149999999999864e+02 2.137852048167410146e-11
2.196560000000000059e+02 1.982339813133560114e-11
2.197810000000000059e+02 2.062777032518781084e-11
2.199219999999999970e+02 2.057414655309841578e-11
2.200469999999999970e+02 2.131059564924875360e-11
2.201719999999999970e+02 1.995209553129484448e-11
2.203120000000000118e+02 2.093164530592162009e-11
2.204370000000000118e+02 2.036322152565439580e-11
2.205620000000000118e+02 2.117474771912153386e-11
2.207030000000000030e+02 2.081724549685137760e-11
2.208280000000000030e+02 2.107821903130080443e-11
2.209530000000000030e+02 2.131417091433274180e-11
2.210939999999999941e+02 2.144287351846241307e-11
2.212189999999999941e+02 2.162877342504199163e-11
2.213439999999999941e+02 2.017017108890684085e-11
2.214840000000000089e+02 2.148934676038383174e-11
2.216250000000000000e+02 2.202917362414957836e-11
2.217500000000000000e+02 2.195409826155625410e-11
2.218750000000000000e+02 2.162519815995800343e-11
2.220149999999999864e+02 2.009152046122952839e-11
2.221399999999999864e+02 2.046332027438868550e-11
2.222649999999999864e+02 2.209352666093788997e-11
2.223899999999999864e+02 2.073859660389754112e-11
2.225310000000000059e+02 2.167167140187942209e-11
2.226560000000000059e+02 2.056699602293043938e-11
2.227810000000000059e+02 2.112112047758518685e-11
2.229219999999999970e+02 2.080294617123890077e-11
2.230469999999999970e+02 2.113541980319766367e-11
2.231719999999999970e+02 2.086372394294322419e-11
2.233120000000000118e+02 2.072072201320107609e-11
2.234370000000000118e+02 2.032389360973052561e-11
2.235620000000000118e+02 2.118547177965002248e-11
2.237030000000000030e+02 2.133204377030573085e-11
2.238439999999999941e+02 2.114336657144111342e-11
2.239689999999999941e+02 2.092449477575364369e-11
2.241090000000000089e+02 2.153939700211271457e-11
2.242340000000000089e+02 2.071356974830962372e-11
2.243750000000000000e+02 2.129987332344374096e-11
2.245000000000000000e+02 2.096739795676150209e-11
2.246250000000000000e+02 2.124717589369051751e-11
2.247500000000000000e+02 2.151079488144080898e-11
2.248899999999999864e+02 2.037752258599034860e-11
2.250149999999999864e+02 2.137136995150612506e-11
2.251560000000000059e+02 2.091019891958811883e-11
2.252810000000000059e+02 2.051694404647808057e-11
2.254219999999999970e+02 2.202560009378906614e-11
2.255469999999999970e+02 2.056342075784645118e-11
2.256719999999999970e+02 2.141069960215347123e-11
2.258120000000000118e+02 2.102817052429539757e-11
2.259370000000000118e+02 2.074932239914950571e-11
2.260620000000000118e+02 2.193264667105232490e-11
2.262030000000000030e+02 2.133562250483667100e-11
2.263280000000000030e+02 2.092807351028458385e-11
2.264530000000000030e+02 2.115329786334108064e-11
2.265939999999999941e+02 2.115687312842506884e-11
2.267340000000000089e+02 2.098527428218144308e-11
2.268590000000000089e+02 2.089589785925216603e-11
2.269840000000000089e+02 2.081009843613035315e-11
2.271090000000000089e+02 2.166452087171144569e-11
2.272500000000000000e+02 2.043829515352424409e-11
2.273750000000000000e+02 2.207922560060193717e-11
2.275000000000000000e+02 2.131059738397222958e-11
2.276399999999999864e+02 2.129272105855228858e-11
2.277810000000000059e+02 2.166094734135093347e-11
2.279060000000000059e+02 2.193622193613631310e-11
2.280310000000000059e+02 2.127842520238676371e-11
2.281719999999999970e+02 2.045617147894418508e-11
2.282969999999999970e+02 2.148219449549237936e-11
2.284219999999999970e+02 2.094952336606503707e-11
2.285620000000000118e+02 2.052767157645352114e-11
2.286870000000000118e+02 2.127484646785582356e-11
2.288120000000000118e+02 2.108894656127624501e-11
2.289530000000000030e+02 2.166810134096586182e-11
2.290780000000000030e+02 1.982697166169611336e-11
2.292030000000000030e+02 1.985557204764454298e-11
2.293439999999999941e+02 2.180037053656214141e-11
2.294689999999999941e+02 2.182897265723404701e-11
2.295939999999999941e+02 2.136779468642213686e-11
2.297340000000000089e+02 2.136779642114561284e-11
2.298590000000000089e+02 2.034534693495793078e-11
2.300000000000000000e+02 2.092449824520059565e-11
2.301399999999999864e+02 2.146432163951939032e-11
2.302649999999999864e+02 2.019519620977128227e-11
2.303899999999999864e+02 2.194337246630428950e-11
2.305310000000000059e+02 1.968039446686997707e-11
2.306560000000000059e+02 2.081366849704391342e-11
2.307810000000000059e+02 2.022737012608022411e-11
2.309219999999999970e+02 2.086729573858026043e-11
2.310469999999999970e+02 2.058844761343436858e-11
2.311719999999999970e+02 2.181824686198208241e-11
2.313120000000000118e+02 2.172887043905280535e-11
2.314370000000000118e+02 2.065279544605225226e-11
2.315620000000000118e+02 2.206849633590302062e-11
2.317030000000000030e+02 2.138567274656555384e-11
2.318280000000000030e+02 2.007722460506400353e-11
2.319530000000000030e+02 1.982339466188864918e-11
2.320939999999999941e+02 2.159302424364906159e-11
2.322189999999999941e+02 2.167167313660289807e-11
2.323590000000000089e+02 2.131417264905621778e-11
2.324840000000000089e+02 2.062777205991128682e-11
2.326090000000000089e+02 2.160732183453806243e-11
2.327500000000000000e+02 2.085657167805177181e-11
2.328899999999999864e+02 2.107106850113282803e-11
2.330149999999999864e+02 2.026312277692010611e-11
2.331399999999999864e+02 2.088874559436071365e-11
2.332810000000000059e+02 2.082439776174282997e-11
