Start time (s) =
1547809886
'Reltime', '44.00[A]'
0.000000000000000000e+00 2.234019740032788803e-11
1.409999999999999865e-01 2.107107023585630401e-11
2.660000000000000142e-01 1.988774596395348482e-11
3.910000000000000142e-01 2.087801979910874905e-11
5.320000000000000284e-01 2.113184800756062742e-11
6.570000000000000284e-01 2.074574886878899349e-11
7.820000000000000284e-01 2.081366849704391342e-11
9.220000000000000417e-01 2.068497109708467008e-11
1.046999999999999931e+00 1.996639659163079727e-11
1.171999999999999931e+00 2.015587002857088805e-11
1.312999999999999945e+00 2.094237457062053664e-11
1.437999999999999945e+00 2.198984397350223219e-11
1.562999999999999945e+00 2.109609362199726945e-11
1.703999999999999959e+00 1.974117223857430048e-11
1.828999999999999959e+00 2.032747060953798979e-11
1.953999999999999959e+00 2.012012084717795801e-11
2.093999999999999861e+00 2.103532452391032592e-11
2.218999999999999861e+00 1.996281959182333310e-11
2.343999999999999861e+00 2.114972086353361647e-11
2.484999999999999876e+00 2.146789690460337852e-11
2.625000000000000000e+00 2.038109958579781278e-11
2.750000000000000000e+00 2.151437188124827316e-11
2.891000000000000014e+00 2.222937632578858569e-11
3.016000000000000014e+00 2.110999743065722356e-11
3.141000000000000014e+00 2.142857072340298430e-11
3.282000000000000028e+00 2.120334810506996348e-11
3.407000000000000028e+00 2.141785013232144763e-11
3.532000000000000028e+00 2.156084685789316779e-11
3.672000000000000153e+00 1.989847002448197344e-11
3.797000000000000153e+00 2.076004645967799433e-11
3.922000000000000153e+00 2.216502328900027408e-11
4.062999999999999723e+00 2.028099563289309515e-11
4.187999999999999723e+00 2.055627196240195076e-11
4.312999999999999723e+00 2.148577496474679549e-11
4.453999999999999737e+00 1.991634461517843846e-11
4.578999999999999737e+00 2.056342075784645118e-11
4.703999999999999737e+00 2.028457263270055932e-11
4.844000000000000306e+00 2.012012084717795801e-11
4.985000000000000320e+00 2.070284568778113510e-11
5.110000000000000320e+00 2.025239871639161748e-11
5.250000000000000000e+00 2.121049863523793988e-11
5.375000000000000000e+00 2.018804741432678185e-11
5.500000000000000000e+00 2.051337572028799627e-11
5.641000000000000014e+00 2.187544589915546567e-11
5.766000000000000014e+00 2.103174752410286175e-11
5.891000000000000014e+00 2.134276956555769544e-11
6.032000000000000028e+00 2.094236936645010871e-11
6.157000000000000028e+00 2.163592395520996803e-11
6.282000000000000028e+00 2.093879757081307247e-11
6.421999999999999709e+00 2.076004472495451836e-11
6.562999999999999723e+00 2.032747234426146576e-11
6.687999999999999723e+00 2.064207138552376364e-11
6.812999999999999723e+00 2.206849633590302062e-11
6.953999999999999737e+00 2.136064762570111242e-11
7.078999999999999737e+00 2.192549961033130046e-11
7.203999999999999737e+00 2.092091951066965549e-11
7.344000000000000306e+00 2.028457263270055932e-11
7.469000000000000306e+00 1.998069418251979812e-11
7.594000000000000306e+00 2.158229671367362101e-11
7.719000000000000306e+00 2.032747234426146576e-11
7.860000000000000320e+00 2.201129729872963736e-11
7.985000000000000320e+00 2.114614906789658022e-11
8.109999999999999432e+00 2.041327350210675462e-11
8.250000000000000000e+00 2.078864684562642395e-11
8.375000000000000000e+00 1.999857050793973912e-11
8.516000000000000014e+00 2.080651970159941300e-11
8.641000000000000014e+00 2.055984896220941494e-11
8.782000000000000028e+00 2.077077225492995893e-11
8.922000000000000597e+00 2.072787427809252847e-11
9.047000000000000597e+00 2.068854636216865828e-11
9.172000000000000597e+00 2.151794541160878538e-11
9.313000000000000611e+00 2.053482037189802156e-11
9.438000000000000611e+00 2.060274693904684540e-11
9.563000000000000611e+00 2.087802153383222503e-11
9.704000000000000625e+00 2.044186868388475631e-11
9.829000000000000625e+00 2.034534520023445481e-11
9.954000000000000625e+00 2.107822250074775638e-11
1.007900000000000063e+01 2.040254770685479002e-11
1.021899999999999942e+01 2.065279718077572824e-11
1.034399999999999942e+01 2.011296858228650564e-11
1.046899999999999942e+01 2.110682288669618600e-11
1.060999999999999943e+01 1.991277108481792624e-11
1.073499999999999943e+01 2.106749670549579179e-11
1.087500000000000000e+01 2.107464550094029221e-11
1.100000000000000000e+01 2.057414655309841578e-11
1.114100000000000001e+01 2.054197090206599796e-11
1.128200000000000003e+01 2.155012279736467917e-11
1.140700000000000003e+01 2.126412067260385896e-11
1.153200000000000003e+01 2.057772008345892800e-11
1.167200000000000060e+01 1.950879562062635131e-11
1.179700000000000060e+01 2.100672066851494435e-11
1.192200000000000060e+01 2.144644878354640127e-11
1.206300000000000061e+01 2.099599660798645573e-11
1.218800000000000061e+01 2.171814637852431673e-11
1.231300000000000061e+01 2.118547351437349846e-11
1.245400000000000063e+01 2.112469747739265102e-11
1.257900000000000063e+01 2.012012258190143399e-11
1.271899999999999942e+01 1.981624239699719681e-11
1.284399999999999942e+01 2.142142019323500790e-11
1.296899999999999942e+01 2.116759545423008149e-11
1.310999999999999943e+01 2.047762133472463830e-11
1.323499999999999943e+01 2.101386946395944477e-11
1.335999999999999943e+01 2.088517032927672545e-11
1.350000000000000000e+01 2.016659755854632863e-11
1.362500000000000000e+01 2.178249768058915237e-11
1.375000000000000000e+01 2.038466791198789707e-11
1.389100000000000001e+01 2.088874559436071365e-11
1.401600000000000001e+01 1.848991793007570550e-11
1.414100000000000001e+01 2.065994597622022866e-11
1.428200000000000003e+01 2.131774791414020598e-11
1.440700000000000003e+01 2.098169728237397891e-11
1.454700000000000060e+01 2.094952336606503707e-11
1.467200000000000060e+01 1.936222189524716697e-11
1.481300000000000061e+01 2.088517032927672545e-11
1.493800000000000061e+01 2.083869535263183081e-11
1.507900000000000063e+01 2.215429749374830948e-11
1.520400000000000063e+01 2.069927215742062288e-11
1.532900000000000063e+01 2.022379659571971189e-11
1.546899999999999942e+01 2.070284742250461107e-11
1.559399999999999942e+01 2.119619757490198708e-11
1.571899999999999942e+01 1.954097127165876913e-11
1.585999999999999943e+01 2.001644856808315609e-11
1.598499999999999943e+01 2.187544936860241762e-11
1.610999999999999943e+01 2.032031660992306143e-11
1.625000000000000000e+01 2.004504374986115778e-11
1.637500000000000000e+01 2.054197090206599796e-11
1.650000000000000000e+01 2.089232259416817783e-11
1.664099999999999824e+01 2.047047080455666190e-11
1.676599999999999824e+01 2.108537476563920876e-11
1.689099999999999824e+01 2.204704821484604338e-11
1.703200000000000003e+01 1.944802305309245583e-11
1.717200000000000060e+01 2.105319564515983899e-11
1.729700000000000060e+01 2.015944529365487625e-11
1.742200000000000060e+01 2.162877169031851565e-11
1.756299999999999883e+01 2.082082249665884177e-11
1.768799999999999883e+01 2.071714501339361192e-11
1.782900000000000063e+01 2.086372394294322419e-11
1.795400000000000063e+01 2.007007234017255115e-11
1.807900000000000063e+01 2.133204723975268280e-11
1.821900000000000119e+01 2.094952336606503707e-11
1.834400000000000119e+01 2.005576954511312238e-11
1.846900000000000119e+01 2.065279718077572824e-11
1.860999999999999943e+01 2.005934481019711058e-11
1.875000000000000000e+01 2.003789668914013333e-11
1.887500000000000000e+01 2.014514770276587541e-11
1.900000000000000000e+01 2.116402539331652122e-11
1.914099999999999824e+01 2.155726985808570362e-11
1.926599999999999824e+01 2.070642268758859927e-11
1.939099999999999824e+01 2.010939505192599341e-11
1.953200000000000003e+01 2.107107197057977999e-11
1.965700000000000003e+01 2.151437188124827316e-11
1.978200000000000003e+01 2.152867467630770193e-11
1.992200000000000060e+01 2.086015041258271197e-11
2.004700000000000060e+01 2.034177166987394259e-11
2.017200000000000060e+01 2.068854636216865828e-11
2.029700000000000060e+01 2.163592222048649205e-11
2.043799999999999883e+01 2.144644704882292530e-11
2.056299999999999883e+01 2.137494695131358924e-11
2.068799999999999883e+01 2.105677264496730317e-11
2.082900000000000063e+01 2.018804914905025782e-11
2.096900000000000119e+01 1.943014325822556287e-11
2.109400000000000119e+01 2.039539717668681362e-11
2.123499999999999943e+01 2.047762480417159026e-11
2.135999999999999943e+01 2.018804567960330587e-11
2.150000000000000000e+01 2.023094539116421231e-11
2.162500000000000000e+01 2.112827274247663922e-11
2.175000000000000000e+01 2.115329786334108064e-11
2.189099999999999824e+01 2.074931892970255376e-11
2.201599999999999824e+01 2.150364955544326051e-11
2.214099999999999824e+01 2.163234869012597983e-11
2.228200000000000003e+01 2.117832298420552206e-11
2.240700000000000003e+01 2.092092298011660745e-11
2.253200000000000003e+01 2.061347273429881000e-11
2.265700000000000003e+01 2.048834539525312692e-11
2.279700000000000060e+01 2.082439429229587802e-11
2.292200000000000060e+01 2.075289592951001794e-11
2.304700000000000060e+01 1.987701843397804424e-11
2.318799999999999883e+01 1.992349688006989084e-11
2.332900000000000063e+01 2.032389707917747756e-11
2.345400000000000063e+01 2.064564838533122781e-11
2.359400000000000119e+01 2.224367218195411056e-11
2.371900000000000119e+01 2.096739622203802611e-11
2.385999999999999943e+01 2.013799543787442303e-11
2.398499999999999943e+01 2.114614559844962827e-11
2.410999999999999943e+01 1.943014499294903885e-11
2.425000000000000000e+01 2.028457089797708335e-11
2.437500000000000000e+01 2.144287178373893710e-11
2.450000000000000000e+01 2.011654558209396981e-11
2.464099999999999824e+01 2.054197090206599796e-11
2.476599999999999824e+01 2.056699775765391536e-11
2.490700000000000003e+01 2.094237283589706067e-11
2.503200000000000003e+01 1.984127098730859018e-11
2.515700000000000003e+01 2.048834539525312692e-11
2.529700000000000060e+01 2.069569515761315870e-11
2.542200000000000060e+01 2.079937090615491257e-11
2.554700000000000060e+01 1.995209553129484448e-11
2.568799999999999883e+01 1.963391775550160645e-11
2.581299999999999883e+01 2.016659582382285265e-11
2.593799999999999883e+01 2.046332374383563746e-11
2.607900000000000063e+01 2.086729573858026043e-11
2.620400000000000063e+01 2.101387119868292075e-11
2.632900000000000063e+01 2.045259447913672091e-11
2.646900000000000119e+01 2.058487234835038038e-11
2.659400000000000119e+01 2.023452239097167649e-11
2.673499999999999943e+01 2.209710019129840219e-11
2.685999999999999943e+01 1.979121727613275539e-11
2.700000000000000000e+01 2.059917514340980915e-11
2.712500000000000000e+01 2.187902289896292984e-11
2.726599999999999824e+01 2.082082249665884177e-11
2.739099999999999824e+01 2.014156723351145928e-11
2.751599999999999824e+01 2.001644683335968011e-11
2.765700000000000003e+01 2.047762133472463830e-11
2.778200000000000003e+01 2.079937264087838855e-11
2.790700000000000003e+01 2.122836975648745295e-11
2.804700000000000060e+01 2.091019718486464285e-11
2.817200000000000060e+01 2.132847197466869460e-11
2.829700000000000060e+01 2.101029766832240853e-11
2.843799999999999883e+01 1.986987137325701980e-11
2.856299999999999883e+01 2.128914579346830038e-11
2.868799999999999883e+01 2.050264645558907972e-11
2.882900000000000063e+01 2.120692163543047570e-11
2.895400000000000063e+01 2.154297226719670277e-11
2.907900000000000063e+01 2.074932239914950571e-11
2.921900000000000119e+01 1.977334615488324232e-11
2.935999999999999943e+01 2.049192239506059110e-11
2.948499999999999943e+01 2.141069786742999526e-11
2.960999999999999943e+01 2.028457263270055932e-11
2.975000000000000000e+01 2.087802326855570101e-11
2.987500000000000000e+01 2.099242307762594351e-11
3.001599999999999824e+01 2.074216839953457736e-11
3.014099999999999824e+01 2.054554616714998616e-11
3.026599999999999824e+01 2.089232259416817783e-11
3.040700000000000003e+01 1.990561881992647386e-11
3.053200000000000003e+01 2.269412435751405610e-11
3.065700000000000003e+01 2.003789668914013333e-11
3.079700000000000060e+01 2.190047275474338306e-11
3.093799999999999883e+01 2.043829515352424409e-11
3.106299999999999883e+01 1.981266886663668458e-11
3.118799999999999883e+01 2.074574366461856556e-11
3.132900000000000063e+01 2.052052104628554474e-11
3.145400000000000063e+01 2.167524840168688627e-11
3.157900000000000063e+01 2.085657341277524779e-11
3.171900000000000119e+01 2.181467159689809421e-11
3.184400000000000119e+01 2.023809592133218871e-11
3.196900000000000119e+01 2.117117245403754566e-11
3.210999999999999943e+01 2.066709824111168103e-11
3.223499999999999943e+01 2.027027330708808250e-11
3.235999999999999943e+01 1.980552354063913612e-11
3.248499999999999943e+01 2.158587371348108519e-11
3.262500000000000000e+01 2.192907314069181268e-11
3.275000000000000000e+01 2.123552202137890532e-11
3.289099999999999824e+01 2.124267428627035770e-11
3.301599999999999824e+01 2.060632220413083360e-11
3.315699999999999648e+01 1.993422267532185543e-11
3.329699999999999704e+01 2.055627196240195076e-11
3.342199999999999704e+01 2.126054540751987076e-11
3.354699999999999704e+01 2.013084664242992261e-11
3.368800000000000239e+01 2.020234673993925867e-11
3.381300000000000239e+01 2.084227408716277097e-11
3.393800000000000239e+01 2.025597224675212971e-11
3.407900000000000063e+01 2.070284742250461107e-11
3.420400000000000063e+01 2.063134732499527502e-11
3.432900000000000063e+01 2.025954577711264193e-11
3.446900000000000119e+01 2.160732356926153841e-11
3.459400000000000119e+01 2.165737207626694527e-11
3.473499999999999943e+01 2.161447236470603883e-11
3.485999999999999943e+01 2.115329612861760467e-11
3.498499999999999943e+01 2.109966888708125765e-11
3.512500000000000000e+01 2.049907119050509152e-11
3.525000000000000000e+01 2.191477381507933586e-11
3.537500000000000000e+01 2.160017130437008603e-11
3.551599999999999824e+01 2.048119486508515052e-11
3.564099999999999824e+01 2.044902268349968466e-11
3.576599999999999824e+01 2.117474771912153386e-11
3.590699999999999648e+01 2.060632393885430957e-11
3.604699999999999704e+01 2.022022133063572369e-11
3.617199999999999704e+01 1.963034422514109423e-11
3.629699999999999704e+01 2.074932239914950571e-11
3.643800000000000239e+01 1.971614711770985906e-11
3.656300000000000239e+01 2.019162267941077005e-11
3.668800000000000239e+01 2.070999621794911150e-11
3.682900000000000063e+01 2.072072374792455207e-11
3.696900000000000119e+01 2.073502307353702889e-11
3.709400000000000119e+01 2.041327176738327864e-11
3.721900000000000119e+01 2.062419679482729862e-11
3.734400000000000119e+01 2.076004992912494629e-11
3.748499999999999943e+01 2.168597072749189891e-11
3.760999999999999943e+01 2.085299467824430764e-11
3.773499999999999943e+01 2.010939505192599341e-11
3.787500000000000000e+01 2.076004472495451836e-11
3.800000000000000000e+01 2.083869708735530679e-11
3.812500000000000000e+01 2.073501960409007694e-11
3.826599999999999824e+01 2.022737012608022411e-11
3.839099999999999824e+01 2.158587197875760921e-11
3.851599999999999824e+01 2.109967235652820960e-11
3.865699999999999648e+01 2.076004645967799433e-11
3.878199999999999648e+01 2.071714848284056387e-11
3.890699999999999648e+01 2.096739622203802611e-11
3.904699999999999704e+01 2.094594463153409691e-11
3.918800000000000239e+01 2.003432142405614513e-11
3.931300000000000239e+01 2.146432163951939032e-11
3.943800000000000239e+01 2.010224625648149299e-11
3.957900000000000063e+01 2.115687139370159286e-11
3.970400000000000063e+01 2.031674307956254921e-11
3.984400000000000119e+01 2.230444821893495799e-11
3.996900000000000119e+01 1.987344663834100800e-11
4.009400000000000119e+01 2.072072374792455207e-11
4.023499999999999943e+01 2.094237110117358469e-11
4.035999999999999943e+01 1.982696992697263738e-11
4.048499999999999943e+01 2.111397168214068643e-11
4.062500000000000000e+01 2.067067177147219326e-11
4.076599999999999824e+01 1.981624586644414876e-11
4.089099999999999824e+01 2.040612297193877822e-11
4.101599999999999824e+01 2.082439255757240204e-11
4.115699999999999648e+01 1.974116876912734853e-11
4.128199999999999648e+01 2.178249768058915237e-11
4.140699999999999648e+01 2.096739795676150209e-11
4.154699999999999704e+01 2.059917167396285720e-11
4.167199999999999704e+01 1.961604663425209338e-11
4.179699999999999704e+01 2.093522057100560829e-11
4.193800000000000239e+01 2.143214772321044848e-11
4.206300000000000239e+01 2.064564838533122781e-11
4.218800000000000239e+01 2.093879930553654845e-11
4.231300000000000239e+01 2.097097148712201431e-11
4.245400000000000063e+01 2.060989573449134582e-11
4.257900000000000063e+01 2.053839563698200976e-11
4.270400000000000063e+01 2.124266908209992977e-11
4.284400000000000119e+01 2.077077052020648296e-11
4.298499999999999943e+01 2.085299641296778361e-11
4.310999999999999943e+01 2.025597224675212971e-11
4.325000000000000000e+01 2.053482037189802156e-11
4.337500000000000000e+01 1.968039446686997707e-11
4.351599999999999824e+01 2.105677264496730317e-11
4.364099999999999824e+01 2.035249573040243121e-11
4.376599999999999824e+01 2.048477186489261470e-11
4.390699999999999648e+01 1.999499697757922689e-11
4.403199999999999648e+01 2.100672066851494435e-11
4.415699999999999648e+01 2.039447083435064201e-11
4.429699999999999704e+01 2.127127467221878732e-11
4.442199999999999704e+01 2.034892566948887094e-11
4.454699999999999704e+01 1.986629784289650758e-11
4.468800000000000239e+01 2.216859508463731032e-11
4.481300000000000239e+01 2.031674481428602519e-11
4.493800000000000239e+01 2.062419506010382264e-11
4.506300000000000239e+01 2.083154655718733039e-11
4.520400000000000063e+01 1.975904509454728952e-11
4.534400000000000119e+01 2.085299641296778361e-11
4.546900000000000119e+01 1.999142171249523869e-11
4.560999999999999943e+01 2.062777032518781084e-11
4.573499999999999943e+01 2.124346705489887910e-11
4.587500000000000000e+01 1.982339813133560114e-11
4.600000000000000000e+01 1.954812006710326955e-11
4.612500000000000000e+01 2.047404780436412608e-11
4.626599999999999824e+01 2.065636897641276448e-11
4.639099999999999824e+01 2.105319391043636301e-11
4.651599999999999824e+01 2.014514596804239943e-11
4.665699999999999648e+01 1.995566906165535670e-11
4.679699999999999704e+01 2.123552375610238130e-11
4.692199999999999704e+01 2.141426966306703150e-11
4.704699999999999704e+01 2.023451892152472453e-11
4.717199999999999704e+01 2.112111874286171087e-11
4.731300000000000239e+01 2.055627022767847478e-11
4.743800000000000239e+01 2.078864511090294798e-11
4.756300000000000239e+01 1.992706867570692708e-11
4.770400000000000063e+01 1.994852026621085628e-11
4.782900000000000063e+01 2.053124857626098532e-11
4.795400000000000063e+01 2.030244548867354837e-11
4.809400000000000119e+01 2.045974500930469731e-11
4.821900000000000119e+01 2.104246984990787439e-11
4.834400000000000119e+01 1.991634461517843846e-11
4.848499999999999943e+01 2.010582152156548119e-11
4.860999999999999943e+01 2.081367196649086537e-11
4.873499999999999943e+01 2.061704626465932222e-11
4.887500000000000000e+01 2.018089341471185350e-11
4.901599999999999824e+01 2.049906945578161555e-11
4.914099999999999824e+01 2.121764916540591628e-11
4.928199999999999648e+01 2.080652317104636495e-11
4.940699999999999648e+01 2.093164704064509607e-11
4.953199999999999648e+01 2.077434925473742311e-11
4.967199999999999704e+01 1.989396841706181362e-11
4.979699999999999704e+01 1.975547156418677730e-11
4.992199999999999704e+01 2.035964626057040761e-11
5.006300000000000239e+01 1.996639485690732130e-11
5.018800000000000239e+01 1.967324220197852469e-11
5.031300000000000239e+01 2.053839737170548574e-11
5.045400000000000063e+01 2.143214772321044848e-11
5.057900000000000063e+01 2.139639680709404246e-11
5.070400000000000063e+01 2.002717262861164471e-11
5.084400000000000119e+01 2.092807177556110787e-11
5.096900000000000119e+01 2.044187388805518424e-11
5.109400000000000119e+01 2.057414481837493980e-11
5.123499999999999943e+01 2.107464203149334026e-11
5.137500000000000000e+01 2.020592373974672284e-11
5.150000000000000000e+01 2.040969650229929044e-11
5.162500000000000000e+01 1.959366870141199257e-11
5.176599999999999824e+01 2.018804741432678185e-11
5.189099999999999824e+01 2.087802500327917699e-11
5.201599999999999824e+01 2.077434405056699518e-11
5.214099999999999824e+01 2.132847370939217058e-11
5.228199999999999648e+01 2.047762133472463830e-11
5.240699999999999648e+01 1.998069591724327410e-11
5.254699999999999704e+01 2.085299814769125959e-11
5.267199999999999704e+01 2.034892046531844301e-11
5.281300000000000239e+01 2.127484646785582356e-11
5.295400000000000063e+01 2.088159332946926128e-11
5.307900000000000063e+01 1.988774422923000884e-11
5.320400000000000063e+01 1.991992334970937861e-11
5.334400000000000119e+01 2.031674654900950117e-11
5.346900000000000119e+01 2.143214945793392445e-11
5.359400000000000119e+01 2.103889805427083814e-11
5.373499999999999943e+01 2.015944529365487625e-11
5.385999999999999943e+01 2.043471988844025589e-11
5.398499999999999943e+01 2.015229476348689985e-11
5.412500000000000000e+01 2.155727159280917959e-11
5.425000000000000000e+01 2.062419332538034666e-11
5.437500000000000000e+01 2.058844587871089260e-11
5.451599999999999824e+01 1.957672218777517514e-11
5.464099999999999824e+01 2.104962038007585079e-11
5.476599999999999824e+01 1.940511987208459743e-11
5.490699999999999648e+01 2.078149631545844755e-11
5.503199999999999648e+01 2.005219428002913418e-11
5.517199999999999704e+01 2.173959970375172190e-11
5.531300000000000239e+01 2.083512182227131859e-11
5.543800000000000239e+01 2.127127467221878732e-11
5.556300000000000239e+01 2.005934481019711058e-11
5.570400000000000063e+01 2.093879410136612051e-11
5.582900000000000063e+01 2.194694773138827770e-11
5.595400000000000063e+01 1.998069244779632214e-11
5.609400000000000119e+01 1.995209900074179643e-11
5.621900000000000119e+01 2.055269669731796256e-11
5.634400000000000119e+01 2.012726964262245843e-11
5.648499999999999943e+01 2.158945071328854937e-11
5.660999999999999943e+01 2.075779652332965242e-11
5.673499999999999943e+01 1.996639485690732130e-11
5.687500000000000000e+01 2.045259794858367286e-11
5.700000000000000000e+01 1.911196721715580082e-11
5.712500000000000000e+01 2.075289592951001794e-11
5.726599999999999824e+01 2.032746887481451381e-11
5.739099999999999824e+01 2.120692337015395168e-11
5.753199999999999648e+01 2.173244570413679355e-11
5.765699999999999648e+01 2.064922191569174004e-11
5.778199999999999648e+01 2.128914752819177636e-11
5.792199999999999704e+01 2.052052278100902072e-11
5.806300000000000239e+01 2.097097495656896626e-11
5.818800000000000239e+01 1.984484625239257838e-11
5.831300000000000239e+01 2.097454675220600251e-11
5.845400000000000063e+01 2.094594983570452484e-11
5.857900000000000063e+01 2.073859660389754112e-11
5.870400000000000063e+01 2.074574713406551751e-11
5.884400000000000119e+01 2.111039988650365018e-11
5.898499999999999943e+01 2.069569689233663468e-11
5.910999999999999943e+01 2.006650054453551490e-11
5.923499999999999943e+01 2.148577149529984354e-11
5.935999999999999943e+01 1.928356953284637854e-11
5.950000000000000000e+01 1.946232237870493265e-11
5.962500000000000000e+01 1.999142171249523869e-11
5.975000000000000000e+01 2.045974500930469731e-11
5.989099999999999824e+01 2.072787080864557652e-11
6.001599999999999824e+01 1.955526886254776997e-11
6.014099999999999824e+01 2.103532105446337397e-11
6.028199999999999648e+01 2.019877147485527047e-11
6.040699999999999648e+01 2.049549939486805528e-11
6.053199999999999648e+01 2.077077052020648296e-11
6.067199999999999704e+01 2.173244917358374551e-11
6.079699999999999704e+01 1.930502112335030773e-11
6.093800000000000239e+01 2.025239698166814151e-11
6.106300000000000239e+01 2.057772355290587996e-11
6.120400000000000063e+01 2.093522057100560829e-11
6.132900000000000063e+01 2.145717457879836587e-11
6.145400000000000063e+01 2.148219623021585534e-11
6.159400000000000119e+01 2.115687312842506884e-11
6.173499999999999943e+01 2.046689553947267370e-11
6.185999999999999943e+01 1.972686944351487170e-11
6.198499999999999943e+01 2.146790037405033047e-11
6.210999999999999943e+01 2.058844587871089260e-11
6.225000000000000000e+01 2.017731988435134127e-11
6.237500000000000000e+01 1.954097127165876913e-11
6.250000000000000000e+01 1.968754673176142944e-11
6.264099999999999824e+01 2.156799912278462017e-11
6.278199999999999648e+01 2.001644683335968011e-11
6.292199999999999704e+01 1.975904682927076550e-11
6.304699999999999704e+01 2.041326829793632669e-11
6.317199999999999704e+01 1.980552180591566014e-11
6.331300000000000239e+01 1.955169533218725775e-11
6.343800000000000239e+01 2.082082076193536579e-11
6.356300000000000239e+01 2.054912316695745034e-11
6.370400000000000063e+01 1.985199504783707880e-11
6.382900000000000063e+01 2.092807177556110787e-11
6.395400000000000063e+01 1.954812006710326955e-11
6.409399999999999409e+01 2.120692163543047570e-11
6.421899999999999409e+01 2.134634483064168364e-11
6.434399999999999409e+01 2.021664606555173549e-11
6.446899999999999409e+01 2.009152046122952839e-11
6.460999999999999943e+01 1.996997185671478547e-11
6.473499999999999943e+01 1.907979330084685898e-11
6.485999999999999943e+01 2.087444973819518879e-11
6.500000000000000000e+01 1.983054345733314960e-11
6.512500000000000000e+01 1.981267060136016056e-11
6.526600000000000534e+01 1.984841978275309060e-11
6.539100000000000534e+01 1.994852026621085628e-11
6.553199999999999648e+01 2.107464723566376819e-11
6.565699999999999648e+01 2.093879410136612051e-11
6.578199999999999648e+01 2.078149805018192353e-11
6.592199999999999704e+01 1.987344490361753202e-11
6.604699999999999704e+01 1.956241765799227039e-11
6.617199999999999704e+01 2.031674481428602519e-11
6.631300000000000239e+01 2.025597051202865373e-11
6.643800000000000239e+01 1.996282306127028505e-11
6.656300000000000239e+01 2.023451892152472453e-11
6.670399999999999352e+01 2.013799717259789901e-11
6.682899999999999352e+01 2.029529495850557197e-11
6.695399999999999352e+01 2.028814616306107155e-11
6.707899999999999352e+01 2.002359736352765651e-11
6.721899999999999409e+01 2.125339834679884632e-11
6.735999999999999943e+01 2.106392144041180359e-11
6.748499999999999943e+01 2.043114809280321964e-11
6.762500000000000000e+01 2.025239698166814151e-11
6.775000000000000000e+01 2.046689727419614968e-11
6.789100000000000534e+01 2.008079466597756380e-11
6.801600000000000534e+01 2.053124510681403336e-11
6.814100000000000534e+01 2.096739622203802611e-11
6.828199999999999648e+01 2.010581978684200521e-11
6.840699999999999648e+01 2.022379659571971189e-11
6.853199999999999648e+01 2.054197263678947394e-11
6.867199999999999704e+01 1.920849590497653026e-11
6.881300000000000239e+01 2.014156896823493526e-11
6.893800000000000239e+01 1.975546982946330132e-11
6.906300000000000239e+01 2.028814616306107155e-11
6.920399999999999352e+01 2.087801979910874905e-11
6.932899999999999352e+01 2.017732161907481725e-11
6.945399999999999352e+01 2.035607273020989538e-11
6.957899999999999352e+01 2.052767157645352114e-11
6.971899999999999409e+01 1.998427118232726230e-11
6.984399999999999409e+01 1.932289571404677275e-11
6.996899999999999409e+01 2.142499545831899610e-11
7.010999999999999943e+01 1.969112199684541764e-11
7.023499999999999943e+01 2.047046906983318593e-11
7.035999999999999943e+01 2.093164877536857205e-11
7.050000000000000000e+01 2.004862074966862195e-11
7.062500000000000000e+01 2.111039641705669823e-11
7.075000000000000000e+01 2.040254423740783807e-11
7.089100000000000534e+01 2.003789668914013333e-11
7.103199999999999648e+01 1.936579716033115517e-11
7.115699999999999648e+01 2.048119486508515052e-11
7.129699999999999704e+01 1.999499524285575092e-11
7.142199999999999704e+01 2.060989573449134582e-11
7.156300000000000239e+01 2.127841999821633578e-11
7.168800000000000239e+01 2.023452065624820051e-11
7.181300000000000239e+01 2.227227083317906420e-11
7.193800000000000239e+01 2.127842173293981176e-11
7.207899999999999352e+01 2.180394927109308156e-11
7.220399999999999352e+01 2.090662018505717867e-11
7.234399999999999409e+01 2.042041882810430309e-11
7.246899999999999409e+01 1.992706867570692708e-11
7.260999999999999943e+01 2.045974500930469731e-11
7.273499999999999943e+01 2.047047427400361386e-11
7.285999999999999943e+01 2.282282349219677542e-11
7.300000000000000000e+01 2.777062781122996427e-11
7.312500000000000000e+01 2.922922667791816309e-11
7.325000000000000000e+01 2.836765024272214220e-11
7.339100000000000534e+01 2.940440599341620498e-11
7.351600000000000534e+01 2.977977586748892236e-11
7.365699999999999648e+01 2.992635653176201060e-11
7.378199999999999648e+01 3.022308445177479541e-11
7.392199999999999704e+01 2.950093641596041039e-11
7.404699999999999704e+01 3.004075807555572908e-11
7.417199999999999704e+01 2.934005816079832130e-11
7.429699999999999704e+01 2.983353494800944361e-11
7.443800000000000239e+01 2.985128116916868635e-11
7.456300000000000239e+01 3.009437837819817219e-11
7.468800000000000239e+01 3.071285586964123127e-11
7.482899999999999352e+01 3.023738898155770016e-11
7.496899999999999409e+01 3.125983846774538222e-11
7.509399999999999409e+01 3.108823268260785255e-11
7.521899999999999409e+01 3.016946067968540035e-11
7.535999999999999943e+01 2.950092600761955453e-11
7.548499999999999943e+01 3.067353315788778900e-11
7.560999999999999943e+01 2.956528077913134211e-11
7.575000000000000000e+01 2.989060735036908056e-11
7.587500000000000000e+01 3.065923209755183620e-11
7.600000000000000000e+01 2.947948135600952924e-11
7.614100000000000534e+01 2.925147971066799357e-11
7.626600000000000534e+01 3.066280909735930038e-11
7.639100000000000534e+01 3.057343267443002333e-11
7.653199999999999648e+01 3.108664714535080975e-11
7.665699999999999648e+01 3.069855827875223042e-11
7.679699999999999704e+01 2.999427442529345456e-11
7.692199999999999704e+01 2.991920253214708225e-11
7.704699999999999704e+01 2.998712736457243011e-11
7.718800000000000239e+01 2.948663535562445759e-11
7.732899999999999352e+01 3.066637915827286065e-11
7.745399999999999352e+01 3.004433160591624130e-11
7.757899999999999352e+01 2.912171892521797645e-11
7.771899999999999409e+01 3.073073392978464824e-11
7.784399999999999409e+01 2.888960425051489977e-11
7.796899999999999409e+01 3.013728155920603058e-11
7.810999999999999943e+01 2.987432176637661030e-11
7.823499999999999943e+01 3.007650725694865912e-11
7.835999999999999943e+01 2.976191168513331320e-11
7.848499999999999943e+01 2.984770416936122217e-11
7.862500000000000000e+01 2.924353120770106784e-11
7.875000000000000000e+01 3.052338243270114049e-11
7.887500000000000000e+01 3.057701314368443946e-11
7.901600000000000534e+01 2.935435922113427409e-11
7.914100000000000534e+01 2.997813108862601439e-11
7.928199999999999648e+01 3.057700967423748750e-11
7.940699999999999648e+01 3.054483402320506968e-11
7.954699999999999704e+01 3.086658359463534396e-11
7.968800000000000239e+01 2.904690724059300067e-11
7.981300000000000239e+01 3.018017780131998506e-11
7.993800000000000239e+01 2.986558222950463914e-11
8.007899999999999352e+01 3.086300312538092783e-11
8.020399999999999352e+01 2.898255593852816503e-11
8.032899999999999352e+01 3.082011035271392529e-11
8.046899999999999409e+01 3.081653335290646112e-11
8.059399999999999409e+01 2.984770763880817412e-11
8.071899999999999409e+01 3.013371149829247031e-11
8.084399999999999409e+01 2.874356135051936434e-11
8.098499999999999943e+01 3.049835731183669907e-11
8.112500000000000000e+01 2.942228752300657391e-11
8.125000000000000000e+01 3.015158955843588728e-11
8.137500000000000000e+01 3.192478573166290801e-11
8.151600000000000534e+01 2.907550589181795431e-11
8.164100000000000534e+01 2.920778202630813780e-11
8.176600000000000534e+01 2.927569991983958175e-11
8.190699999999999648e+01 3.004433507536319325e-11
8.203199999999999648e+01 2.923995767734055562e-11
8.215699999999999648e+01 2.935435922113427409e-11
8.229699999999999704e+01 2.902902918044958369e-11
8.242199999999999704e+01 2.964035267227771442e-11
8.254699999999999704e+01 3.184255636945465540e-11
8.268800000000000239e+01 3.114543345450471179e-11
8.282899999999999352e+01 3.040183035873944561e-11
8.295399999999999352e+01 2.938123355722410679e-11
8.307899999999999352e+01 2.943657817500167084e-11
8.321899999999999409e+01 3.002288348485926406e-11
8.334399999999999409e+01 2.961532755141327300e-11
8.346899999999999409e+01 3.131345877038782533e-11
8.360999999999999943e+01 2.886100559928994613e-11
8.373499999999999943e+01 3.065565856719132398e-11
8.387500000000000000e+01 3.040183382818639757e-11
8.400000000000000000e+01 3.012297702942312583e-11
8.412500000000000000e+01 3.064135403740841923e-11
8.426600000000000534e+01 2.944015517480913502e-11
8.439100000000000534e+01 2.921135555666865002e-11
8.451600000000000534e+01 2.878235497161263368e-11
8.465699999999999648e+01 3.035892717773158722e-11
8.478199999999999648e+01 3.149577820771298775e-11
8.490699999999999648e+01 3.005505566644472992e-11
8.504699999999999704e+01 3.077005664153809050e-11
8.517199999999999704e+01 3.064850803702334758e-11
8.529699999999999704e+01 2.921850261738967447e-11
8.543800000000000239e+01 3.039110976765790895e-11
8.557899999999999352e+01 3.187115502067960904e-11
8.570399999999999352e+01 2.972972909520699147e-11
8.582899999999999352e+01 2.978335633674333849e-11
8.596899999999999409e+01 3.070848783592872167e-11
8.609399999999999409e+01 3.120263422640157103e-11
8.623499999999999943e+01 2.973330956446140760e-11
8.635999999999999943e+01 2.940082899360874080e-11
8.648499999999999943e+01 3.068783421822374180e-11
8.662500000000000000e+01 3.196411191286330222e-11
8.675000000000000000e+01 3.096668407809310963e-11
8.687500000000000000e+01 3.020520639163137844e-11
8.701600000000000534e+01 3.032318146578560913e-11
8.714100000000000534e+01 2.951840855081044879e-11
8.728199999999999648e+01 3.099885972912552745e-11
8.740699999999999648e+01 2.911482860357139657e-11
8.754699999999999704e+01 3.089518571530724955e-11
8.767199999999999704e+01 3.053053643231606884e-11
8.779699999999999704e+01 2.923995073844665171e-11
8.793800000000000239e+01 2.959745643016375993e-11
8.806300000000000239e+01 3.143500390545561629e-11
8.818800000000000239e+01 3.060203479510192892e-11
8.831300000000000239e+01 3.149577820771298775e-11
8.845399999999999352e+01 3.124553393796247747e-11
8.859399999999999409e+01 2.963320561155668997e-11
8.871899999999999409e+01 3.136708601192417234e-11
8.884399999999999409e+01 3.124196040760196524e-11
8.898499999999999943e+01 3.060203826454888087e-11
8.910999999999999943e+01 3.078435423242709135e-11
8.923499999999999943e+01 3.099885972912552745e-11
8.937500000000000000e+01 2.932575016156846459e-11
8.950000000000000000e+01 3.123122940817957272e-11
8.964100000000000534e+01 3.079508176240253192e-11
8.976600000000000534e+01 2.953667865845943652e-11
8.990699999999999648e+01 3.177106147611574727e-11
9.003199999999999648e+01 2.904333371023248844e-11
9.015699999999999648e+01 3.049120678166872267e-11
9.029699999999999704e+01 2.996700457225109915e-11
9.042199999999999704e+01 3.031246087470407247e-11
9.054699999999999704e+01 2.980480445780031573e-11
9.067199999999999704e+01 3.104532950159999416e-11
9.081300000000000239e+01 3.095596348701157297e-11
9.093800000000000239e+01 3.128843364952338391e-11
9.106300000000000239e+01 3.055555808373355831e-11
9.120399999999999352e+01 3.055912814464711857e-11
9.132899999999999352e+01 3.045903113063630485e-11
9.145399999999999352e+01 3.121335828693005965e-11
9.159399999999999409e+01 2.982982957866475715e-11
9.173499999999999943e+01 2.966180773222859557e-11
9.185999999999999943e+01 3.089518571530724955e-11
9.200000000000000000e+01 2.995138512207340398e-11
9.212500000000000000e+01 3.095237954831020488e-11
9.226600000000000534e+01 3.124195693815501329e-11
9.239100000000000534e+01 3.010867596908717303e-11
9.251600000000000534e+01 3.063778050704790701e-11
9.265699999999999648e+01 2.997283324313038122e-11
9.278199999999999648e+01 3.132391568350101352e-11
9.290699999999999648e+01 3.123122940817957272e-11
9.304699999999999704e+01 3.176033394614030669e-11
9.317199999999999704e+01 3.019447886165593786e-11
9.331300000000000239e+01 3.011225643834158916e-11
9.343800000000000239e+01 3.113113239416875899e-11
9.356300000000000239e+01 3.069498474839171820e-11
9.370399999999999352e+01 2.985843169933666275e-11
9.382899999999999352e+01 3.035535364737107500e-11
9.395399999999999352e+01 2.927570338928653371e-11
9.409399999999999409e+01 3.124910399887603774e-11
9.421899999999999409e+01 3.081653682235341307e-11
9.434399999999999409e+01 3.180323365770121313e-11
9.448499999999999943e+01 2.991563247123352198e-11
9.460999999999999943e+01 2.965108020225315499e-11
9.473499999999999943e+01 2.960102649107732020e-11
9.487500000000000000e+01 3.078435423242709135e-11
9.500000000000000000e+01 3.049716382208522703e-11
9.512500000000000000e+01 3.110968427311178175e-11
9.526600000000000534e+01 3.103818244087896971e-11
9.540699999999999648e+01 3.183183577837311873e-11
9.553199999999999648e+01 3.081295635309899694e-11
9.567199999999999704e+01 3.052338243270114049e-11
9.579699999999999704e+01 3.010153584726005249e-11
9.592199999999999704e+01 3.101673431982199247e-11
9.606300000000000239e+01 3.162448081184265902e-11
9.618800000000000239e+01 3.251466110243406149e-11
9.631300000000000239e+01 3.141355925384559100e-11
9.645399999999999352e+01 3.115258398467268819e-11
9.657899999999999352e+01 3.066638262771981260e-11
9.670399999999999352e+01 3.020878339143884261e-11
9.684399999999999409e+01 3.083798147396343836e-11
9.696899999999999409e+01 3.057700620479053555e-11
9.709399999999999409e+01 3.163520487237114764e-11
9.723499999999999943e+01 3.128127964990845555e-11
9.735999999999999943e+01 3.255756081399496793e-11
9.748499999999999943e+01 3.053410649322962911e-11
9.762500000000000000e+01 3.349421087706083711e-11
9.776600000000000534e+01 3.165307946306761266e-11
9.789100000000000534e+01 3.159230516081024120e-11
9.801600000000000534e+01 3.083798494341039031e-11
9.814100000000000534e+01 3.040447754676378622e-11
9.828199999999999648e+01 3.045903113063630485e-11
9.842199999999999704e+01 3.034105605648207415e-11
9.854699999999999704e+01 2.941870358430520582e-11
9.867199999999999704e+01 3.036966164660093170e-11
9.881300000000000239e+01 2.922207961719713865e-11
9.893800000000000239e+01 3.070928233928071904e-11
9.906300000000000239e+01 3.081653335290646112e-11
9.920399999999999352e+01 3.028385528458521492e-11
9.934399999999999409e+01 3.059845085640056084e-11
9.946899999999999409e+01 3.103818591032592167e-11
9.959399999999999409e+01 3.099171266840450301e-11
9.973499999999999943e+01 3.137065607283773261e-11
9.985999999999999943e+01 3.053410649322962911e-11
9.998499999999999943e+01 3.056986261351646306e-11
1.001250000000000000e+02 2.925782879859006869e-11
1.002500000000000000e+02 3.041613488852235037e-11
1.003750000000000000e+02 3.064136097630232314e-11
1.005160000000000053e+02 3.207851345665702070e-11
1.006410000000000053e+02 3.208393620224292420e-11
1.007660000000000053e+02 3.154940544924933477e-11
1.008910000000000053e+02 2.948305488637004146e-11
1.010319999999999965e+02 3.074146145976008881e-11
1.011569999999999965e+02 3.255398728363445571e-11
1.012969999999999970e+02 3.078435770187404330e-11
1.014219999999999970e+02 2.991205547142605781e-11
1.015630000000000024e+02 3.156728350939275174e-11
1.017039999999999935e+02 3.082725394398799779e-11
1.018289999999999935e+02 3.080580929237797250e-11
1.019539999999999935e+02 3.150293914622182001e-11
1.020939999999999941e+02 3.106677762265697140e-11
1.022189999999999941e+02 3.085585606465990338e-11
1.023439999999999941e+02 3.157801103936819231e-11
1.024849999999999994e+02 3.100600678984655190e-11
1.026099999999999994e+02 3.040540388909995784e-11
1.027349999999999994e+02 3.028028522367165465e-11
1.028750000000000000e+02 3.167095752321102964e-11
1.030000000000000000e+02 3.139568119370217403e-11
1.031250000000000000e+02 3.135278148214126759e-11
1.032500000000000000e+02 2.965187470560515237e-11
1.033910000000000053e+02 3.223222730386332557e-11
1.035160000000000053e+02 3.141355231495168709e-11
1.036410000000000053e+02 2.925782532914311673e-11
1.037819999999999965e+02 3.198913356428079169e-11
1.039219999999999970e+02 3.013370455939856640e-11
1.040469999999999970e+02 3.076290264192316215e-11
1.041719999999999970e+02 3.104890650140745834e-11
1.043130000000000024e+02 3.125268446813045387e-11
1.044539999999999935e+02 3.171028023496447190e-11
1.045789999999999935e+02 3.029100234530623936e-11
1.047039999999999935e+02 2.916845584510774358e-11
1.048439999999999941e+02 3.171743076513244830e-11
1.049689999999999941e+02 3.255041028382699153e-11
1.050939999999999941e+02 3.040897741946047006e-11
1.052349999999999994e+02 3.225010883345369450e-11
1.053599999999999994e+02 3.145738877718962101e-11
1.054849999999999994e+02 3.163878534162556377e-11
1.056099999999999994e+02 3.051623190253316409e-11
1.057500000000000000e+02 3.027313122405672630e-11
1.058750000000000000e+02 3.234663578655094796e-11
1.060000000000000000e+02 3.053052602397521298e-11
1.061410000000000053e+02 3.039335796928277489e-11
1.062819999999999965e+02 3.123123634707347662e-11
1.064069999999999965e+02 3.181395771822970175e-11
1.065319999999999965e+02 3.166381393193695715e-11
1.066719999999999970e+02 3.108107521354597225e-11
1.068130000000000024e+02 3.017661120985337675e-11
1.069380000000000024e+02 3.021950745196733124e-11
1.070630000000000024e+02 3.140998225403812683e-11
1.072039999999999935e+02 3.067512563403873571e-11
1.073289999999999935e+02 3.140177701199675653e-11
1.074539999999999935e+02 3.018018127076693702e-11
1.075939999999999941e+02 3.061632891654397781e-11
1.077189999999999941e+02 2.975118415515787262e-11
1.078439999999999941e+02 3.178177859775033198e-11
1.079849999999999994e+02 3.150650573768842833e-11
1.081099999999999994e+02 3.151008273749589250e-11
1.082500000000000000e+02 3.123123287762652467e-11
1.083750000000000000e+02 3.286143232528182523e-11
1.085000000000000000e+02 3.046260466099681707e-11
1.086410000000000053e+02 3.193908679199886080e-11
1.087660000000000053e+02 3.227156042395762370e-11
1.088910000000000053e+02 3.095596001756462101e-11
1.090319999999999965e+02 3.086301006427483173e-11
1.091569999999999965e+02 3.094880601794969266e-11
1.092819999999999965e+02 3.164593240234658822e-11
1.094219999999999970e+02 3.130630477077289697e-11
1.095469999999999970e+02 3.171743076513244830e-11
1.096880000000000024e+02 3.106678456155087531e-11
1.098130000000000024e+02 3.074503499012060104e-11
1.099539999999999935e+02 3.232517725715311485e-11
1.100789999999999935e+02 3.121692834784361992e-11
1.102039999999999935e+02 3.145287849615208131e-11
1.103439999999999941e+02 2.994422765301152367e-11
1.104689999999999941e+02 3.205705839670613955e-11
1.106099999999999994e+02 3.239310208957846271e-11
1.107349999999999994e+02 3.100601025929350385e-11
1.108599999999999994e+02 3.145645549595954549e-11
1.110000000000000000e+02 3.148505761663145108e-11
1.111250000000000000e+02 3.078435770187404330e-11
1.112500000000000000e+02 3.264746459286094193e-11
1.113910000000000053e+02 3.157443057011377618e-11
1.115160000000000053e+02 3.106678456155087531e-11
1.116410000000000053e+02 3.342985957499600147e-11
1.117819999999999965e+02 3.071643633889564740e-11
1.119069999999999965e+02 3.086300659482787978e-11
1.120319999999999965e+02 3.124553046851552551e-11
1.121719999999999970e+02 3.162448428128961098e-11
1.123130000000000024e+02 3.142070631456661545e-11
1.124380000000000024e+02 3.032318493523256109e-11
1.125630000000000024e+02 3.168525858354698244e-11
1.127039999999999935e+02 3.191763520149493161e-11
1.128289999999999935e+02 3.191405473224051548e-11
1.129689999999999941e+02 3.178535212811084421e-11
1.130939999999999941e+02 3.104532950159999416e-11
1.132189999999999941e+02 3.135278148214126759e-11
1.133599999999999994e+02 3.041970494943591063e-11
1.134849999999999994e+02 3.024453257283177265e-11
1.136099999999999994e+02 3.026598416333570185e-11
1.137500000000000000e+02 3.110253027349685340e-11
1.138750000000000000e+02 3.287215985525726580e-11
1.140160000000000053e+02 3.102745491090352914e-11
1.141410000000000053e+02 3.064493450666283536e-11
1.142819999999999965e+02 3.047862656702093886e-11
1.144069999999999965e+02 3.169241258316191079e-11
1.145319999999999965e+02 3.096310360883869350e-11
1.146719999999999970e+02 3.141713278420610322e-11
1.147969999999999970e+02 3.054125702339760551e-11
1.149219999999999970e+02 3.183898630854109513e-11
1.150630000000000024e+02 3.066637915827286065e-11
1.151880000000000024e+02 3.195338091344090969e-11
1.153130000000000024e+02 3.071285240019427931e-11
1.154380000000000024e+02 3.011583343814905334e-11
1.155789999999999935e+02 3.138138360281317318e-11
1.157039999999999935e+02 3.174245588599688972e-11
1.158289999999999935e+02 3.153510785836033392e-11
1.159689999999999941e+02 3.043758300957932761e-11
1.161099999999999994e+02 3.192478573166290801e-11
1.162349999999999994e+02 3.178178553664423589e-11
1.163750000000000000e+02 3.005862919680524215e-11
1.165000000000000000e+02 3.051980543289367631e-11
1.166410000000000053e+02 3.216073934941832135e-11
1.167660000000000053e+02 3.104175597123948194e-11
1.168910000000000053e+02 3.115615751503320041e-11
1.170319999999999965e+02 2.998355730365886984e-11
1.171569999999999965e+02 3.179608312753323673e-11
1.172819999999999965e+02 3.162806475054402711e-11
1.174219999999999970e+02 3.095953354792513323e-11
1.175469999999999970e+02 3.094523595703613239e-11
1.176719999999999970e+02 3.203203327584169813e-11
1.178130000000000024e+02 3.171743770402635221e-11
1.179380000000000024e+02 2.971542803487103868e-11
1.180630000000000024e+02 3.135993895120314789e-11
1.181880000000000024e+02 3.135277801269431563e-11
1.183289999999999935e+02 3.161375675131417040e-11
1.184539999999999935e+02 3.060917838637600141e-11
1.185939999999999941e+02 3.013727808975907863e-11
1.187189999999999941e+02 3.174245588599688972e-11
1.188599999999999994e+02 3.162805087275621929e-11
1.189849999999999994e+02 3.016945374079149644e-11
1.191099999999999994e+02 3.172100776493991248e-11
1.192500000000000000e+02 3.013370455939856640e-11
1.193750000000000000e+02 3.193193279238393245e-11
1.195160000000000053e+02 3.260403405591638659e-11
1.196410000000000053e+02 3.286143232528182523e-11
1.197819999999999965e+02 3.073073046033769629e-11
1.199069999999999965e+02 3.069855480930527847e-11
1.200469999999999970e+02 3.178178206719728394e-11
1.201719999999999970e+02 3.231803366587904236e-11
1.202969999999999970e+02 3.115615404558624846e-11
1.204380000000000024e+02 3.128128311935540751e-11
1.205630000000000024e+02 3.189618361099100241e-11
1.206880000000000024e+02 3.185686089923756015e-11
1.208289999999999935e+02 3.216430941033188162e-11
1.209539999999999935e+02 3.124196040760196524e-11
1.210789999999999935e+02 3.013370455939856640e-11
1.212189999999999941e+02 3.219648506136429944e-11
1.213439999999999941e+02 3.024453257283177265e-11
1.214689999999999941e+02 3.077362323300469882e-11
1.216099999999999994e+02 3.107750515263241198e-11
1.217349999999999994e+02 3.087016059444280813e-11
1.218599999999999994e+02 3.253610575404408678e-11
1.220000000000000000e+02 3.127770958899489528e-11
1.221250000000000000e+02 3.201415521569828115e-11
1.222660000000000053e+02 3.172458476474737665e-11
1.223910000000000053e+02 3.225725589417471895e-11
1.225319999999999965e+02 3.168525858354698244e-11
1.226569999999999965e+02 3.017660427095947284e-11
1.228130000000000024e+02 3.113484470240734936e-11
1.229380000000000024e+02 3.064850803702334758e-11
1.230789999999999935e+02 3.038395229859602864e-11
1.232039999999999935e+02 3.207492951795565261e-11
1.233289999999999935e+02 3.084870553449192698e-11
1.234689999999999941e+02 3.263978670675626859e-11
1.235939999999999941e+02 3.183540930873363095e-11
1.237189999999999941e+02 3.082010688326697334e-11
1.238599999999999994e+02 3.167810805337900604e-11
1.239849999999999994e+02 3.147433008665601051e-11
1.241099999999999994e+02 3.103460197162455358e-11
1.242500000000000000e+02 3.124911093776994164e-11
1.243750000000000000e+02 3.157801103936819231e-11
1.245000000000000000e+02 3.163520140292419569e-11
1.246410000000000053e+02 3.154225491908135837e-11
1.247660000000000053e+02 3.201415868514523311e-11
1.248910000000000053e+02 3.136351248156366012e-11
1.250319999999999965e+02 3.287573685506472998e-11
1.251569999999999965e+02 3.029101275364709522e-11
1.252819999999999965e+02 3.180681065750867731e-11
1.254069999999999965e+02 3.157801103936819231e-11
1.255469999999999970e+02 3.138852719408724568e-11
1.256719999999999970e+02 3.192835579257646828e-11
1.257969999999999970e+02 3.359431482996555474e-11
1.259380000000000024e+02 3.255755387510106402e-11
1.260630000000000024e+02 3.242886167931224861e-11
1.261880000000000024e+02 3.213571075910692798e-11
1.263289999999999935e+02 3.094880601794969266e-11
1.264689999999999941e+02 3.069497780949781429e-11
1.265939999999999941e+02 3.221078612170025224e-11
1.267189999999999941e+02 3.092378783597915515e-11
1.268599999999999994e+02 3.124911093776994164e-11
1.269849999999999994e+02 3.052695596306165271e-11
1.271099999999999994e+02 3.156370650958528756e-11
1.272500000000000000e+02 3.148147714737703495e-11
1.273750000000000000e+02 3.193551326163834858e-11
1.275000000000000000e+02 3.193193626183088440e-11
1.276410000000000053e+02 3.205705492725918759e-11
1.277660000000000053e+02 3.186758149031909682e-11
1.278910000000000053e+02 3.323680913824844652e-11
1.280159999999999911e+02 3.204633780562460288e-11
1.281570000000000107e+02 3.176032700724640279e-11
1.282969999999999970e+02 3.215357841090948909e-11
1.284219999999999970e+02 3.225725589417471895e-11
1.285469999999999970e+02 3.135728135483795143e-11
1.286879999999999882e+02 3.078435423242709135e-11
1.288290000000000077e+02 3.218575753138885887e-11
1.289540000000000077e+02 3.168168158373951826e-11
1.290790000000000077e+02 3.194265685291242107e-11
1.292189999999999941e+02 3.150293567677486806e-11
1.293439999999999941e+02 3.169240911371495883e-11
1.294689999999999941e+02 3.119905722659410685e-11
1.296100000000000136e+02 3.190691114096644299e-11
1.297350000000000136e+02 3.254683675346647931e-11
1.298600000000000136e+02 3.144215790507054464e-11
1.300000000000000000e+02 3.196053144360888609e-11
1.301250000000000000e+02 3.300801298955491347e-11
1.302500000000000000e+02 3.187116195957351295e-11
1.303750000000000000e+02 3.135992854286229203e-11
1.305159999999999911e+02 3.097740466917464630e-11
1.306570000000000107e+02 2.977978627582977822e-11
1.307820000000000107e+02 3.297583386907554370e-11
1.309070000000000107e+02 3.194265338346546912e-11
1.310469999999999970e+02 3.241455714952934386e-11
1.311719999999999970e+02 3.110610380385736562e-11
1.312969999999999970e+02 3.240025955864034302e-11
1.314379999999999882e+02 3.191763520149493161e-11
1.315629999999999882e+02 3.082010341382002139e-11
1.316879999999999882e+02 3.200343462461674449e-11
1.318290000000000077e+02 3.242528814895173639e-11
1.319689999999999941e+02 3.130988177058036115e-11
1.320939999999999941e+02 3.156728003994579979e-11
1.322189999999999941e+02 3.252180469370813398e-11
1.323600000000000136e+02 3.176390400705386696e-11
1.324850000000000136e+02 3.080223229257050832e-11
1.326250000000000000e+02 3.312598459426219222e-11
1.327500000000000000e+02 3.225368930270811063e-11
1.328750000000000000e+02 3.250035310320420479e-11
1.330159999999999911e+02 3.089160871549978538e-11
1.331409999999999911e+02 3.171028023496447190e-11
1.332659999999999911e+02 3.245031326981617781e-11
1.334070000000000107e+02 3.272558266043112951e-11
1.335320000000000107e+02 3.215066754491680001e-11
1.336570000000000107e+02 3.011940696850956556e-11
1.337969999999999970e+02 3.084155847377090254e-11
1.339379999999999882e+02 3.129200371043694417e-11
1.340629999999999882e+02 3.192451858424760758e-11
1.341879999999999882e+02 3.113470245508231926e-11
1.343290000000000077e+02 3.135993548175619594e-11
1.344540000000000077e+02 3.169597917462851910e-11
1.345790000000000077e+02 3.069140774858425402e-11
1.347189999999999941e+02 3.052338243270114049e-11
1.348600000000000136e+02 3.088088812441824871e-11
1.349850000000000136e+02 3.084870553449192698e-11
1.351100000000000136e+02 3.253610575404408678e-11
1.352350000000000136e+02 3.200342768572284058e-11
1.353750000000000000e+02 3.125625452904401413e-11
1.355000000000000000e+02 3.185329083832399988e-11
1.356250000000000000e+02 3.222151018222874086e-11
1.357659999999999911e+02 3.255397340584664789e-11
1.358909999999999911e+02 3.079508176240253192e-11
1.360320000000000107e+02 3.016231014951742395e-11
1.361570000000000107e+02 3.124196040760196524e-11
1.362969999999999970e+02 3.169240564426800688e-11
1.364219999999999970e+02 3.122381866949019980e-11
1.365469999999999970e+02 3.161018322095365818e-11
1.366879999999999882e+02 3.064136097630232314e-11
1.368129999999999882e+02 3.146360602612752189e-11
1.369379999999999882e+02 3.159231556915109707e-11
1.370790000000000077e+02 3.206421239632106790e-11
1.372040000000000077e+02 3.191048467132695521e-11
1.373290000000000077e+02 3.170313317424344746e-11
1.374689999999999941e+02 3.153868138872084614e-11
1.375939999999999941e+02 3.206063539651360372e-11
1.377189999999999941e+02 3.140283172387015043e-11
1.378600000000000136e+02 3.246817745217178697e-11
1.379850000000000136e+02 3.240026302808729497e-11
1.381250000000000000e+02 3.194265685291242107e-11
1.382659999999999911e+02 3.137423307264519678e-11
1.383909999999999911e+02 3.273273666004605786e-11
1.385159999999999911e+02 3.205705839670613955e-11
1.386570000000000107e+02 3.126698552846640666e-11
1.387820000000000107e+02 3.167810805337900604e-11
1.389070000000000107e+02 3.278993396249596515e-11
1.390469999999999970e+02 3.208208004812362901e-11
1.391719999999999970e+02 3.202488621512067368e-11
1.392969999999999970e+02 2.927928385854094984e-11
1.394379999999999882e+02 3.195338785233481360e-11
1.395629999999999882e+02 3.335478421240267721e-11
1.396879999999999882e+02 3.348706034689286071e-11
1.398290000000000077e+02 3.199628409444876809e-11
1.399540000000000077e+02 3.245745686109025030e-11
1.400790000000000077e+02 3.137065954228468456e-11
1.402040000000000077e+02 3.261476158589182717e-11
1.403439999999999941e+02 3.347990981672488431e-11
1.404689999999999941e+02 3.183897936964719122e-11
1.406100000000000136e+02 3.189975367190456268e-11
1.407350000000000136e+02 3.181038418786918953e-11
1.408750000000000000e+02 3.222508718203620504e-11
1.410159999999999911e+02 3.189618361099100241e-11
1.411409999999999911e+02 3.144573837432496077e-11
1.412659999999999911e+02 3.263263617658829219e-11
1.414070000000000107e+02 3.212854982059809572e-11
1.415320000000000107e+02 3.367653378383295149e-11
1.416570000000000107e+02 3.192120873185544383e-11
1.417969999999999970e+02 3.212856022893895158e-11
1.419219999999999970e+02 3.201415868514523311e-11
1.420629999999999882e+02 3.208208004812362901e-11
1.421879999999999882e+02 3.060560832546244114e-11
1.423290000000000077e+02 3.290790903665019584e-11
1.424540000000000077e+02 3.210353510807451016e-11
1.425790000000000077e+02 3.248963598156962007e-11
1.427040000000000077e+02 3.143858090526308047e-11
1.428439999999999941e+02 3.295080527876415033e-11
1.429689999999999941e+02 2.842127921898196519e-11
1.430939999999999941e+02 2.596525078280009780e-11
1.432350000000000136e+02 2.587587609459429672e-11
1.433750000000000000e+02 2.406335027071992982e-11
1.435000000000000000e+02 2.327685093284070916e-11
1.436250000000000000e+02 2.389174968975282809e-11
1.437659999999999911e+02 2.339839953735545208e-11
1.438909999999999911e+02 2.350207528589720596e-11
1.440159999999999911e+02 2.279316492492799995e-11
1.441570000000000107e+02 2.176104782480869915e-11
1.442820000000000107e+02 2.236164899083181723e-11
1.444070000000000107e+02 2.305877190578176084e-11
1.445469999999999970e+02 2.228657189351501700e-11
1.446879999999999882e+02 2.202917188942610238e-11
1.448129999999999882e+02 2.136422289078510062e-11
1.449379999999999882e+02 2.219361847077827576e-11
1.450629999999999882e+02 2.249392339059852475e-11
1.452040000000000077e+02 2.189689748965939486e-11
1.453290000000000077e+02 2.275847392485541576e-11
1.454540000000000077e+02 2.295152436160297071e-11
1.455939999999999941e+02 2.223294985614909791e-11
1.457189999999999941e+02 2.242957382325716509e-11
1.458439999999999941e+02 2.242599508872622494e-11
1.459850000000000136e+02 2.215072396338779726e-11
1.461100000000000136e+02 2.186114483881951287e-11
1.462350000000000136e+02 2.263334832053320866e-11
1.463750000000000000e+02 2.296224842213145934e-11
1.465159999999999911e+02 2.180037227128561739e-11
1.466409999999999911e+02 2.328042272847774541e-11
1.467659999999999911e+02 1.972329591315435948e-11
1.469070000000000107e+02 2.138209574675808966e-11
1.470469999999999970e+02 2.130344685380425318e-11
1.471719999999999970e+02 2.239024937678024685e-11
1.472969999999999970e+02 2.112469227322222309e-11
1.474219999999999970e+02 2.176819488552972359e-11
1.475629999999999882e+02 2.212570057724683181e-11
1.476879999999999882e+02 2.164664801573845665e-11
1.478129999999999882e+02 2.282282349219677542e-11
1.479540000000000077e+02 2.121407216559845210e-11
1.480790000000000077e+02 2.221150000036864469e-11
1.482040000000000077e+02 2.114614733317310424e-11
1.483439999999999941e+02 2.116759545423008149e-11
1.484689999999999941e+02 2.246174600484263095e-11
1.485939999999999941e+02 2.192549614088434851e-11
1.487350000000000136e+02 2.139639680709404246e-11
1.488600000000000136e+02 2.145002231390691350e-11
1.490000000000000000e+02 2.080652143632288897e-11
1.491250000000000000e+02 2.119262057509452291e-11
1.492659999999999911e+02 2.171814811324779271e-11
1.494070000000000107e+02 2.168597246221537489e-11
1.495320000000000107e+02 2.137136995150612506e-11
1.496570000000000107e+02 2.102843593698722202e-11
1.497969999999999970e+02 2.170742405271930409e-11
1.499219999999999970e+02 2.137494521659011326e-11
1.500469999999999970e+02 2.150007429035927231e-11
1.501719999999999970e+02 2.286929673411819408e-11
1.503129999999999882e+02 2.181824686198208241e-11
1.504379999999999882e+02 2.079222211071041215e-11
1.505629999999999882e+02 2.157157091842165642e-11
1.507040000000000077e+02 2.193264840577580088e-11
1.508439999999999941e+02 2.170027178782785171e-11
1.509689999999999941e+02 2.139282154201005426e-11
1.510939999999999941e+02 2.219719720530921592e-11
1.512350000000000136e+02 2.218647141005725132e-11
1.513600000000000136e+02 2.160374656945407423e-11
1.514850000000000136e+02 2.042399582791176726e-11
1.516250000000000000e+02 2.149649729055180813e-11
1.517500000000000000e+02 2.136779642114561284e-11
1.518750000000000000e+02 2.196482232208474272e-11
1.520159999999999911e+02 2.160017303909356201e-11
1.521409999999999911e+02 2.078507158054243575e-11
1.522659999999999911e+02 2.088517379872367741e-11
1.524070000000000107e+02 2.225439624248259918e-11
1.525320000000000107e+02 2.161804762979002703e-11
1.526719999999999970e+02 2.138924974637301801e-11
1.527969999999999970e+02 2.104604684971533857e-11
1.529219999999999970e+02 2.192907314069181268e-11
1.530629999999999882e+02 2.073144954317651667e-11
1.532040000000000077e+02 2.072787080864557652e-11
1.533290000000000077e+02 2.188617342913090624e-11
1.534540000000000077e+02 2.179322000639416501e-11
1.535939999999999941e+02 2.179322347584111697e-11
1.537189999999999941e+02 2.124624955135434590e-11
1.538439999999999941e+02 2.088159679891621323e-11
1.539850000000000136e+02 2.058844761343436858e-11
1.541100000000000136e+02 2.192192087580036031e-11
1.542350000000000136e+02 2.106392144041180359e-11
1.543750000000000000e+02 2.054197437151294992e-11
1.545000000000000000e+02 2.085656994332829584e-11
1.546250000000000000e+02 2.174317323411223413e-11
1.547659999999999911e+02 2.160374656945407423e-11
1.548909999999999911e+02 2.208637439604643760e-11
1.550159999999999911e+02 2.247247353481807153e-11
1.551409999999999911e+02 2.145359757899090170e-11
1.552820000000000107e+02 1.996281785709985712e-11
1.554219999999999970e+02 2.201129556400616138e-11
1.555469999999999970e+02 2.133562250483667100e-11
1.556879999999999882e+02 2.211139604746392706e-11
1.558129999999999882e+02 2.039897244177080182e-11
1.559540000000000077e+02 2.184327371756999980e-11
1.560790000000000077e+02 2.117474598439805789e-11
1.562040000000000077e+02 2.230087468857444577e-11
1.563439999999999941e+02 2.139997207217803066e-11
1.564689999999999941e+02 2.192192261052383628e-11
1.565939999999999941e+02 2.149292202546781994e-11
1.567350000000000136e+02 2.118904531001053471e-11
1.568600000000000136e+02 2.122479969557389268e-11
1.569850000000000136e+02 2.140712260234600706e-11
1.571250000000000000e+02 2.116759545423008149e-11
1.572500000000000000e+02 2.193264840577580088e-11
1.573750000000000000e+02 2.039896897232384987e-11
1.575000000000000000e+02 2.112469747739265102e-11
1.576409999999999911e+02 2.110681941724923405e-11
1.577820000000000107e+02 1.919777184444804163e-11
1.579070000000000107e+02 2.226155024209752753e-11
1.580469999999999970e+02 2.091019891958811883e-11
1.581719999999999970e+02 2.296225015685493531e-11
1.583129999999999882e+02 2.010224452175801702e-11
1.584379999999999882e+02 2.030602075375753657e-11
1.585629999999999882e+02 2.057414655309841578e-11
1.587040000000000077e+02 2.232589980943888719e-11
1.588290000000000077e+02 2.095667389623301347e-11
1.589540000000000077e+02 2.066351950658074088e-11
1.590939999999999941e+02 2.049192066033711512e-11
1.592189999999999941e+02 2.197912164769721954e-11
1.593600000000000136e+02 2.117474771912153386e-11
1.594850000000000136e+02 2.193979720122030130e-11
1.596250000000000000e+02 2.150006908618884438e-11
1.597500000000000000e+02 2.073501960409007694e-11
1.598750000000000000e+02 2.063849438571629946e-11
1.600000000000000000e+02 2.153224820666821415e-11
1.601409999999999911e+02 2.135349709553313602e-11
1.602659999999999911e+02 2.261190019947623142e-11
1.603909999999999911e+02 2.098169728237397891e-11
1.605320000000000107e+02 2.163592395520996803e-11
1.606570000000000107e+02 2.027742210253258293e-11
1.607820000000000107e+02 2.192549614088434851e-11
1.609219999999999970e+02 2.018089861888228143e-11
1.610469999999999970e+02 2.192907140596833671e-11
1.611879999999999882e+02 2.233662213524389983e-11
1.613129999999999882e+02 2.236522425591580543e-11
1.614540000000000077e+02 2.107464550094029221e-11
1.615790000000000077e+02 2.145359584426742572e-11
1.617189999999999941e+02 2.088517206400020143e-11
1.618439999999999941e+02 2.049192239506059110e-11
1.619850000000000136e+02 2.081367370121434135e-11
1.621100000000000136e+02 2.108537129619225681e-11
1.622350000000000136e+02 2.107464376621681623e-11
1.623600000000000136e+02 2.017374461926735307e-11
1.625000000000000000e+02 2.091734771503261925e-11
1.626250000000000000e+02 2.028814616306107155e-11
1.627500000000000000e+02 2.094237110117358469e-11
1.628909999999999911e+02 2.099242134290246753e-11
1.630159999999999911e+02 2.085656994332829584e-11
1.631409999999999911e+02 2.181467506634504616e-11
1.632820000000000107e+02 2.193979720122030130e-11
1.634070000000000107e+02 2.161804589506655105e-11
1.635320000000000107e+02 2.211139778218740304e-11
1.636719999999999970e+02 2.169312125765987531e-11
1.638129999999999882e+02 2.157157265314513239e-11
1.639379999999999882e+02 2.136779468642213686e-11
1.640790000000000077e+02 2.102101999412742117e-11
1.642040000000000077e+02 2.176462308989268735e-11
1.643439999999999941e+02 2.205777227537453200e-11
1.644689999999999941e+02 2.051694751592503252e-11
1.645939999999999941e+02 2.145717284407488989e-11
1.647189999999999941e+02 2.009509572631351659e-11
1.648600000000000136e+02 2.034892046531844301e-11
1.649850000000000136e+02 2.205419701029054380e-11
1.651250000000000000e+02 2.020949900483071104e-11
1.652500000000000000e+02 2.039539891141028960e-11
1.653909999999999911e+02 2.057772008345892800e-11
1.655159999999999911e+02 2.187544763387894164e-11
1.656409999999999911e+02 2.086014694313576001e-11
1.657820000000000107e+02 2.172529690869229313e-11
1.659070000000000107e+02 2.131416917960926583e-11
1.660320000000000107e+02 2.067782230164016966e-11
1.661719999999999970e+02 2.116402365859304524e-11
1.662969999999999970e+02 2.045259447913672091e-11
1.664219999999999970e+02 2.193979720122030130e-11
1.665629999999999882e+02 2.045974674402817328e-11
1.667040000000000077e+02 2.072786907392210054e-11
1.668290000000000077e+02 2.136422289078510062e-11
1.669540000000000077e+02 2.131417091433274180e-11
1.670939999999999941e+02 2.092092471484008342e-11
1.672189999999999941e+02 2.079222211071041215e-11
1.673439999999999941e+02 2.186472183862697705e-11
1.674689999999999941e+02 2.136779642114561284e-11
1.676100000000000136e+02 2.066352124130421686e-11
1.677500000000000000e+02 2.023452065624820051e-11
1.678750000000000000e+02 2.102817225901887355e-11
1.680000000000000000e+02 2.042399756263524324e-11
1.681409999999999911e+02 2.128199873274727594e-11
1.682659999999999911e+02 2.113542153792113965e-11
1.683909999999999911e+02 2.100314540343095615e-11
1.685320000000000107e+02 2.036679505601490803e-11
1.686570000000000107e+02 1.974117050385082450e-11
1.687820000000000107e+02 2.149292202546781994e-11
1.689219999999999970e+02 2.131774791414020598e-11
1.690469999999999970e+02 2.143214772321044848e-11
1.691719999999999970e+02 2.123194675629491712e-11
1.693129999999999882e+02 2.230444474948800604e-11
1.694379999999999882e+02 2.088517206400020143e-11
1.695629999999999882e+02 2.112112221230866282e-11
1.697040000000000077e+02 2.116402192386956926e-11
1.698290000000000077e+02 2.063849438571629946e-11
1.699689999999999941e+02 2.050622172067306792e-11
1.700939999999999941e+02 2.083154655718733039e-11
1.702189999999999941e+02 2.077077225492995893e-11
1.703600000000000136e+02 2.077792278509793533e-11
1.705000000000000000e+02 2.194337420102776548e-11
1.706250000000000000e+02 2.045617494839113704e-11
1.707500000000000000e+02 2.160017130437008603e-11
1.708909999999999911e+02 2.065279371132877628e-11
1.710159999999999911e+02 2.266195391065206621e-11
1.711409999999999911e+02 2.114972433298056842e-11
1.712820000000000107e+02 2.172887043905280535e-11
1.714219999999999970e+02 2.189689922438287084e-11
1.715469999999999970e+02 2.198627217786519594e-11
1.716719999999999970e+02 2.043472162316373186e-11
1.718129999999999882e+02 1.980194827555514792e-11
1.719379999999999882e+02 2.064564665060775184e-11
1.720629999999999882e+02 2.077434752001394713e-11
1.721879999999999882e+02 2.056699949237739133e-11
1.723290000000000077e+02 2.077792105037445936e-11
