Start time (s) =
1547810437
'Reltime', '44.00[A]'
0.000000000000000000e+00 2.043471815371677991e-11
1.250000000000000000e-01 1.997711718271233394e-11
2.660000000000000142e-01 2.086372047349627223e-11
3.910000000000000142e-01 2.109252009163675723e-11
5.160000000000000142e-01 1.940154287227713326e-11
6.560000000000000275e-01 1.936222016052369099e-11
7.810000000000000275e-01 2.002716915916469276e-11
9.060000000000000275e-01 1.967324740614895262e-11
1.046999999999999931e+00 2.106749844021926776e-11
1.171999999999999931e+00 1.991634634990191444e-11
1.296999999999999931e+00 2.004862074966862195e-11
1.421999999999999931e+00 1.999857050793973912e-11
1.562999999999999945e+00 2.038109785107433680e-11
1.687999999999999945e+00 2.072429554356158832e-11
1.812999999999999945e+00 1.948734749956937407e-11
1.952999999999999847e+00 1.908337030065432316e-11
2.077999999999999847e+00 1.910839542151876458e-11
2.202999999999999847e+00 2.092807004083763189e-11
2.343999999999999861e+00 1.948019349995444571e-11
2.468999999999999861e+00 2.119619584017851111e-11
2.593999999999999861e+00 2.047047080455666190e-11
2.734999999999999876e+00 2.063492259007926322e-11
2.859999999999999876e+00 2.018804394487982989e-11
2.984999999999999876e+00 2.072429727828506429e-11
3.125000000000000000e+00 2.024881998186067733e-11
3.266000000000000014e+00 2.060632220413083360e-11
3.391000000000000014e+00 2.097454501748252653e-11
3.516000000000000014e+00 1.924066982128547210e-11
3.656000000000000139e+00 2.040254423740783807e-11
3.781000000000000139e+00 2.042756935827227949e-11
3.906000000000000139e+00 2.094594636625757289e-11
4.030999999999999694e+00 2.078507331526591173e-11
4.171999999999999709e+00 2.001644683335968011e-11
4.296999999999999709e+00 1.951594268134737575e-11
4.421999999999999709e+00 2.022736839135674813e-11
4.562999999999999723e+00 1.959459330902468821e-11
4.687999999999999723e+00 1.974474576893481270e-11
4.812999999999999723e+00 1.963749128586211867e-11
4.953000000000000291e+00 2.034892220004191898e-11
5.094000000000000306e+00 2.000214403830025134e-11
5.219000000000000306e+00 1.973759523876683630e-11
5.344000000000000306e+00 1.946946943942595709e-11
5.485000000000000320e+00 1.984842151747656658e-11
5.625000000000000000e+00 1.933719677438272555e-11
5.750000000000000000e+00 2.070284742250461107e-11
5.875000000000000000e+00 1.919419310991710148e-11
6.016000000000000014e+00 1.955884412763175817e-11
6.141000000000000014e+00 2.077434752001394713e-11
6.266000000000000014e+00 1.978407021541173094e-11
6.391000000000000014e+00 1.960531910427665281e-11
6.530999999999999694e+00 1.975904509454728952e-11
6.655999999999999694e+00 1.879379291080951475e-11
6.780999999999999694e+00 1.940511813736112146e-11
6.921999999999999709e+00 1.995209900074179643e-11
7.046999999999999709e+00 1.924066808656199612e-11
7.171999999999999709e+00 2.036679679073838400e-11
7.312999999999999723e+00 2.031317128392551297e-11
7.437999999999999723e+00 1.945517011381348027e-11
7.562999999999999723e+00 1.926212141178940129e-11
7.703000000000000291e+00 2.037037205582237220e-11
7.844000000000000306e+00 1.971614538298638308e-11
7.969000000000000306e+00 2.054197090206599796e-11
8.093999999999999417e+00 2.048119659980862650e-11
8.234999999999999432e+00 1.964107002039305883e-11
8.375000000000000000e+00 1.906906924031837036e-11
8.500000000000000000e+00 1.954096953693529315e-11
8.625000000000000000e+00 1.933004624421474915e-11
8.750000000000000000e+00 2.024166945169270093e-11
8.891000000000000014e+00 2.055269496259448658e-11
9.016000000000000014e+00 1.927284373759441394e-11
9.141000000000000014e+00 1.969112026212194166e-11
9.281000000000000583e+00 2.024167292113965289e-11
9.422000000000000597e+00 2.018447214924279365e-11
9.547000000000000597e+00 1.885099541742984997e-11
9.672000000000000597e+00 1.943729552311701525e-11
9.813000000000000611e+00 2.021307080046774729e-11
9.938000000000000611e+00 1.982339813133560114e-11
1.006300000000000061e+01 2.031317301864898894e-11
1.020299999999999940e+01 1.937294422105217961e-11
1.032799999999999940e+01 2.037036858637542025e-11
1.045299999999999940e+01 2.023094712588768829e-11
1.059399999999999942e+01 2.109967235652820960e-11
1.071899999999999942e+01 2.050621998594959194e-11
1.084399999999999942e+01 1.892249204549223407e-11
1.098499999999999943e+01 1.956956992288372277e-11
1.110999999999999943e+01 2.041684703246726684e-11
1.123499999999999943e+01 1.972329591315435948e-11
1.137500000000000000e+01 2.079222211071041215e-11
1.150000000000000000e+01 2.026312277692010611e-11
1.164100000000000001e+01 2.024882171658415331e-11
1.176600000000000001e+01 2.009867099139750479e-11
1.190600000000000058e+01 1.963034075569414227e-11
1.203100000000000058e+01 2.082439602701935399e-11
1.217200000000000060e+01 2.018804567960330587e-11
1.229700000000000060e+01 1.876162072922404889e-11
1.242200000000000060e+01 1.915129513307967102e-11
1.256300000000000061e+01 1.924424508636946030e-11
1.268800000000000061e+01 2.017732161907481725e-11
1.281300000000000061e+01 2.104247505407830232e-11
1.295299999999999940e+01 2.062419852955077459e-11
1.307799999999999940e+01 1.968754499703795346e-11
1.320299999999999940e+01 1.927641726795492616e-11
1.334399999999999942e+01 2.036679852546185998e-11
1.346899999999999942e+01 1.997354712179877367e-11
1.359399999999999942e+01 2.017374635399082905e-11
1.373499999999999943e+01 2.060632220413083360e-11
1.385999999999999943e+01 1.904761764981444117e-11
1.400000000000000000e+01 1.968754499703795346e-11
1.412500000000000000e+01 2.087087273838772461e-11
1.426600000000000001e+01 1.973401997368284810e-11
1.439100000000000001e+01 2.075647292931748211e-11
1.453100000000000058e+01 2.014514423331892345e-11
1.465600000000000058e+01 2.087802153383222503e-11
1.478100000000000058e+01 1.980552007119218416e-11
1.492200000000000060e+01 2.034892046531844301e-11
1.504700000000000060e+01 1.917989725375157661e-11
1.517200000000000060e+01 2.053839390225853379e-11
1.531300000000000061e+01 2.039182191160282542e-11
1.543800000000000061e+01 2.081367196649086537e-11
1.556300000000000061e+01 1.961962189933608158e-11
1.570299999999999940e+01 2.018089514943532947e-11
1.582799999999999940e+01 2.030959775356500074e-11
1.595299999999999940e+01 1.984577606417570195e-11
1.609400000000000119e+01 2.031317128392551297e-11
1.621900000000000119e+01 1.937652122085964379e-11
1.635999999999999943e+01 1.951594441607085173e-11
1.648499999999999943e+01 2.053839563698200976e-11
1.660999999999999943e+01 2.087444626874823683e-11
1.675000000000000000e+01 1.905119811906885730e-11
1.689099999999999824e+01 1.947304643923342127e-11
1.701599999999999824e+01 1.900114614261649848e-11
1.714099999999999824e+01 1.945517011381348027e-11
1.728099999999999881e+01 1.978764721521919512e-11
1.740599999999999881e+01 1.995924779618629685e-11
1.753099999999999881e+01 2.058844587871089260e-11
1.767200000000000060e+01 2.054554269770303421e-11
1.779700000000000060e+01 2.014157243768188721e-11
1.793799999999999883e+01 2.012012258190143399e-11
1.806299999999999883e+01 1.964822055056103522e-11
1.820299999999999940e+01 2.049907119050509152e-11
1.832799999999999940e+01 2.020234673993925867e-11
1.845299999999999940e+01 2.053124337209055739e-11
1.859400000000000119e+01 1.976619388999178994e-11
1.871900000000000119e+01 1.998426944760378632e-11
1.884400000000000119e+01 1.904404411945392894e-11
1.898499999999999943e+01 2.008794346142206422e-11
1.910999999999999943e+01 1.955169533218725775e-11
1.925000000000000000e+01 2.048477186489261470e-11
1.937500000000000000e+01 2.076362172476198253e-11
1.950000000000000000e+01 2.010939505192599341e-11
1.964099999999999824e+01 2.103532105446337397e-11
1.976599999999999824e+01 1.915486866344018324e-11
1.989099999999999824e+01 2.079937090615491257e-11
2.003099999999999881e+01 1.961604663425209338e-11
2.015599999999999881e+01 2.030959775356500074e-11
2.029700000000000060e+01 2.056341902312297520e-11
2.042200000000000060e+01 1.946589764378892085e-11
2.056299999999999883e+01 2.065279718077572824e-11
2.068799999999999883e+01 2.020234673993925867e-11
2.081299999999999883e+01 1.820034054023089709e-11
2.095299999999999940e+01 2.088517206400020143e-11
2.107799999999999940e+01 1.997354365235182172e-11
2.120299999999999940e+01 2.109609362199726945e-11
2.132799999999999940e+01 1.944801958364550387e-11
2.146900000000000119e+01 1.976976742035230217e-11
2.159400000000000119e+01 2.046332027438868550e-11
2.171900000000000119e+01 2.082082076193536579e-11
2.185999999999999943e+01 1.969827079228991806e-11
2.198499999999999943e+01 1.960889436936064101e-11
2.210999999999999943e+01 1.885099541742984997e-11
2.225000000000000000e+01 2.072787427809252847e-11
2.237500000000000000e+01 1.861861879948190079e-11
2.251599999999999824e+01 1.999857050793973912e-11
2.264099999999999824e+01 2.043472162316373186e-11
2.278099999999999881e+01 2.040254597213131404e-11
2.292200000000000060e+01 1.855427096686401711e-11
2.304700000000000060e+01 1.959459504374816419e-11
2.317200000000000060e+01 2.062061979501983444e-11
2.331299999999999883e+01 2.016302055873886445e-11
2.343799999999999883e+01 1.893322131019115062e-11
2.356299999999999883e+01 2.025597051202865373e-11
2.368799999999999883e+01 2.022022306535919967e-11
2.382799999999999940e+01 2.041684356302031489e-11
2.395299999999999940e+01 1.959817204355562836e-11
2.407799999999999940e+01 1.998069591724327410e-11
2.421900000000000119e+01 1.974474576893481270e-11
2.434400000000000119e+01 2.096382095695403791e-11
2.446900000000000119e+01 1.855069396705655294e-11
2.460999999999999943e+01 1.930144585826631953e-11
2.473499999999999943e+01 1.950164335573489893e-11
2.487500000000000000e+01 1.886529127359537483e-11
2.500000000000000000e+01 1.928357126756985451e-11
2.514099999999999824e+01 1.895467116597160384e-11
2.528099999999999881e+01 1.983054692678010156e-11
2.540599999999999881e+01 1.977692141996723052e-11
2.553099999999999881e+01 2.074575233823594544e-11
2.567200000000000060e+01 2.016302229346234043e-11
2.579700000000000060e+01 1.971614711770985906e-11
2.592200000000000060e+01 2.029171969342158377e-11
2.604700000000000060e+01 2.070999274850215954e-11
2.618799999999999883e+01 1.937294422105217961e-11
2.631299999999999883e+01 1.917274672358360021e-11
2.643799999999999883e+01 2.043829515352424409e-11
2.657799999999999940e+01 2.014871949840291165e-11
2.671900000000000119e+01 2.065279718077572824e-11
2.684400000000000119e+01 1.973044297387538393e-11
2.696900000000000119e+01 1.941941919769707425e-11
2.710999999999999943e+01 1.938366828158066824e-11
2.723499999999999943e+01 2.005577474928355031e-11
2.735999999999999943e+01 2.001286983355221594e-11
2.750000000000000000e+01 2.113184453811367547e-11
2.762500000000000000e+01 1.962677242950405798e-11
2.775000000000000000e+01 2.085299641296778361e-11
2.789099999999999824e+01 2.047404780436412608e-11
2.801599999999999824e+01 1.948377049976190989e-11
2.814099999999999824e+01 2.011297205173345759e-11
2.828099999999999881e+01 2.065994944566718061e-11
2.840599999999999881e+01 1.955884412763175817e-11
2.854700000000000060e+01 1.990562228937342582e-11
2.867200000000000060e+01 1.968039446686997707e-11
2.879700000000000060e+01 2.046332027438868550e-11
2.893799999999999883e+01 2.087802500327917699e-11
2.907799999999999940e+01 2.009152219595300437e-11
2.920299999999999940e+01 1.959817030883215239e-11
2.932799999999999940e+01 1.945517358326043222e-11
2.946900000000000119e+01 1.918704431447260106e-11
2.959400000000000119e+01 1.933004624421474915e-11
2.971900000000000119e+01 1.942656799314157468e-11
2.985999999999999943e+01 2.003074615897215693e-11
2.998499999999999943e+01 1.938724528138813241e-11
3.010999999999999943e+01 2.027384336800164277e-11
3.025000000000000000e+01 1.938724701611160839e-11
3.037500000000000000e+01 2.101387119868292075e-11
3.050000000000000000e+01 2.049907292522856750e-11
3.064099999999999824e+01 2.013084317298297066e-11
3.076599999999999824e+01 2.024167292113965289e-11
3.090599999999999881e+01 1.937294595577565559e-11
3.103099999999999881e+01 1.844701995323827504e-11
3.115599999999999881e+01 1.999499350813227494e-11
3.129700000000000060e+01 1.992707041043040306e-11
3.143799999999999883e+01 2.040969476757581447e-11
3.156299999999999883e+01 2.018447214924279365e-11
3.168799999999999883e+01 1.996997012199130950e-11
3.182799999999999940e+01 1.927999253303891436e-11
3.195299999999999940e+01 2.079580084524135231e-11
3.207800000000000296e+01 1.954096953693529315e-11
3.221900000000000119e+01 2.046332374383563746e-11
3.234400000000000119e+01 2.013799543787442303e-11
3.246900000000000119e+01 1.977334615488324232e-11
3.260999999999999943e+01 2.007364760525653935e-11
3.273499999999999943e+01 1.919062131428006523e-11
3.285999999999999943e+01 2.028456916325360737e-11
3.300000000000000000e+01 1.987344663834100800e-11
3.314099999999999824e+01 2.164664975046193263e-11
3.326599999999999824e+01 2.020592373974672284e-11
3.339099999999999824e+01 2.007192502484489438e-11
3.351599999999999824e+01 1.916917145849961202e-11
3.365599999999999881e+01 1.874374440380410789e-11
3.378099999999999881e+01 2.031316954920203699e-11
3.390599999999999881e+01 1.905119291489842936e-11
3.404699999999999704e+01 1.857571908792099435e-11
3.417199999999999704e+01 2.032389707917747756e-11
3.429699999999999704e+01 2.034892220004191898e-11
3.443800000000000239e+01 2.060989573449134582e-11
3.457800000000000296e+01 2.078149631545844755e-11
3.470300000000000296e+01 2.082796955737986622e-11
3.482800000000000296e+01 1.963034769458804618e-11
3.496900000000000119e+01 2.012012084717795801e-11
3.510999999999999943e+01 1.998427118232726230e-11
3.523499999999999943e+01 2.034534693495793078e-11
3.535999999999999943e+01 1.953024547640680453e-11
3.550000000000000000e+01 1.942656972786505065e-11
3.562500000000000000e+01 1.958029571813568737e-11
3.575000000000000000e+01 2.121049863523793988e-11
3.589099999999999824e+01 1.981982113152813696e-11
3.601599999999999824e+01 2.011297205173345759e-11
3.614099999999999824e+01 2.079579564107092438e-11
3.626599999999999824e+01 1.912269474713124140e-11
3.640599999999999881e+01 1.939797107664009701e-11
3.653099999999999881e+01 1.984127272203206616e-11
3.665599999999999881e+01 1.992707214515387903e-11
3.679699999999999704e+01 2.041684876719074282e-11
3.693800000000000239e+01 1.923352276056444765e-11
3.706300000000000239e+01 1.993421920587490348e-11
3.718800000000000239e+01 1.978049495032774274e-11
3.732800000000000296e+01 1.979837127574768374e-11
3.745300000000000296e+01 1.986272084308904340e-11
3.759400000000000119e+01 1.970184779209738224e-11
3.771900000000000119e+01 1.965179581564502342e-11
3.785999999999999943e+01 1.967324567142547664e-11
3.798499999999999943e+01 1.906191871015039396e-11
3.810999999999999943e+01 1.942657146258852663e-11
3.825000000000000000e+01 1.925139561653743669e-11
3.837500000000000000e+01 1.943729725784049123e-11
3.850000000000000000e+01 2.013084664242992261e-11
3.864099999999999824e+01 2.001644336391272816e-11
3.876599999999999824e+01 1.978407021541173094e-11
3.890599999999999881e+01 1.921921996550501888e-11
3.903099999999999881e+01 1.954096780221181717e-11
3.915599999999999881e+01 1.945874364417399249e-11
3.929699999999999704e+01 2.044187215333170826e-11
3.942199999999999704e+01 1.945159658345296805e-11
3.954699999999999704e+01 1.974832276874227688e-11
3.968800000000000239e+01 1.939796934191662103e-11
3.981300000000000239e+01 1.994137320548983183e-11
3.993800000000000239e+01 2.012726964262245843e-11
4.007800000000000296e+01 2.074217186898152931e-11
4.021900000000000119e+01 1.980909360155269638e-11
4.034400000000000119e+01 2.062419679482729862e-11
4.046900000000000119e+01 1.894394537071963924e-11
4.060999999999999943e+01 2.007722113561705157e-11
4.073499999999999943e+01 1.958387098321967557e-11
4.085999999999999943e+01 2.067424530183270548e-11
4.098499999999999943e+01 2.148577323002331951e-11
4.112500000000000000e+01 1.975904335982381355e-11
4.126599999999999824e+01 2.140354733726201886e-11
4.139099999999999824e+01 1.947304470450994529e-11
4.151599999999999824e+01 2.015229649821037583e-11
4.165599999999999881e+01 2.029529669322904795e-11
4.178099999999999881e+01 2.002001862899671636e-11
4.190599999999999881e+01 2.001287330299916789e-11
4.204699999999999704e+01 2.045974674402817328e-11
4.217199999999999704e+01 1.889389339426728043e-11
4.229699999999999704e+01 1.956599639252321055e-11
4.243800000000000239e+01 1.885456894779036219e-11
4.256300000000000239e+01 1.970541958773441849e-11
4.268800000000000239e+01 1.911912121677072918e-11
4.282800000000000296e+01 2.057772181818240398e-11
4.295300000000000296e+01 1.984484451766910240e-11
4.307800000000000296e+01 2.057984165027004764e-11
4.321900000000000119e+01 1.913342054238320600e-11
4.335999999999999943e+01 1.958744624830366377e-11
4.348499999999999943e+01 1.934792083491121417e-11
4.362500000000000000e+01 1.911911948204725320e-11
4.375000000000000000e+01 2.091734598030914327e-11
4.387500000000000000e+01 2.490705211521948570e-11
4.401599999999999824e+01 2.795652945253301880e-11
4.414099999999999824e+01 2.892893043171529399e-11
4.426599999999999824e+01 2.824967690329138748e-11
4.440599999999999881e+01 2.727370412847207604e-11
4.453099999999999881e+01 2.798870683828891259e-11
4.465599999999999881e+01 2.964035267227771442e-11
4.479699999999999704e+01 2.796725524778498340e-11
4.492199999999999704e+01 2.970470397434255005e-11
4.504699999999999704e+01 2.820677372228352908e-11
4.518800000000000239e+01 2.909338221723789530e-11
4.531300000000000239e+01 2.885743206892943391e-11
4.543800000000000239e+01 2.815673041944855015e-11
4.557800000000000296e+01 3.045188060046832845e-11
4.571900000000000119e+01 2.920063149614016140e-11
4.584400000000000119e+01 2.791362974097211236e-11
4.596900000000000119e+01 3.035893411662549113e-11
4.609400000000000119e+01 2.946160329586611226e-11
4.623499999999999943e+01 2.941513352339164555e-11
4.637500000000000000e+01 2.907193062673396611e-11
4.650000000000000000e+01 2.986915575986515137e-11
4.662500000000000000e+01 2.891820637118680537e-11
4.676599999999999824e+01 2.934720175207239379e-11
4.689099999999999824e+01 3.003718107574826490e-11
4.701599999999999824e+01 2.801015495934588984e-11
4.715599999999999881e+01 2.906478183128946569e-11
4.729699999999999704e+01 3.003003401502724046e-11
4.742199999999999704e+01 2.910768154285037213e-11
4.754699999999999704e+01 3.011225643834158916e-11
4.768800000000000239e+01 2.945087923533762364e-11
4.781300000000000239e+01 2.913985719388278994e-11
4.793800000000000239e+01 2.864650704148541394e-11
4.807800000000000296e+01 3.124553046851552551e-11
4.820300000000000296e+01 2.850707864210377807e-11
4.832800000000000296e+01 2.834620385638864093e-11
4.845300000000000296e+01 2.932932716137592877e-11
4.859400000000000119e+01 2.890032484159643644e-11
4.871900000000000119e+01 2.972972909520699147e-11
4.884400000000000119e+01 2.979765392763233933e-11
4.898499999999999943e+01 3.045188060046832845e-11
4.912500000000000000e+01 2.892178163627079357e-11
4.925000000000000000e+01 2.822822878223441023e-11
4.937500000000000000e+01 2.911840560337886075e-11
4.951599999999999824e+01 2.907550762654143028e-11
4.965599999999999881e+01 2.977620233712841014e-11
4.978099999999999881e+01 2.835335438655661733e-11
4.990599999999999881e+01 2.953668212790638847e-11
5.004699999999999704e+01 2.991205200197910585e-11
5.017199999999999704e+01 2.862863071606547294e-11
5.029699999999999704e+01 2.904333024078553649e-11
5.043800000000000239e+01 2.859288153467254290e-11
5.056300000000000239e+01 2.813885235930513318e-11
5.068800000000000239e+01 2.938123702667105874e-11
5.081300000000000239e+01 2.869655554849082080e-11
5.095300000000000296e+01 3.036608117734651557e-11
5.107800000000000296e+01 2.956528077913134211e-11
5.120300000000000296e+01 2.798155457339746022e-11
5.134400000000000119e+01 2.791363147569558834e-11
5.146900000000000119e+01 2.789217815046818316e-11
5.159400000000000119e+01 3.063420697668739479e-11
5.173499999999999943e+01 2.861075439064553194e-11
5.187500000000000000e+01 2.950807306834057897e-11
5.200000000000000000e+01 2.955098318824234127e-11
5.212500000000000000e+01 2.975833121587889707e-11
5.226599999999999824e+01 2.958315190038085518e-11
5.240599999999999881e+01 2.958673236963527131e-11
5.253099999999999881e+01 2.794937718764156642e-11
5.265599999999999881e+01 2.969756038306847756e-11
5.279699999999999704e+01 2.830687767518824671e-11
5.292199999999999704e+01 2.873230472988375084e-11
5.304699999999999704e+01 2.911840560337886075e-11
5.318800000000000239e+01 2.961175749049971273e-11
5.331300000000000239e+01 2.841413042353746476e-11
5.345300000000000296e+01 2.891820637118680537e-11
5.357800000000000296e+01 2.918990049671776887e-11
5.370300000000000296e+01 2.951523053740245928e-11
5.384400000000000119e+01 3.016945374079149644e-11
5.396900000000000119e+01 3.084513547357836671e-11
5.409400000000000119e+01 2.816745621470051475e-11
5.423499999999999943e+01 2.974046009462938400e-11
5.435999999999999943e+01 2.976189780734550538e-11
5.448499999999999943e+01 3.036607423845261167e-11
5.462500000000000000e+01 2.893608269660674637e-11
5.475000000000000000e+01 3.038752929840349282e-11
5.487500000000000000e+01 2.900399885541471434e-11
5.501599999999999824e+01 2.918990743561167278e-11
5.515599999999999881e+01 2.994065065320405949e-11
5.528099999999999881e+01 2.995852871334747647e-11
5.540599999999999881e+01 2.917560637527571998e-11
5.554699999999999704e+01 3.060560832546244114e-11
5.567199999999999704e+01 2.985842822988971079e-11
5.579699999999999704e+01 3.010047419649275469e-11
5.593800000000000239e+01 2.940083246305569276e-11
5.606300000000000239e+01 2.950093988540736234e-11
5.620300000000000296e+01 2.919705449633269723e-11
5.632800000000000296e+01 2.842485795351290534e-11
5.645300000000000296e+01 2.952238453701738763e-11
5.659400000000000119e+01 2.896825314346873625e-11
5.671900000000000119e+01 3.015873314970995978e-11
5.684400000000000119e+01 3.015158261954198338e-11
5.698499999999999943e+01 2.941155999303113333e-11
5.710999999999999943e+01 2.969756038306847756e-11
5.723499999999999943e+01 3.022308098232784346e-11
5.737500000000000000e+01 2.925425526822955646e-11
5.750000000000000000e+01 2.952238106757043568e-11
5.762500000000000000e+01 3.012655402923059000e-11
5.776599999999999824e+01 3.021950745196733124e-11
5.790599999999999881e+01 3.021950398252037928e-11
5.803099999999999881e+01 2.957600483965983074e-11
5.815599999999999881e+01 2.989418088072959279e-11
5.829699999999999704e+01 2.931145257067946375e-11
5.842199999999999704e+01 2.842485621878942936e-11
5.856300000000000239e+01 3.024810263374533292e-11
5.868800000000000239e+01 2.993708753118440313e-11
5.881300000000000239e+01 2.901829991575066714e-11
5.895300000000000296e+01 2.915057778496432661e-11
5.907800000000000296e+01 3.028028175422470269e-11
5.920300000000000296e+01 3.022308445177479541e-11
5.934400000000000119e+01 2.934721216041324965e-11
5.946900000000000119e+01 2.907193062673396611e-11
5.959400000000000119e+01 2.950807653778753092e-11
5.973499999999999943e+01 2.942228058411267000e-11
5.985999999999999943e+01 2.911482860357139657e-11
5.998499999999999943e+01 2.941155652358418138e-11
6.012500000000000000e+01 3.077363017189860273e-11
6.026599999999999824e+01 2.914343072424330217e-11
6.039099999999999824e+01 2.972615556484647925e-11
6.051599999999999824e+01 2.949378588579243399e-11
6.065599999999999881e+01 3.098812526025618297e-11
6.078099999999999881e+01 2.888960425051489977e-11
6.092199999999999704e+01 3.054483402320506968e-11
6.104699999999999704e+01 3.048047925169328209e-11
6.117199999999999704e+01 2.939367846344076440e-11
6.131300000000000239e+01 2.895395381785625943e-11
6.143800000000000239e+01 2.889675651540635215e-11
6.156300000000000239e+01 3.080223229257050832e-11
6.170300000000000296e+01 2.886815439473444656e-11
6.182800000000000296e+01 2.858930800431203068e-11
6.196900000000000119e+01 2.920420502650067363e-11
6.209400000000000119e+01 3.046379815074828912e-11
6.223499999999999943e+01 2.986915922931210332e-11
6.235999999999999943e+01 2.941155305413722942e-11
6.248499999999999943e+01 3.129201411877780004e-11
6.262500000000000000e+01 2.948305488637004146e-11
6.275000000000000000e+01 2.827470549360278085e-11
6.287500000000000000e+01 3.036608464679346753e-11
6.301599999999999824e+01 2.888960425051489977e-11
6.314099999999999824e+01 2.943313995307228481e-11
6.326599999999999824e+01 3.040540735854690979e-11
6.339099999999999824e+01 3.036608464679346753e-11
6.353099999999999881e+01 3.048047925169328209e-11
6.365599999999999881e+01 2.877162917636066908e-11
6.379699999999999704e+01 2.868940501832284440e-11
6.392199999999999704e+01 2.891820290173985342e-11
6.406300000000000239e+01 2.925783226803702064e-11
6.418800000000000239e+01 3.097383113881413408e-11
6.432800000000000296e+01 2.931502957048692792e-11
6.445300000000000296e+01 2.880380309266961092e-11
6.459399999999999409e+01 2.925068173786904424e-11
6.471899999999999409e+01 3.003002707613333655e-11
6.484399999999999409e+01 2.993708059229049923e-11
6.498499999999999943e+01 2.976190821568636125e-11
6.510999999999999943e+01 2.930430897940539126e-11
6.523499999999999943e+01 3.079866223165694805e-11
6.537500000000000000e+01 2.940798646267062111e-11
6.550000000000000000e+01 3.017303074059896062e-11
6.564100000000000534e+01 2.879665776667206245e-11
6.576600000000000534e+01 2.910410107359595600e-11
6.589100000000000534e+01 2.991920253214708225e-11
6.603100000000000591e+01 2.876805391127668088e-11
6.615600000000000591e+01 2.938652793327278800e-11
6.628100000000000591e+01 3.164593240234658822e-11
6.642199999999999704e+01 3.007451926384518970e-11
6.654699999999999704e+01 3.011940696850956556e-11
6.667199999999999704e+01 2.992993006212252283e-11
6.681300000000000239e+01 3.031245740525712051e-11
6.695300000000000296e+01 2.860360559520103152e-11
6.707800000000000296e+01 3.002288001541231210e-11
6.720300000000000296e+01 2.969398338326101339e-11
6.734399999999999409e+01 3.008365778711663552e-11
6.746899999999999409e+01 2.854283129294366006e-11
6.759399999999999409e+01 2.882882821353405234e-11
6.773499999999999943e+01 3.063420350724044283e-11
6.785999999999999943e+01 3.003718454519521686e-11
6.800000000000000000e+01 3.088803171569232120e-11
6.812500000000000000e+01 3.003718107574826490e-11
6.825000000000000000e+01 3.117045857536915321e-11
6.839100000000000534e+01 2.998713083401938206e-11
6.851600000000000534e+01 3.042685547960388703e-11
6.864100000000000534e+01 3.042327501034947090e-11
6.878100000000000591e+01 3.116330804520117681e-11
6.890600000000000591e+01 2.937580734219125134e-11
6.903100000000000591e+01 3.029815287547421576e-11
6.917199999999999704e+01 3.004075460610877712e-11
6.931300000000000239e+01 3.107035462246443558e-11
6.943800000000000239e+01 2.894680675713523499e-11
6.956300000000000239e+01 3.135635848194873176e-11
6.970300000000000296e+01 2.928113654321329307e-11
6.982800000000000296e+01 3.048405278205379432e-11
6.995300000000000296e+01 3.055913161409407053e-11
7.009399999999999409e+01 3.005505566644472992e-11
7.021899999999999409e+01 3.088445471588485702e-11
7.034399999999999409e+01 2.965823073242113139e-11
7.048499999999999943e+01 3.018375133168049729e-11
7.060999999999999943e+01 2.958315190038085518e-11
7.075000000000000000e+01 3.064135403740841923e-11
7.087500000000000000e+01 2.976905180696043374e-11
7.100000000000000000e+01 2.962963555064312970e-11
7.114100000000000534e+01 2.976190821568636125e-11
7.126600000000000534e+01 3.114543345450471179e-11
7.139100000000000534e+01 2.888960425051489977e-11
7.153100000000000591e+01 3.039110282876400504e-11
7.165600000000000591e+01 3.097025760845362186e-11
7.178100000000000591e+01 3.124195693815501329e-11
7.192199999999999704e+01 3.000500542471584708e-11
7.204699999999999704e+01 3.102388831943692082e-11
7.217199999999999704e+01 3.108107868299292420e-11
7.231300000000000239e+01 3.085585606465990338e-11
7.243800000000000239e+01 3.044526089568400096e-11
7.257800000000000296e+01 2.931503650938083183e-11
7.270300000000000296e+01 3.130988524002731310e-11
7.284399999999999409e+01 3.011225296889463721e-11
7.296899999999999409e+01 3.000857895507635931e-11
7.310999999999999943e+01 2.975833121587889707e-11
7.323499999999999943e+01 3.064851150647029954e-11
7.335999999999999943e+01 3.045903113063630485e-11
7.350000000000000000e+01 3.141713625365305518e-11
7.362500000000000000e+01 2.992993006212252283e-11
7.375000000000000000e+01 2.952238106757043568e-11
7.389100000000000534e+01 2.961175749049971273e-11
7.401600000000000534e+01 3.115257704577878428e-11
7.414100000000000534e+01 3.174960988561181807e-11
7.428100000000000591e+01 2.929358144942995068e-11
7.440600000000000591e+01 3.035178011701056278e-11
7.453100000000000591e+01 3.022665798213530763e-11
7.467199999999999704e+01 3.071642593055479153e-11
7.479699999999999704e+01 3.006340315581113032e-11
7.493800000000000239e+01 2.969040638345354921e-11
7.506300000000000239e+01 2.971186144340443036e-11
7.520300000000000296e+01 2.999427789474040651e-11
7.532800000000000296e+01 3.058773026531902417e-11
7.545300000000000296e+01 3.053767308469623742e-11
7.559399999999999409e+01 2.966538126258910779e-11
7.571899999999999409e+01 3.095953354792513323e-11
7.585999999999999943e+01 3.051265490272569991e-11
7.598499999999999943e+01 3.003717760630131295e-11
7.610999999999999943e+01 2.920063149614016140e-11
7.625000000000000000e+01 3.044114960104593592e-11
7.637500000000000000e+01 3.010868290798107694e-11
7.650000000000000000e+01 3.000778792117131388e-11
7.664100000000000534e+01 2.951880753720992345e-11
7.678100000000000591e+01 3.002288348485926406e-11
7.690600000000000591e+01 2.979050339746436293e-11
7.703100000000000591e+01 3.093450842706069182e-11
7.717199999999999704e+01 2.954025218881994874e-11
7.729699999999999704e+01 3.035893411662549113e-11
7.742199999999999704e+01 3.098455866878957465e-11
7.756300000000000239e+01 2.837837950742105875e-11
7.768800000000000239e+01 3.020163633071781817e-11
7.781300000000000239e+01 3.153511132780728587e-11
7.795300000000000296e+01 2.941155999303113333e-11
7.807800000000000296e+01 3.011583343814905334e-11
7.820300000000000296e+01 2.928643091926197428e-11
7.832800000000000296e+01 2.975118068571092067e-11
7.846899999999999409e+01 2.938295440291227578e-11
7.860999999999999943e+01 2.987273622911956750e-11
7.873499999999999943e+01 3.065923556699878816e-11
7.885999999999999943e+01 2.993350706192998700e-11
7.900000000000000000e+01 3.074860852048111326e-11
7.914100000000000534e+01 2.900678655604060907e-11
7.926600000000000534e+01 3.041612794962844646e-11
7.939100000000000534e+01 3.177463153702930754e-11
7.953100000000000591e+01 2.996210571315494064e-11
7.965600000000000591e+01 3.078077723261962717e-11
7.978100000000000591e+01 3.242885820986529666e-11
7.992199999999999704e+01 3.022665798213530763e-11
8.004699999999999704e+01 3.004075460610877712e-11
8.017199999999999704e+01 2.933290416118339294e-11
8.031300000000000239e+01 3.244315927020124946e-11
8.043800000000000239e+01 3.191405473224051548e-11
8.056300000000000239e+01 3.026955769369621407e-11
8.068800000000000239e+01 2.991562553233961808e-11
8.082800000000000296e+01 3.014800908918147115e-11
8.096899999999999409e+01 3.123480293854008494e-11
8.109399999999999409e+01 3.018733180093491342e-11
8.121899999999999409e+01 3.058416020440546390e-11
8.135999999999999943e+01 3.141713278420610322e-11
8.148499999999999943e+01 3.165308293251456462e-11
8.162500000000000000e+01 2.895753255238719959e-11
8.175000000000000000e+01 2.946160676531306422e-11
8.189100000000000534e+01 3.154940544924933477e-11
8.201600000000000534e+01 3.045187713102137650e-11
8.214100000000000534e+01 2.966538126258910779e-11
8.228100000000000591e+01 3.017660427095947284e-11
8.240600000000000591e+01 3.091306030600371457e-11
8.253100000000000591e+01 2.971900503467850285e-11
8.267199999999999704e+01 3.034821005609700251e-11
8.279699999999999704e+01 3.147076002574245024e-11
8.293800000000000239e+01 3.072358686906362379e-11
8.306300000000000239e+01 3.133132989163733839e-11
8.318800000000000239e+01 2.981196192686219604e-11
8.332800000000000296e+01 3.102030785018250469e-11
8.345300000000000296e+01 3.124910746832298969e-11
8.357800000000000296e+01 2.903975497570154829e-11
8.371899999999999409e+01 2.999071130327379819e-11
8.384399999999999409e+01 3.086301006427483173e-11
8.396899999999999409e+01 3.116330457575422486e-11
8.410999999999999943e+01 3.004790513627675352e-11
8.423499999999999943e+01 2.983341004791917328e-11
8.435999999999999943e+01 3.024453257283177265e-11
8.450000000000000000e+01 3.124195693815501329e-11
8.464100000000000534e+01 2.961175402105276078e-11
8.478100000000000591e+01 3.151008273749589250e-11
8.490600000000000591e+01 3.089160524605283342e-11
8.503100000000000591e+01 3.051623537198011604e-11
8.517199999999999704e+01 3.172100776493991248e-11
8.529699999999999704e+01 2.995138165262645202e-11
8.542199999999999704e+01 3.143143384454205602e-11
8.554699999999999704e+01 2.993708059229049923e-11
8.568800000000000239e+01 3.044115307049288788e-11
8.581300000000000239e+01 3.139925125461573430e-11
8.593800000000000239e+01 3.083798147396343836e-11
8.607800000000000296e+01 2.895395381785625943e-11
8.620300000000000296e+01 3.030531034453609607e-11
8.632800000000000296e+01 3.078793123223455552e-11
8.646899999999999409e+01 3.129558417969136030e-11
8.659399999999999409e+01 2.959388289980324771e-11
8.671899999999999409e+01 3.054125702339760551e-11
8.685999999999999943e+01 3.019090533129542564e-11
8.698499999999999943e+01 2.972257856503901507e-11
8.710999999999999943e+01 3.067511869514483180e-11
8.725000000000000000e+01 3.011225643834158916e-11
8.739100000000000534e+01 3.085585953410685534e-11
8.751600000000000534e+01 3.117403210572966543e-11
8.765600000000000591e+01 2.964750667189264277e-11
8.778100000000000591e+01 3.203918380600967453e-11
8.790600000000000591e+01 3.057700620479053555e-11
8.804699999999999704e+01 3.034105952592902611e-11
8.817199999999999704e+01 3.012655402923059000e-11
8.829699999999999704e+01 3.110611074275126953e-11
8.843800000000000239e+01 3.005505566644472992e-11
8.856300000000000239e+01 3.041613141907539841e-11
8.870300000000000296e+01 3.129916117949882448e-11
8.882800000000000296e+01 2.850707690738030209e-11
8.896899999999999409e+01 3.117403557517661739e-11
8.909399999999999409e+01 3.155298244905679894e-11
8.921899999999999409e+01 3.119548369623359463e-11
8.935999999999999943e+01 2.970112697453508588e-11
8.948499999999999943e+01 3.141355925384559100e-11
8.960999999999999943e+01 3.025525663336026128e-11
8.975000000000000000e+01 3.083083094379546196e-11
8.987500000000000000e+01 2.911125854265783630e-11
9.000000000000000000e+01 3.072000639980920766e-11
9.014100000000000534e+01 3.143858090526308047e-11
9.026600000000000534e+01 3.166023346268254102e-11
9.039100000000000534e+01 3.090590977583573817e-11
9.051600000000000534e+01 3.040183382818639757e-11
9.065600000000000591e+01 3.006578319642017050e-11
9.078100000000000591e+01 2.985128463861563830e-11
9.092199999999999704e+01 3.033390552631409776e-11
9.104699999999999704e+01 2.988173597451293517e-11
9.118800000000000239e+01 3.174245935544384167e-11
9.132800000000000296e+01 3.016230321062352004e-11
9.145300000000000296e+01 2.945087576589067169e-11
9.157800000000000296e+01 3.120621122620903520e-11
9.171899999999999409e+01 3.058772679587207222e-11
9.184399999999999409e+01 3.100601025929350385e-11
9.196899999999999409e+01 3.100958032020706412e-11
9.210999999999999943e+01 3.058058320459799972e-11
9.223499999999999943e+01 3.065207809793690785e-11
9.237500000000000000e+01 2.984413757789461386e-11
9.250000000000000000e+01 2.995495518298696425e-11
9.264100000000000534e+01 3.193193973127783636e-11
9.276600000000000534e+01 3.123480987743398885e-11
9.289100000000000534e+01 2.926498279820499704e-11
9.301600000000000534e+01 3.027670128497028657e-11
9.315600000000000591e+01 3.055555808373355831e-11
9.328100000000000591e+01 3.073073392978464824e-11
9.340600000000000591e+01 3.064492756776893145e-11
9.354699999999999704e+01 3.005147866663726575e-11
9.367199999999999704e+01 3.045188406991528041e-11
9.379699999999999704e+01 2.999785489454787069e-11
9.393800000000000239e+01 3.068068021860881345e-11
9.407800000000000296e+01 2.978335633674333849e-11
9.420300000000000296e+01 3.128843018007643195e-11
9.432800000000000296e+01 3.115615751503320041e-11
9.446899999999999409e+01 3.092020736672473902e-11
9.459399999999999409e+01 3.102388138054301692e-11
9.471899999999999409e+01 3.139211460223556571e-11
9.485999999999999943e+01 3.129916117949882448e-11
9.500000000000000000e+01 3.168353773785881344e-11
9.512500000000000000e+01 3.100600678984655190e-11
9.525000000000000000e+01 3.064136097630232314e-11
9.537500000000000000e+01 3.074145105141923295e-11
9.551600000000000534e+01 3.173530535582891332e-11
9.564100000000000534e+01 3.084870900393887894e-11
9.576600000000000534e+01 3.048762284296735459e-11
9.590600000000000591e+01 2.982983304811170910e-11
9.603100000000000591e+01 3.006220619661270632e-11
9.615600000000000591e+01 3.107393162227189976e-11
9.629699999999999704e+01 3.028385875403216687e-11
9.642199999999999704e+01 3.179965318844679700e-11
9.654699999999999704e+01 3.125983152885147831e-11
9.668800000000000239e+01 3.113470592452927121e-11
9.682800000000000296e+01 3.094523248758918044e-11
9.695300000000000296e+01 3.049477684258228294e-11
9.707800000000000296e+01 2.871800366954779804e-11
9.721899999999999409e+01 2.971185450451052645e-11
9.735999999999999943e+01 3.012655749867754196e-11
9.748499999999999943e+01 3.128128311935540751e-11
9.760999999999999943e+01 3.096311054773259741e-11
9.773499999999999943e+01 3.153510785836033392e-11
9.787500000000000000e+01 2.937580734219125134e-11
9.800000000000000000e+01 2.991205547142605781e-11
9.812500000000000000e+01 3.059488079548700057e-11
9.826600000000000534e+01 3.162805781165012320e-11
9.839100000000000534e+01 3.063778050704790701e-11
9.851600000000000534e+01 2.921135902611560198e-11
9.865600000000000591e+01 2.995495171354001229e-11
9.878100000000000591e+01 3.122407887801159632e-11
9.890600000000000591e+01 3.049120678166872267e-11
9.904699999999999704e+01 3.184971036906958375e-11
9.917199999999999704e+01 3.134920448233380341e-11
9.931300000000000239e+01 3.132775983072377812e-11
9.943800000000000239e+01 3.053053296286911689e-11
9.957800000000000296e+01 3.031603093561763274e-11
9.970300000000000296e+01 3.161375675131417040e-11
9.982800000000000296e+01 3.119548716568054658e-11
9.996899999999999409e+01 3.060917838637600141e-11
1.001099999999999994e+02 3.126340505921199053e-11
1.002349999999999994e+02 3.175675694633284252e-11
1.003599999999999994e+02 3.040898435835437397e-11
1.004849999999999994e+02 3.107750515263241198e-11
1.006250000000000000e+02 3.123480293854008494e-11
1.007500000000000000e+02 3.165308293251456462e-11
1.008750000000000000e+02 3.090233971492217790e-11
1.010160000000000053e+02 3.043401294866576734e-11
1.011560000000000059e+02 3.236093337743994880e-11
1.012810000000000059e+02 3.045187713102137650e-11
1.014060000000000059e+02 3.194623038327293330e-11
1.015469999999999970e+02 3.128128311935540751e-11
1.016719999999999970e+02 3.071643633889564740e-11
1.017969999999999970e+02 3.118475269681120210e-11
1.019380000000000024e+02 2.925783226803702064e-11
1.020630000000000024e+02 3.068425721841627762e-11
1.021880000000000024e+02 3.108465221335343642e-11
1.023280000000000030e+02 3.054125355395065355e-11
1.024530000000000030e+02 2.970827750470306228e-11
1.025780000000000030e+02 3.065208156738385981e-11
1.027189999999999941e+02 3.177105453722184336e-11
1.028439999999999941e+02 3.117191227364202177e-11
1.029849999999999994e+02 3.159945916042516956e-11
1.031099999999999994e+02 3.153153432799982170e-11
1.032349999999999994e+02 3.084870206504497503e-11
1.033750000000000000e+02 3.029815287547421576e-11
1.035160000000000053e+02 3.023738551211074821e-11
1.036410000000000053e+02 3.184255636945465540e-11
1.037660000000000053e+02 3.144573837432496077e-11
1.039060000000000059e+02 2.970470397434255005e-11
1.040310000000000059e+02 2.937580040329734743e-11
1.041560000000000059e+02 3.057700620479053555e-11
1.042969999999999970e+02 3.068425721841627762e-11
1.044219999999999970e+02 3.065208503683081176e-11
1.045469999999999970e+02 2.986915229041819941e-11
1.046880000000000024e+02 3.043400600977186343e-11
1.048130000000000024e+02 2.934363169115883352e-11
1.049380000000000024e+02 3.144930843523852104e-11
1.050780000000000030e+02 3.231087966626411401e-11
1.052030000000000030e+02 3.041970841888286259e-11
1.053280000000000030e+02 3.178535212811084421e-11
1.054530000000000030e+02 2.998355730365886984e-11
1.055939999999999941e+02 3.015978786158335367e-11
1.057349999999999994e+02 3.157800410047428841e-11
1.058750000000000000e+02 3.049120678166872267e-11
1.060000000000000000e+02 3.033390552631409776e-11
1.061250000000000000e+02 2.868225448815486800e-11
1.062660000000000053e+02 3.139568466314912598e-11
1.063910000000000053e+02 3.191763173204797965e-11
1.065160000000000053e+02 3.211783963785741491e-11
1.066560000000000059e+02 2.971542456542408672e-11
1.067810000000000059e+02 3.052695596306165271e-11
1.069060000000000059e+02 2.994423459190542758e-11
1.070469999999999970e+02 3.052338243270114049e-11
1.071880000000000024e+02 3.078792776278760357e-11
1.073130000000000024e+02 3.167095405376407768e-11
1.074380000000000024e+02 3.086301006427483173e-11
1.075630000000000024e+02 3.079151170148897165e-11
1.077030000000000030e+02 2.992636000120896256e-11
1.078280000000000030e+02 3.126698552846640666e-11
1.079530000000000030e+02 3.016230668007047200e-11
1.080939999999999941e+02 2.973330609501445565e-11
1.082189999999999941e+02 3.177463153702930754e-11
1.083439999999999941e+02 3.114900351541827206e-11
1.084849999999999994e+02 3.128843711897033586e-11
1.086250000000000000e+02 2.931502957048692792e-11
1.087500000000000000e+02 3.169240911371495883e-11
1.088750000000000000e+02 3.045188406991528041e-11
1.090160000000000053e+02 3.115973104539371263e-11
1.091410000000000053e+02 3.140640872367761460e-11
1.092660000000000053e+02 3.219648853081125139e-11
1.094060000000000059e+02 3.196410844341635027e-11
1.095310000000000059e+02 3.238238496794387800e-11
1.096719999999999970e+02 3.056985567462255915e-11
1.097969999999999970e+02 3.147433355610296246e-11
1.099380000000000024e+02 3.099527925987111132e-11
1.100630000000000024e+02 3.291505956681817224e-11
1.101880000000000024e+02 3.046618166080428125e-11
1.103130000000000024e+02 3.275775831146354733e-11
1.104530000000000030e+02 3.115615751503320041e-11
1.105780000000000030e+02 3.092021083617169097e-11
1.107030000000000030e+02 3.208923751718550932e-11
1.108439999999999941e+02 3.178893259736526034e-11
1.109689999999999941e+02 3.241098014972187968e-11
1.110939999999999941e+02 3.323680913824844652e-11
1.112349999999999994e+02 3.112041180308722232e-11
1.113599999999999994e+02 3.161375675131417040e-11
1.114849999999999994e+02 3.080938282273848472e-11
1.116250000000000000e+02 3.080937935329153277e-11
1.117660000000000053e+02 3.248606245120910785e-11
1.119060000000000059e+02 3.098097819953515852e-11
1.120310000000000059e+02 3.263263270714134023e-11
1.121560000000000059e+02 3.158873509989668094e-11
1.122969999999999970e+02 3.189618361099100241e-11
1.124219999999999970e+02 3.096668060864615768e-11
1.125469999999999970e+02 3.115973451484066459e-11
1.126719999999999970e+02 3.126340852865894249e-11
1.128130000000000024e+02 3.207850304831616484e-11
1.129380000000000024e+02 3.216430941033188162e-11
1.130630000000000024e+02 3.226798342415015952e-11
1.132030000000000030e+02 3.205706186615309150e-11
1.133280000000000030e+02 3.067353662733474096e-11
1.134530000000000030e+02 3.153868138872084614e-11
1.135939999999999941e+02 3.176748447630828309e-11
1.137189999999999941e+02 3.282926014369635936e-11
1.138439999999999941e+02 2.951165700704194705e-11
1.139849999999999994e+02 2.620834972655305961e-11
1.141250000000000000e+02 2.515730158914042391e-11
1.142500000000000000e+02 2.450665018138842299e-11
1.143750000000000000e+02 2.477120071564531401e-11
1.145160000000000053e+02 2.352352514167765918e-11
1.146410000000000053e+02 2.310524861715013145e-11
1.147660000000000053e+02 2.285142214342172906e-11
1.149060000000000059e+02 2.294795083124245849e-11
1.150310000000000059e+02 2.277635371972230871e-11
1.151719999999999970e+02 2.210782598655036679e-11
1.152969999999999970e+02 2.207922213115498522e-11
1.154219999999999970e+02 2.202202135925812598e-11
1.155630000000000024e+02 2.327142124836090176e-11
1.157030000000000030e+02 2.083512182227131859e-11
1.158280000000000030e+02 2.260474793458477905e-11
1.159530000000000030e+02 2.224724918176157473e-11
1.160939999999999941e+02 2.216144975863976185e-11
1.162189999999999941e+02 2.104247158463135037e-11
1.163439999999999941e+02 2.132132144450071820e-11
1.164849999999999994e+02 2.247247180009459555e-11
1.166099999999999994e+02 2.009152046122952839e-11
1.167349999999999994e+02 2.178607121094966459e-11
1.168750000000000000e+02 2.126769593768784716e-11
1.170000000000000000e+02 2.170742405271930409e-11
1.171250000000000000e+02 2.158587197875760921e-11
1.172660000000000053e+02 2.133562423956014698e-11
1.173910000000000053e+02 2.196124879172423050e-11
1.175160000000000053e+02 2.065637418058319241e-11
1.176560000000000059e+02 2.152152241141624955e-11
1.177810000000000059e+02 2.100314887287790810e-11
1.179219999999999970e+02 2.139639507237056648e-11
1.180630000000000024e+02 2.175747082500123497e-11
1.181880000000000024e+02 2.184327198284652383e-11
1.183130000000000024e+02 2.062062152974331042e-11
1.184530000000000030e+02 2.217932261461275090e-11
1.185780000000000030e+02 2.090304665469666645e-11
1.187030000000000030e+02 2.134277303500464740e-11
1.188439999999999941e+02 2.143929825337842487e-11
1.189689999999999941e+02 2.157157438786860837e-11
1.190939999999999941e+02 2.261904726019725587e-11
1.192349999999999994e+02 2.182182386178954658e-11
1.193599999999999994e+02 2.069927215742062288e-11
1.194849999999999994e+02 2.127484820257929954e-11
1.196250000000000000e+02 2.062419506010382264e-11
1.197500000000000000e+02 2.147504743477135492e-11
1.198750000000000000e+02 2.167882366677087447e-11
1.200160000000000053e+02 2.181109633181410601e-11
1.201410000000000053e+02 2.182182386178954658e-11
1.202810000000000059e+02 2.084227408716277097e-11
1.204060000000000059e+02 2.112112221230866282e-11
1.205310000000000059e+02 2.041327176738327864e-11
1.206719999999999970e+02 2.324825054689227954e-11
1.208130000000000024e+02 2.204704821484604338e-11
1.209380000000000024e+02 2.117474771912153386e-11
1.210630000000000024e+02 2.092091951066965549e-11
1.212030000000000030e+02 2.160374830417755021e-11
1.213280000000000030e+02 2.131417264905621778e-11
1.214530000000000030e+02 1.969469552720592986e-11
1.215939999999999941e+02 2.150007255563579633e-11
1.217349999999999994e+02 2.054911969751049838e-11
1.218599999999999994e+02 2.065994597622022866e-11
1.219849999999999994e+02 2.049549592542110332e-11
1.221250000000000000e+02 2.059916993923938122e-11
1.222500000000000000e+02 2.148577496474679549e-11
1.223750000000000000e+02 2.121764916540591628e-11
1.225000000000000000e+02 2.003432142405614513e-11
1.226410000000000053e+02 1.974117050385082450e-11
1.227660000000000053e+02 2.006292181000457475e-11
1.228910000000000053e+02 2.048119833453210248e-11
1.230310000000000059e+02 2.088874732908418963e-11
1.231560000000000059e+02 1.995209553129484448e-11
1.232810000000000059e+02 2.119619584017851111e-11
1.234219999999999970e+02 2.161804589506655105e-11
1.235469999999999970e+02 2.208504906731079132e-11
1.236719999999999970e+02 2.038109611635086083e-11
1.238130000000000024e+02 2.107822250074775638e-11
1.239530000000000030e+02 2.113542500736809160e-11
1.240780000000000030e+02 2.108537129619225681e-11
1.242030000000000030e+02 2.040254770685479002e-11
1.243439999999999941e+02 2.126412414205081092e-11
1.244849999999999994e+02 2.095667216150953749e-11
1.246099999999999994e+02 2.128199699802379996e-11
1.247349999999999994e+02 2.124982134699138214e-11
1.248599999999999994e+02 2.216502502372375005e-11
1.250000000000000000e+02 2.054912143223397436e-11
1.251250000000000000e+02 2.058844414398741662e-11
1.252500000000000000e+02 2.135707062589364824e-11
1.253910000000000053e+02 2.153582173702872637e-11
1.255160000000000053e+02 2.110324762161219780e-11
1.256410000000000053e+02 2.176819662025319957e-11
1.257810000000000059e+02 2.000572103810771551e-11
1.259060000000000059e+02 2.127127293749531134e-11
1.260310000000000059e+02 2.063492259007926322e-11
1.261719999999999970e+02 2.152152241141624955e-11
1.263130000000000024e+02 2.055984549276246298e-11
1.264380000000000024e+02 2.135349536080966004e-11
1.265630000000000024e+02 2.079579564107092438e-11
1.267030000000000030e+02 2.060632220413083360e-11
1.268439999999999941e+02 1.981624413172067278e-11
1.269689999999999941e+02 2.083869708735530679e-11
1.270939999999999941e+02 2.019519447504780629e-11
1.272349999999999994e+02 2.072072027847760012e-11
1.273599999999999994e+02 2.046332027438868550e-11
1.274849999999999994e+02 2.166610987841544045e-11
1.276099999999999994e+02 2.075647119459400614e-11
1.277500000000000000e+02 1.998784297796429854e-11
1.278750000000000000e+02 2.126412067260385896e-11
1.280159999999999911e+02 2.224724744703809876e-11
1.281409999999999911e+02 1.941942266714402621e-11
1.282810000000000059e+02 2.066352124130421686e-11
1.284060000000000059e+02 2.083155002663428235e-11
1.285310000000000059e+02 2.033104587462197799e-11
1.286719999999999970e+02 2.154297226719670277e-11
1.287969999999999970e+02 2.058129534854291620e-11
1.289219999999999970e+02 2.039897244177080182e-11
1.290629999999999882e+02 2.093522230572908427e-11
1.291879999999999882e+02 2.094237110117358469e-11
1.293129999999999882e+02 2.065994597622022866e-11
1.294530000000000030e+02 2.060632046940735762e-11
1.295780000000000030e+02 2.142857072340298430e-11
1.297189999999999941e+02 2.068139583200068188e-11
1.298439999999999941e+02 2.131417264905621778e-11
1.299689999999999941e+02 2.210782251710341484e-11
1.301100000000000136e+02 2.020592200502324687e-11
1.302350000000000136e+02 2.089946965488920227e-11
1.303750000000000000e+02 2.097097148712201431e-11
1.305000000000000000e+02 2.079937090615491257e-11
1.306409999999999911e+02 2.002002209844366831e-11
1.307659999999999911e+02 2.057772181818240398e-11
1.308909999999999911e+02 2.171814811324779271e-11
1.310310000000000059e+02 2.005577127983659835e-11
1.311560000000000059e+02 1.999142344721871467e-11
1.312810000000000059e+02 2.160017130437008603e-11
1.314219999999999970e+02 2.010224625648149299e-11
1.315469999999999970e+02 2.119619757490198708e-11
1.316719999999999970e+02 2.104961864535237481e-11
1.318129999999999882e+02 2.109609535672074543e-11
1.319379999999999882e+02 1.990562228937342582e-11
1.320629999999999882e+02 2.162877169031851565e-11
1.322030000000000030e+02 2.082439602701935399e-11
1.323280000000000030e+02 2.062419506010382264e-11
1.324689999999999941e+02 2.113899680300512784e-11
1.325939999999999941e+02 2.064207138552376364e-11
1.327350000000000136e+02 1.989489475939798524e-11
1.328600000000000136e+02 2.103889805427083814e-11
1.330000000000000000e+02 2.086729573858026043e-11
1.331250000000000000e+02 2.087444800347171281e-11
1.332500000000000000e+02 2.087087100366424863e-11
1.333909999999999911e+02 2.157157438786860837e-11
1.335159999999999911e+02 2.079579737579440035e-11
1.336409999999999911e+02 1.977691795052027857e-11
1.337810000000000059e+02 2.077792105037445936e-11
1.339060000000000059e+02 2.069569515761315870e-11
1.340469999999999970e+02 2.077434752001394713e-11
1.341719999999999970e+02 1.964464702020052300e-11
1.343129999999999882e+02 2.035249746512590718e-11
1.344379999999999882e+02 2.000214577302372732e-11
1.345629999999999882e+02 2.127484473313234759e-11
1.347030000000000030e+02 2.140712260234600706e-11
1.348280000000000030e+02 2.119619930962546306e-11
1.349530000000000030e+02 2.038824317707188527e-11
1.350780000000000030e+02 2.093879757081307247e-11
1.352189999999999941e+02 2.082797129210334219e-11
1.353439999999999941e+02 1.991634808462539041e-11
1.354689999999999941e+02 2.122122269576642850e-11
1.356100000000000136e+02 1.995209553129484448e-11
1.357350000000000136e+02 2.127484646785582356e-11
1.358600000000000136e+02 2.105319737988331497e-11
1.360000000000000000e+02 2.108894829599972098e-11
1.361409999999999911e+02 1.989847175920544942e-11
1.362659999999999911e+02 2.162519642523452745e-11
1.364060000000000059e+02 2.119262230981799888e-11
1.365310000000000059e+02 2.080652143632288897e-11
1.366719999999999970e+02 2.057771834873545203e-11
1.367969999999999970e+02 2.162519469051105148e-11
1.369219999999999970e+02 2.085299641296778361e-11
1.370629999999999882e+02 2.197911991297374357e-11
1.371879999999999882e+02 2.110324762161219780e-11
1.373129999999999882e+02 2.003074268952520498e-11
1.374379999999999882e+02 2.042757282771923144e-11
1.375780000000000030e+02 2.121407390032192808e-11
1.377189999999999941e+02 2.177534888514465194e-11
1.378439999999999941e+02 2.141069786742999526e-11
1.379689999999999941e+02 2.175032029483325857e-11
1.381100000000000136e+02 2.086729573858026043e-11
1.382350000000000136e+02 2.007364413580958740e-11
1.383600000000000136e+02 2.088385020471150710e-11
1.385000000000000000e+02 2.049549419069762735e-11
1.386250000000000000e+02 2.210067025221196246e-11
1.387500000000000000e+02 2.107464550094029221e-11
1.388909999999999911e+02 2.033819467006647841e-11
1.390159999999999911e+02 2.092449477575364369e-11
1.391409999999999911e+02 2.004147368894759751e-11
1.392810000000000059e+02 2.019519620977128227e-11
1.394060000000000059e+02 2.003432142405614513e-11
1.395469999999999970e+02 2.049549592542110332e-11
1.396719999999999970e+02 2.012727137734593441e-11
1.397969999999999970e+02 2.092091951066965549e-11
1.399379999999999882e+02 2.161804589506655105e-11
1.400780000000000030e+02 2.068139409727720590e-11
1.402030000000000030e+02 2.139639680709404246e-11
1.403280000000000030e+02 2.107107197057977999e-11
1.404689999999999941e+02 2.028099563289309515e-11
1.405939999999999941e+02 2.098884434309500335e-11
1.407189999999999941e+02 2.112827100775316325e-11
1.408600000000000136e+02 2.108894829599972098e-11
1.409850000000000136e+02 2.107107370530325596e-11
1.411100000000000136e+02 2.059202114379488080e-11
1.412500000000000000e+02 2.025954577711264193e-11
1.413750000000000000e+02 2.099957013834696795e-11
1.415000000000000000e+02 2.103532105446337397e-11
1.416409999999999911e+02 2.072787427809252847e-11
1.417659999999999911e+02 2.141784492815101970e-11
1.418909999999999911e+02 2.030959254939457281e-11
1.420310000000000059e+02 2.081367370121434135e-11
1.421560000000000059e+02 2.186114657354298885e-11
1.422969999999999970e+02 1.941227040225257383e-11
1.424219999999999970e+02 2.073859486917406514e-11
1.425469999999999970e+02 2.025239524694466553e-11
1.426879999999999882e+02 1.997354365235182172e-11
1.428280000000000030e+02 2.006292181000457475e-11
1.429530000000000030e+02 2.017374808871430503e-11
1.430780000000000030e+02 2.087802153383222503e-11
1.432189999999999941e+02 2.075647292931748211e-11
1.433439999999999941e+02 2.106749670549579179e-11
1.434689999999999941e+02 2.039539544196333765e-11
1.436100000000000136e+02 2.100314540343095615e-11
1.437350000000000136e+02 2.082439255757240204e-11
1.438600000000000136e+02 1.955884412763175817e-11
1.440000000000000000e+02 1.976262382907822968e-11
1.441250000000000000e+02 2.123194675629491712e-11
1.442500000000000000e+02 1.999142171249523869e-11
1.443909999999999911e+02 1.985914904745200715e-11
1.445159999999999911e+02 2.086729573858026043e-11
1.446560000000000059e+02 1.875447019905607249e-11
1.447810000000000059e+02 2.065994771094370464e-11
1.449060000000000059e+02 2.090662365450413063e-11
1.450469999999999970e+02 2.142857072340298430e-11
1.451879999999999882e+02 2.100314713815443213e-11
1.453129999999999882e+02 2.055627196240195076e-11
1.454379999999999882e+02 2.095309863114902527e-11
1.455780000000000030e+02 2.118904877945748666e-11
1.457030000000000030e+02 1.960174557391614059e-11
1.458280000000000030e+02 2.068139583200068188e-11
1.459689999999999941e+02 2.067782230164016966e-11
1.460939999999999941e+02 2.061704626465932222e-11
1.462189999999999941e+02 2.097097495656896626e-11
1.463600000000000136e+02 2.125339487735189437e-11
1.465000000000000000e+02 2.078506984581895978e-11
1.466250000000000000e+02 2.114614906789658022e-11
1.467500000000000000e+02 2.036322152565439580e-11
1.468909999999999911e+02 2.151079661616428496e-11
1.470159999999999911e+02 2.082081902721188982e-11
1.471409999999999911e+02 1.964822055056103522e-11
1.472659999999999911e+02 2.014514249859544748e-11
1.474060000000000059e+02 2.008794693086901617e-11
1.475310000000000059e+02 2.119977283998597528e-11
1.476560000000000059e+02 2.070642268758859927e-11
1.477969999999999970e+02 2.060632046940735762e-11
1.479219999999999970e+02 2.087444279930128488e-11
1.480469999999999970e+02 1.993779794040584363e-11
1.481879999999999882e+02 2.025954404238916595e-11
1.483280000000000030e+02 2.086729400385678446e-11
1.484530000000000030e+02 2.043114809280321964e-11
1.485780000000000030e+02 1.953024547640680453e-11
1.487189999999999941e+02 1.988059716850898440e-11
1.488600000000000136e+02 1.959816857410867641e-11
1.489850000000000136e+02 2.014514596804239943e-11
1.491100000000000136e+02 2.102102346357437312e-11
1.492500000000000000e+02 2.144644878354640127e-11
1.493750000000000000e+02 2.084227235243929499e-11
1.495000000000000000e+02 2.072072201320107609e-11
1.496250000000000000e+02 2.125697361188283452e-11
1.497659999999999911e+02 2.103889631954736217e-11
1.498909999999999911e+02 2.072787080864557652e-11
1.500159999999999911e+02 2.097097322184549029e-11
1.501560000000000059e+02 2.058487408307385635e-11
1.502810000000000059e+02 2.103532278918684995e-11
1.504060000000000059e+02 1.985557204764454298e-11
1.505469999999999970e+02 2.071714848284056387e-11
1.506879999999999882e+02 2.076719525512249476e-11
1.508129999999999882e+02 2.039897070704732585e-11
1.509379999999999882e+02 2.091377418467210703e-11
1.510780000000000030e+02 2.086372047349627223e-11
1.512030000000000030e+02 1.895824469633211606e-11
1.513439999999999941e+02 2.015587002857088805e-11
1.514689999999999941e+02 2.086372220821974821e-11
1.516100000000000136e+02 1.967682093650946484e-11
1.517350000000000136e+02 1.999499697757922689e-11
1.518600000000000136e+02 2.043829515352424409e-11
1.520000000000000000e+02 1.993064567551439126e-11
1.521250000000000000e+02 1.993064567551439126e-11
1.522500000000000000e+02 1.988059196433855647e-11
1.523909999999999911e+02 2.086014694313576001e-11
1.525159999999999911e+02 2.039539544196333765e-11
1.526560000000000059e+02 2.076004472495451836e-11
1.527810000000000059e+02 2.078149631545844755e-11
1.529060000000000059e+02 2.067067177147219326e-11
1.530469999999999970e+02 2.068497109708467008e-11
1.531719999999999970e+02 2.043114635807974366e-11
1.532969999999999970e+02 2.127842346766328774e-11
1.534379999999999882e+02 2.058129881798986816e-11
1.535629999999999882e+02 1.994494847057382003e-11
1.536879999999999882e+02 2.169947901919933031e-11
1.538280000000000030e+02 2.058129708326639218e-11
1.539530000000000030e+02 2.065399067052720028e-11
1.540780000000000030e+02 2.040254423740783807e-11
1.542189999999999941e+02 2.018804914905025782e-11
1.543600000000000136e+02 2.170384705291183991e-11
1.544850000000000136e+02 1.984484625239257838e-11
1.546100000000000136e+02 2.112469921211612700e-11
1.547500000000000000e+02 2.142500066248942403e-11
1.548750000000000000e+02 2.086014694313576001e-11
1.550159999999999911e+02 2.104246984990787439e-11
1.551409999999999911e+02 2.068854636216865828e-11
1.552659999999999911e+02 2.060632220413083360e-11
1.554060000000000059e+02 2.118904877945748666e-11
1.555310000000000059e+02 2.127842173293981176e-11
1.556560000000000059e+02 1.947304296978646931e-11
1.557969999999999970e+02 2.072429554356158832e-11
1.559219999999999970e+02 2.021664780027521147e-11
1.560469999999999970e+02 1.999857050793973912e-11
1.561879999999999882e+02 1.992349514534641486e-11
1.563129999999999882e+02 2.016301882401538847e-11
1.564379999999999882e+02 1.983054692678010156e-11
1.565780000000000030e+02 1.934076683529628582e-11
1.567030000000000030e+02 1.967324393670200067e-11
1.568280000000000030e+02 2.102102172885089715e-11
1.569689999999999941e+02 2.038467311615832500e-11
1.570939999999999941e+02 2.073859313445058916e-11
1.572350000000000136e+02 2.001286809882873996e-11
1.573750000000000000e+02 2.054554616714998616e-11
1.575000000000000000e+02 1.989131775959052106e-11
1.576250000000000000e+02 2.080294790596237675e-11
1.577659999999999911e+02 2.000214750774720329e-11
1.578909999999999911e+02 1.984842151747656658e-11
1.580159999999999911e+02 2.001644683335968011e-11
1.581560000000000059e+02 1.998784297796429854e-11
1.582810000000000059e+02 2.047762306944811428e-11
1.584219999999999970e+02 1.984206202121363560e-11
1.585469999999999970e+02 2.004862074966862195e-11
1.586879999999999882e+02 1.999499177340879896e-11
1.588129999999999882e+02 2.007722287034052755e-11
1.589379999999999882e+02 2.058129708326639218e-11
1.590780000000000030e+02 2.048834539525312692e-11
1.592030000000000030e+02 2.082797476155029415e-11
1.593280000000000030e+02 2.017017108890684085e-11
1.594689999999999941e+02 2.069569515761315870e-11
1.595939999999999941e+02 1.963392295967203438e-11
1.597350000000000136e+02 1.978406848068825497e-11
1.598600000000000136e+02 1.994494500112686808e-11
1.599850000000000136e+02 2.232232280963142301e-11
1.601250000000000000e+02 2.032389707917747756e-11
1.602500000000000000e+02 2.078149978490539951e-11
1.603750000000000000e+02 1.995209726601832045e-11
1.605159999999999911e+02 1.994494673585034406e-11
1.606409999999999911e+02 1.925854267725846114e-11
1.607659999999999911e+02 1.965894461108952385e-11
1.609060000000000059e+02 2.075647292931748211e-11
1.610469999999999970e+02 1.919777010972456566e-11
1.611719999999999970e+02 2.053482210662149754e-11
1.612969999999999970e+02 1.976976915507577814e-11
1.614379999999999882e+02 2.216144802391628588e-11
1.615629999999999882e+02 2.027742210253258293e-11
1.616879999999999882e+02 2.149292376019129591e-11
1.618280000000000030e+02 1.940154460700060923e-11
1.619530000000000030e+02 2.019519100560085434e-11
1.620780000000000030e+02 2.028814616306107155e-11
1.622030000000000030e+02 2.003074615897215693e-11
1.623439999999999941e+02 2.085657341277524779e-11
1.624689999999999941e+02 2.106749497077231581e-11
1.625939999999999941e+02 2.030602075375753657e-11
1.627350000000000136e+02 2.064564838533122781e-11
1.628600000000000136e+02 2.040254423740783807e-11
1.630000000000000000e+02 2.025597051202865373e-11
1.631250000000000000e+02 2.060632393885430957e-11
1.632659999999999911e+02 2.005934654492058655e-11
1.634060000000000059e+02 2.043829862297119604e-11
1.635310000000000059e+02 2.049549419069762735e-11
1.636560000000000059e+02 2.078149458073497158e-11
1.637969999999999970e+02 2.003432142405614513e-11
1.639219999999999970e+02 1.991991988026242666e-11
1.640469999999999970e+02 2.124624781663086992e-11
1.641879999999999882e+02 1.964107175511653480e-11
1.643129999999999882e+02 2.030244548867354837e-11
1.644379999999999882e+02 2.086372220821974821e-11
1.645629999999999882e+02 2.014157243768188721e-11
1.647030000000000030e+02 2.065279544605225226e-11
1.648280000000000030e+02 2.082439949646630595e-11
1.649530000000000030e+02 1.921922170022849485e-11
1.650939999999999941e+02 1.967681920178598887e-11
1.652189999999999941e+02 2.211497131254791526e-11
1.653600000000000136e+02 2.023809592133218871e-11
1.654850000000000136e+02 2.076361999003850656e-11
1.656250000000000000e+02 2.003789148496970540e-11
1.657500000000000000e+02 1.993064394079091528e-11
1.658750000000000000e+02 2.008079466597756380e-11
1.660159999999999911e+02 2.005934654492058655e-11
1.661560000000000059e+02 2.221507179600568094e-11
1.662810000000000059e+02 2.143572298829443668e-11
1.664060000000000059e+02 2.032389707917747756e-11
1.665469999999999970e+02 2.030602248848101254e-11
1.666719999999999970e+02 2.012369611226194621e-11
1.667969999999999970e+02 2.024881998186067733e-11
1.669379999999999882e+02 2.055984896220941494e-11
1.670629999999999882e+02 2.026312104219663013e-11
1.672030000000000030e+02 2.004504548458463375e-11
1.673280000000000030e+02 2.030244548867354837e-11
1.674530000000000030e+02 1.995209553129484448e-11
1.675939999999999941e+02 2.030602075375753657e-11
1.677189999999999941e+02 2.030959428411804879e-11
1.678439999999999941e+02 2.205777401009800798e-11
1.679850000000000136e+02 2.051337398556452030e-11
1.681100000000000136e+02 1.926569320742643754e-11
1.682350000000000136e+02 2.034892393476539496e-11
1.683750000000000000e+02 2.109251835691328125e-11
1.685000000000000000e+02 2.098169554765050293e-11
1.686250000000000000e+02 1.976262035963127772e-11
1.687659999999999911e+02 1.965894634581299982e-11
1.689060000000000059e+02 2.002359389408070456e-11
1.690310000000000059e+02 1.971614538298638308e-11
1.691560000000000059e+02 2.059917514340980915e-11
1.692969999999999970e+02 2.065637244585971644e-11
1.694219999999999970e+02 1.994136973604287988e-11
1.695629999999999882e+02 2.002002036372019234e-11
1.696879999999999882e+02 1.953739600657478093e-11
1.698129999999999882e+02 2.107464723566376819e-11
1.699530000000000030e+02 2.088874559436071365e-11
1.700780000000000030e+02 1.980499098053201124e-11
1.702030000000000030e+02 2.029171969342158377e-11
1.703439999999999941e+02 2.038824317707188527e-11
1.704689999999999941e+02 2.094951816189460914e-11
1.705939999999999941e+02 2.077077225492995893e-11
1.707350000000000136e+02 2.003789495441665736e-11
1.708750000000000000e+02 1.952666847659934035e-11
1.710000000000000000e+02 1.974831929929532492e-11
1.711250000000000000e+02 1.964464528547704703e-11
1.712659999999999911e+02 1.997712065215928590e-11
1.713909999999999911e+02 2.036679679073838400e-11
1.715159999999999911e+02 1.981982113152813696e-11
1.716560000000000059e+02 2.034534520023445481e-11
1.717810000000000059e+02 1.934792083491121417e-11
1.719060000000000059e+02 1.970541958773441849e-11
1.720469999999999970e+02 1.982339813133560114e-11
1.721719999999999970e+02 2.053124684153750934e-11
1.723129999999999882e+02 2.041684529774379087e-11
1.724379999999999882e+02 2.040254944157826600e-11
1.725629999999999882e+02 2.216144975863976185e-11
1.727030000000000030e+02 2.002359736352765651e-11
1.728280000000000030e+02 1.994852026621085628e-11
1.729530000000000030e+02 2.062777032518781084e-11
1.730939999999999941e+02 2.077434752001394713e-11
1.732350000000000136e+02 1.945159484872949207e-11
1.733600000000000136e+02 1.964464528547704703e-11
1.734850000000000136e+02 2.023094539116421231e-11
1.736250000000000000e+02 1.918704431447260106e-11
1.737500000000000000e+02 1.956599639252321055e-11
1.738750000000000000e+02 2.020949727010723507e-11
1.740159999999999911e+02 2.094594810098104887e-11
1.741409999999999911e+02 2.031317128392551297e-11
1.742659999999999911e+02 2.100314713815443213e-11
1.743909999999999911e+02 2.004504374986115778e-11
1.745310000000000059e+02 1.984484451766910240e-11
1.746560000000000059e+02 1.920849243552957830e-11
1.747810000000000059e+02 2.097812028256651473e-11
1.749219999999999970e+02 1.963034595986457020e-11
1.750469999999999970e+02 2.089589612452869005e-11
1.751719999999999970e+02 2.070999621794911150e-11
1.753129999999999882e+02 2.062419852955077459e-11
1.754530000000000030e+02 1.938009995539058394e-11
1.755780000000000030e+02 1.953739600657478093e-11
1.757189999999999941e+02 2.069212162725264648e-11
1.758439999999999941e+02 2.128914752819177636e-11
1.759850000000000136e+02 1.980869981932364965e-11
1.761100000000000136e+02 1.955884759707871012e-11
1.762350000000000136e+02 2.015944702837835223e-11
1.763750000000000000e+02 2.009152393067648035e-11
1.765000000000000000e+02 2.027027330708808250e-11
1.766250000000000000e+02 2.068854983161561023e-11
1.767659999999999911e+02 2.013442190751391081e-11
1.768909999999999911e+02 2.100314713815443213e-11
1.770310000000000059e+02 1.981624586644414876e-11
1.771560000000000059e+02 2.104247505407830232e-11
1.772810000000000059e+02 1.971972064807037128e-11
1.774219999999999970e+02 2.042399929735871922e-11
1.775629999999999882e+02 2.023505495107880137e-11
1.776879999999999882e+02 2.139282327673353024e-11
1.778129999999999882e+02 2.132847370939217058e-11
1.779530000000000030e+02 1.946589590906544487e-11
1.780780000000000030e+02 2.115687312842506884e-11
1.782030000000000030e+02 2.047404780436412608e-11
1.783439999999999941e+02 1.932289571404677275e-11
1.784689999999999941e+02 1.963749649003254660e-11
1.785939999999999941e+02 2.013442017279043483e-11
1.787350000000000136e+02 2.097454501748252653e-11
1.788600000000000136e+02 2.026669804200409430e-11
1.789850000000000136e+02 2.008437340050850395e-11
1.791250000000000000e+02 1.936936895596819141e-11
1.792500000000000000e+02 2.025597224675212971e-11
1.793909999999999911e+02 1.930859465371081995e-11
1.795159999999999911e+02 2.004862074966862195e-11
1.796409999999999911e+02 2.055269843204143854e-11
1.797810000000000059e+02 2.069212162725264648e-11
1.799060000000000059e+02 2.023809765605566469e-11
1.800310000000000059e+02 1.993779620568236766e-11
1.801719999999999970e+02 2.057414481837493980e-11
1.802969999999999970e+02 2.020949727010723507e-11
1.804219999999999970e+02 2.042756762354880351e-11
1.805629999999999882e+02 2.089232085944470185e-11
1.806879999999999882e+02 2.181824686198208241e-11
1.808129999999999882e+02 2.213642290305184446e-11
1.809530000000000030e+02 1.956957165760719874e-11
1.810780000000000030e+02 2.026669457255714235e-11
1.812189999999999941e+02 1.997354365235182172e-11
1.813439999999999941e+02 1.994137147076635586e-11
1.814850000000000136e+02 2.024524471677668913e-11
1.816100000000000136e+02 2.013799543787442303e-11
1.817500000000000000e+02 1.962319542969659381e-11
1.818750000000000000e+02 2.002359736352765651e-11
1.820000000000000000e+02 1.979122074557970734e-11
1.821409999999999911e+02 2.016301882401538847e-11
1.822659999999999911e+02 1.981624760116762474e-11
1.823909999999999911e+02 1.970184605737390626e-11
1.825310000000000059e+02 1.973044817804581186e-11
1.826560000000000059e+02 2.030244548867354837e-11
1.827810000000000059e+02 1.972329591315435948e-11
1.829219999999999970e+02 1.930859812315777191e-11
1.830469999999999970e+02 2.041684529774379087e-11
1.831719999999999970e+02 2.069927215742062288e-11
1.833129999999999882e+02 2.060989399976786984e-11
1.834379999999999882e+02 2.081724723157485357e-11
1.835629999999999882e+02 2.019519620977128227e-11
1.837030000000000030e+02 2.077434925473742311e-11
1.838439999999999941e+02 2.013442190751391081e-11
1.839689999999999941e+02 2.066709824111168103e-11
1.841100000000000136e+02 1.987344663834100800e-11
1.842350000000000136e+02 2.057414655309841578e-11
1.843600000000000136e+02 2.081724549685137760e-11
1.845000000000000000e+02 1.897969281738909331e-11
1.846250000000000000e+02 2.065637244585971644e-11
1.847500000000000000e+02 1.950522035554236311e-11
1.848909999999999911e+02 2.025597224675212971e-11
1.850159999999999911e+02 1.989847002448197344e-11
1.851560000000000059e+02 2.041327176738327864e-11
1.852810000000000059e+02 2.031317128392551297e-11
1.854219999999999970e+02 1.981624586644414876e-11
1.855469999999999970e+02 2.116759718895355746e-11
1.856719999999999970e+02 2.109609709144422141e-11
1.858129999999999882e+02 1.970899485281840668e-11
1.859379999999999882e+02 2.019519447504780629e-11
1.860629999999999882e+02 1.977334615488324232e-11
1.862030000000000030e+02 2.019162094468729407e-11
1.863280000000000030e+02 1.978407195013520692e-11
1.864530000000000030e+02 2.003074615897215693e-11
1.865939999999999941e+02 2.039182191160282542e-11
1.867189999999999941e+02 2.020592200502324687e-11
1.868439999999999941e+02 2.110324762161219780e-11
1.869689999999999941e+02 2.049549766014457930e-11
1.871100000000000136e+02 2.006292181000457475e-11
1.872350000000000136e+02 2.121407043087497613e-11
1.873750000000000000e+02 1.980194480610819596e-11
1.875000000000000000e+02 2.028457089797708335e-11
1.876409999999999911e+02 1.959817204355562836e-11
1.877810000000000059e+02 2.083154482246385442e-11
1.879060000000000059e+02 1.949092102992988629e-11
1.880310000000000059e+02 2.011654384737049384e-11
1.881719999999999970e+02 1.960889610408411698e-11
1.882969999999999970e+02 1.911912121677072918e-11
1.884219999999999970e+02 2.147147390441084269e-11
1.885629999999999882e+02 2.007364587053306337e-11
1.886879999999999882e+02 2.065279891549920421e-11
1.888129999999999882e+02 1.978049321560426677e-11
1.889530000000000030e+02 1.936937069069166739e-11
1.890780000000000030e+02 2.029529669322904795e-11
1.892030000000000030e+02 2.001286983355221594e-11
1.893280000000000030e+02 2.091019718486464285e-11
1.894689999999999941e+02 2.029171969342158377e-11
1.895939999999999941e+02 2.002002036372019234e-11
1.897189999999999941e+02 2.062061979501983444e-11
1.898600000000000136e+02 1.950522209026583909e-11
1.900000000000000000e+02 2.014514596804239943e-11
1.901250000000000000e+02 2.010581978684200521e-11
1.902500000000000000e+02 2.121764743068244030e-11
1.903909999999999911e+02 1.996281959182333310e-11
1.905310000000000059e+02 1.921564643514450665e-11
1.906560000000000059e+02 1.969827252701339404e-11
1.907810000000000059e+02 2.033461940498249021e-11
1.909219999999999970e+02 2.022379659571971189e-11
1.910469999999999970e+02 2.066352124130421686e-11
1.911719999999999970e+02 2.045974500930469731e-11
1.913129999999999882e+02 1.998069765196675007e-11
1.914530000000000030e+02 2.008079813542451575e-11
1.915780000000000030e+02 2.085657341277524779e-11
1.917030000000000030e+02 1.999141997777176272e-11
1.918280000000000030e+02 1.968754673176142944e-11
1.919689999999999941e+02 1.919419484464057746e-11
1.920939999999999941e+02 1.929072179773783091e-11
1.922189999999999941e+02 2.062777032518781084e-11
1.923600000000000136e+02 1.961961842988912963e-11
1.924850000000000136e+02 2.046689380474919773e-11
1.926100000000000136e+02 2.086014694313576001e-11
1.927500000000000000e+02 2.053839737170548574e-11
1.928750000000000000e+02 2.094952163134156109e-11
1.930000000000000000e+02 2.003789668914013333e-11
1.931409999999999911e+02 2.024524298205321315e-11
1.932659999999999911e+02 1.974831929929532492e-11
1.933909999999999911e+02 1.843629242326283446e-11
1.935310000000000059e+02 2.020592200502324687e-11
1.936560000000000059e+02 2.060274693904684540e-11
1.937810000000000059e+02 1.993779620568236766e-11
1.939219999999999970e+02 1.869011889699123685e-11
1.940469999999999970e+02 1.949091929520641031e-11
1.941719999999999970e+02 2.072787254336905249e-11
1.943129999999999882e+02 2.011654905154092177e-11
1.944379999999999882e+02 1.980194654083167194e-11
1.945629999999999882e+02 2.027742210253258293e-11
1.946879999999999882e+02 2.070642268758859927e-11
1.948280000000000030e+02 2.000571930338423954e-11
1.949530000000000030e+02 1.920492063989254206e-11
1.950780000000000030e+02 1.990204528956596164e-11
1.952189999999999941e+02 1.979121901085623136e-11
1.953439999999999941e+02 2.062777205991128682e-11
1.954689999999999941e+02 2.079937437560186453e-11
1.956100000000000136e+02 2.093164530592162009e-11
1.957350000000000136e+02 1.879736991061697893e-11
1.958600000000000136e+02 2.030959428411804879e-11
1.960000000000000000e+02 2.079222037598693618e-11
1.961250000000000000e+02 1.960889610408411698e-11
1.962500000000000000e+02 1.984841804802961462e-11
1.963909999999999911e+02 1.980551833646870818e-11
1.965159999999999911e+02 1.972329591315435948e-11
1.966409999999999911e+02 2.006292181000457475e-11
1.967810000000000059e+02 2.060989573449134582e-11
1.969060000000000059e+02 2.035249573040243121e-11
1.970310000000000059e+02 1.975904682927076550e-11
1.971719999999999970e+02 2.135707236061712422e-11
1.972969999999999970e+02 1.950879562062635131e-11
1.974219999999999970e+02 2.105677264496730317e-11
1.975469999999999970e+02 1.899041861264105790e-11
1.976879999999999882e+02 2.002001862899671636e-11
1.978129999999999882e+02 1.937651948613616781e-11
1.979379999999999882e+02 1.907621977048634676e-11
1.980780000000000030e+02 2.026312104219663013e-11
1.982189999999999941e+02 1.976262035963127772e-11
1.983439999999999941e+02 1.959817030883215239e-11
1.984689999999999941e+02 2.145717457879836587e-11
1.986100000000000136e+02 1.920849590497653026e-11
1.987350000000000136e+02 1.923351929111749570e-11
1.988600000000000136e+02 1.966967040634148844e-11
1.990000000000000000e+02 2.065637071113624046e-11
1.991250000000000000e+02 1.998427118232726230e-11
1.992500000000000000e+02 1.940154460700060923e-11
1.993909999999999911e+02 2.183969671776253563e-11
1.995159999999999911e+02 1.988774422923000884e-11
1.996409999999999911e+02 1.944802131836897985e-11
1.997810000000000059e+02 2.010224972592844495e-11
1.999060000000000059e+02 2.049192239506059110e-11
2.000469999999999970e+02 1.982339292716517321e-11
2.001719999999999970e+02 1.979837127574768374e-11
2.002969999999999970e+02 1.952309494623882813e-11
2.004379999999999882e+02 2.056341902312297520e-11
2.005780000000000030e+02 2.075647119459400614e-11
2.007030000000000030e+02 2.044186868388475631e-11
2.008280000000000030e+02 2.080228524159455361e-11
2.009689999999999941e+02 1.905119464962190534e-11
2.010939999999999941e+02 2.096739795676150209e-11
2.012189999999999941e+02 2.015944702837835223e-11
2.013600000000000136e+02 2.078004261718557899e-11
2.015000000000000000e+02 1.966967040634148844e-11
2.016250000000000000e+02 1.924781861672997252e-11
2.017500000000000000e+02 2.074217186898152931e-11
2.018909999999999911e+02 2.065637071113624046e-11
2.020159999999999911e+02 1.959817204355562836e-11
2.021409999999999911e+02 1.978764548049571914e-11
2.022659999999999911e+02 1.842914536254181002e-11
2.024060000000000059e+02 1.871872101766314245e-11
2.025310000000000059e+02 1.980194480610819596e-11
2.026560000000000059e+02 1.974117050385082450e-11
2.027969999999999970e+02 2.079221864126346020e-11
2.029219999999999970e+02 2.017017108890684085e-11
2.030629999999999882e+02 1.987701843397804424e-11
2.031879999999999882e+02 1.956599465779973457e-11
2.033280000000000030e+02 1.954097127165876913e-11
2.034530000000000030e+02 2.127484993730277552e-11
2.035780000000000030e+02 1.995209726601832045e-11
2.037189999999999941e+02 2.072813448661392499e-11
2.038439999999999941e+02 1.929071659356740298e-11
2.039689999999999941e+02 2.102102519829784910e-11
2.041100000000000136e+02 1.987344663834100800e-11
2.042500000000000000e+02 2.029171969342158377e-11
2.043750000000000000e+02 1.940154634172408521e-11
2.045000000000000000e+02 2.165022154609896887e-11
2.046409999999999911e+02 2.029529495850557197e-11
2.047659999999999911e+02 1.933361977457526137e-11
2.048909999999999911e+02 2.020949727010723507e-11
2.050159999999999911e+02 2.037037032109889623e-11
2.051560000000000059e+02 2.084227061771581901e-11
2.052810000000000059e+02 1.998784644741125049e-11
2.054060000000000059e+02 1.930144759298979551e-11
2.055469999999999970e+02 1.995924432673934490e-11
2.056719999999999970e+02 2.030244722339702435e-11
2.057969999999999970e+02 2.072072027847760012e-11
2.059379999999999882e+02 1.935149436527172639e-11
2.060780000000000030e+02 1.963034595986457020e-11
2.062030000000000030e+02 1.980552007119218416e-11
2.063280000000000030e+02 1.923709455620148390e-11
2.064689999999999941e+02 2.038824664651883722e-11
2.066100000000000136e+02 2.046689553947267370e-11
2.067350000000000136e+02 2.080294790596237675e-11
2.068600000000000136e+02 1.958386924849619959e-11
2.070000000000000000e+02 2.006649707508856295e-11
2.071250000000000000e+02 1.924424508636946030e-11
2.072500000000000000e+02 2.000572103810771551e-11
2.073750000000000000e+02 1.999142171249523869e-11
2.075159999999999911e+02 1.971614711770985906e-11
2.076409999999999911e+02 1.914056760310423044e-11
2.077810000000000059e+02 1.971256838317891891e-11
2.079060000000000059e+02 1.884741841762238579e-11
2.080469999999999970e+02 1.958744451358018779e-11
2.081719999999999970e+02 1.951236915098686353e-11
2.082969999999999970e+02 2.067252445614453649e-11
2.084379999999999882e+02 1.862934459473386539e-11
2.085629999999999882e+02 1.975904335982381355e-11
2.086879999999999882e+02 1.938009475122015601e-11
2.088280000000000030e+02 1.996997012199130950e-11
2.089530000000000030e+02 2.040254423740783807e-11
2.090939999999999941e+02 1.975189629910278910e-11
2.092189999999999941e+02 2.130344858852772916e-11
2.093600000000000136e+02 1.959101977866417599e-11
2.094850000000000136e+02 2.024167118641617691e-11
2.096100000000000136e+02 1.944802131836897985e-11
2.097350000000000136e+02 1.965537108072901162e-11
2.098750000000000000e+02 2.004862074966862195e-11
2.100000000000000000e+02 1.993422094059837946e-11
2.101409999999999911e+02 2.034892046531844301e-11
2.102659999999999911e+02 1.974831929929532492e-11
2.104060000000000059e+02 1.949449456029039851e-11
2.106250000000000000e+02 1.913699580746719420e-11
2.107500000000000000e+02 2.036321805620744385e-11
2.108750000000000000e+02 1.990562228937342582e-11
2.110159999999999911e+02 2.006649187091813502e-11
2.111409999999999911e+02 1.938367175102762019e-11
2.112659999999999911e+02 2.033104760934545396e-11
2.114060000000000059e+02 2.063134732499527502e-11
2.115310000000000059e+02 1.995924779618629685e-11
2.116560000000000059e+02 2.116759718895355746e-11
2.117969999999999970e+02 1.906721829036950311e-11
2.119219999999999970e+02 1.996639832635427325e-11
2.120469999999999970e+02 1.978407021541173094e-11
2.121879999999999882e+02 2.104604858443881454e-11
