Start time (s) =
1547811584
'Reltime', '44.00[A]'
0.000000000000000000e+00 1.956599639252321055e-11
1.400000000000000133e-01 1.863292159454132957e-11
2.650000000000000133e-01 1.985557204764454298e-11
4.060000000000000275e-01 2.123195022574186908e-11
5.310000000000000275e-01 1.954454653674275733e-11
6.560000000000000275e-01 1.892607251474665020e-11
7.970000000000000417e-01 1.976262035963127772e-11
9.220000000000000417e-01 1.994494673585034406e-11
1.046999999999999931e+00 1.973759350404336033e-11
1.187000000000000055e+00 1.948734576484589809e-11
1.312000000000000055e+00 1.864364392034634221e-11
1.437000000000000055e+00 1.825754478157470828e-11
1.562000000000000055e+00 1.952309668096230411e-11
1.702999999999999847e+00 1.996639485690732130e-11
1.827999999999999847e+00 2.040612297193877822e-11
1.952999999999999847e+00 1.957672045305169917e-11
2.093999999999999861e+00 1.917274498886012424e-11
2.218999999999999861e+00 1.846131927885075186e-11
2.343999999999999861e+00 1.976619388999178994e-11
2.483999999999999986e+00 1.958386924849619959e-11
2.608999999999999986e+00 2.001644509863620414e-11
2.733999999999999986e+00 2.024166771696922495e-11
2.875000000000000000e+00 1.863649339017836581e-11
3.000000000000000000e+00 1.931216991879480815e-11
3.125000000000000000e+00 1.962319716442006978e-11
3.265000000000000124e+00 1.830044449313561472e-11
3.390000000000000124e+00 1.902974652856492810e-11
3.515000000000000124e+00 1.926569667687338949e-11
3.656000000000000139e+00 1.981267060136016056e-11
3.781000000000000139e+00 1.981981939680466098e-11
3.906000000000000139e+00 2.025954577711264193e-11
4.046999999999999709e+00 2.012727137734593441e-11
4.171999999999999709e+00 1.937294248632870364e-11
4.312000000000000277e+00 1.873301860855214329e-11
4.437000000000000277e+00 2.010939505192599341e-11
4.578000000000000291e+00 1.807521840535564195e-11
4.703000000000000291e+00 1.965894634581299982e-11
4.844000000000000306e+00 1.781424313618273914e-11
4.969000000000000306e+00 1.946946943942595709e-11
5.094000000000000306e+00 1.850422072513513427e-11
5.233999999999999986e+00 1.956599465779973457e-11
5.358999999999999986e+00 2.025597051202865373e-11
5.483999999999999986e+00 1.942656972786505065e-11
5.625000000000000000e+00 2.017732161907481725e-11
5.750000000000000000e+00 1.857214382283700616e-11
5.875000000000000000e+00 1.939439407683263283e-11
6.014999999999999680e+00 1.835764526503247396e-11
6.139999999999999680e+00 2.046332027438868550e-11
6.264999999999999680e+00 2.004861901494514598e-11
6.405999999999999694e+00 1.962676896005710603e-11
6.546999999999999709e+00 1.919061784483311328e-11
6.671999999999999709e+00 1.888674459882278001e-11
6.796999999999999709e+00 1.921206943533704248e-11
6.937000000000000277e+00 1.919419484464057746e-11
7.062000000000000277e+00 1.996281785709985712e-11
7.203000000000000291e+00 1.951952141587831591e-11
7.328000000000000291e+00 1.958387098321967557e-11
7.453000000000000291e+00 1.837393084902494422e-11
7.594000000000000306e+00 1.903689532400942852e-11
7.719000000000000306e+00 1.941942266714402621e-11
7.844000000000000306e+00 1.940511813736112146e-11
7.983999999999999986e+00 1.987701843397804424e-11
8.108999999999999986e+00 1.931574344915532038e-11
8.250000000000000000e+00 1.911554595168674098e-11
8.375000000000000000e+00 2.027384336800164277e-11
8.515000000000000568e+00 1.824324198651527951e-11
8.640000000000000568e+00 1.914771986799568282e-11
8.765000000000000568e+00 1.990919755445741401e-11
8.906000000000000583e+00 1.930859465371081995e-11
9.031000000000000583e+00 1.960531910427665281e-11
9.156000000000000583e+00 1.865436971559830681e-11
9.281000000000000583e+00 1.834334246997304518e-11
9.422000000000000597e+00 1.885099368270637399e-11
9.547000000000000597e+00 1.900829493806099890e-11
9.672000000000000597e+00 1.991992161498590264e-11
9.811999999999999389e+00 2.027027157236460653e-11
9.936999999999999389e+00 1.922279523058900708e-11
1.006199999999999939e+01 1.817889415389739582e-11
1.020299999999999940e+01 1.897612275647553304e-11
1.034399999999999942e+01 1.878306885028102613e-11
1.046899999999999942e+01 1.848991793007570550e-11
1.060899999999999999e+01 1.993421920587490348e-11
1.073399999999999999e+01 1.958387445266662752e-11
1.087500000000000000e+01 1.917274325413664826e-11
1.100000000000000000e+01 1.990204702428943762e-11
1.112500000000000000e+01 1.944444431856151567e-11
1.126500000000000057e+01 1.984126925258511420e-11
1.139000000000000057e+01 1.890462092424272100e-11
1.151500000000000057e+01 1.921921996550501888e-11
1.164000000000000057e+01 2.053124684153750934e-11
1.178100000000000058e+01 1.888316933373879181e-11
1.190600000000000058e+01 2.041327003265980267e-11
1.203100000000000058e+01 1.901901899858948752e-11
1.217200000000000060e+01 1.921921996550501888e-11
1.229700000000000060e+01 1.960889436936064101e-11
1.242200000000000060e+01 1.890819618932670920e-11
1.256199999999999939e+01 2.091019718486464285e-11
1.270299999999999940e+01 1.982696992697263738e-11
1.282799999999999940e+01 1.895109243144066369e-11
1.295299999999999940e+01 1.925139735126091267e-11
1.309399999999999942e+01 1.926569667687338949e-11
1.323399999999999999e+01 1.795366806611742305e-11
1.335899999999999999e+01 2.004504721930810973e-11
1.348399999999999999e+01 1.934076857001976180e-11
1.362500000000000000e+01 1.909051736137534760e-11
1.375000000000000000e+01 1.973402170840632408e-11
1.387500000000000000e+01 1.969469379248245389e-11
1.400000000000000000e+01 1.932289571404677275e-11
1.414000000000000057e+01 1.865436798087483083e-11
1.428100000000000058e+01 1.907979330084685898e-11
1.440600000000000058e+01 1.930501765390335578e-11
1.453100000000000058e+01 1.861861879948190079e-11
1.467200000000000060e+01 1.882239850092837230e-11
1.479700000000000060e+01 1.963749302058559465e-11
1.492200000000000060e+01 1.995209553129484448e-11
1.506199999999999939e+01 1.882954209220244479e-11
1.518699999999999939e+01 1.906907097504184634e-11
1.531199999999999939e+01 2.015587176329436403e-11
1.545299999999999940e+01 1.994852200093433225e-11
1.557799999999999940e+01 1.962319716442006978e-11
1.570299999999999940e+01 1.877234305502906153e-11
1.584399999999999942e+01 1.884384315253839759e-11
1.596899999999999942e+01 1.905834517978988174e-11
1.609400000000000119e+01 2.029529495850557197e-11
1.623400000000000176e+01 1.974474403421133673e-11
1.637500000000000000e+01 1.961604489952861741e-11
1.650000000000000000e+01 1.984842151747656658e-11
1.662500000000000000e+01 1.966609514125750025e-11
1.675000000000000000e+01 2.002359389408070456e-11
1.689000000000000057e+01 1.961604663425209338e-11
1.703099999999999881e+01 1.947304470450994529e-11
1.715599999999999881e+01 1.900829493806099890e-11
1.728099999999999881e+01 1.949091929520641031e-11
1.742200000000000060e+01 1.872944334346815509e-11
1.754700000000000060e+01 1.910839542151876458e-11
1.767200000000000060e+01 1.977691968524375454e-11
1.781200000000000117e+01 1.907264624012583454e-11
1.795299999999999940e+01 1.993064567551439126e-11
1.807799999999999940e+01 1.918347078411208884e-11
1.820299999999999940e+01 1.986272257781251938e-11
1.834400000000000119e+01 1.912627001221522960e-11
1.846900000000000119e+01 1.926927194195737769e-11
1.859400000000000119e+01 2.045259621386019688e-11
1.873400000000000176e+01 1.948019523467792169e-11
1.885900000000000176e+01 1.982339639661212516e-11
1.898400000000000176e+01 1.897611928702858108e-11
1.910900000000000176e+01 1.870441648788023770e-11
1.925000000000000000e+01 1.909767136099027596e-11
1.937500000000000000e+01 2.000889905151570503e-11
1.950000000000000000e+01 1.876161552505362096e-11
1.964000000000000057e+01 1.919062131428006523e-11
1.976500000000000057e+01 1.924424682109293627e-11
1.990599999999999881e+01 1.956599465779973457e-11
2.003099999999999881e+01 1.971971891334689531e-11
2.017200000000000060e+01 1.941584566733656203e-11
2.031200000000000117e+01 1.855069396705655294e-11
2.043700000000000117e+01 1.931217165351828413e-11
2.056200000000000117e+01 1.857929608772845853e-11
2.070299999999999940e+01 1.806807134463461750e-11
2.082799999999999940e+01 1.911554074751631305e-11
2.095299999999999940e+01 1.922994576075698347e-11
2.109400000000000119e+01 1.935864489543970279e-11
2.121900000000000119e+01 1.978406848068825497e-11
2.134400000000000119e+01 1.972687117823834768e-11
2.146900000000000119e+01 1.952666847659934035e-11
2.160900000000000176e+01 1.807164487499512973e-11
2.173400000000000176e+01 1.918347251883556481e-11
2.185900000000000176e+01 1.886887000812631499e-11
2.200000000000000000e+01 1.892606731057622227e-11
2.212500000000000000e+01 1.816101956320093080e-11
2.225000000000000000e+01 1.985914384328157922e-11
2.239000000000000057e+01 1.945516837909000429e-11
2.253099999999999881e+01 1.966251987617351205e-11
2.265599999999999881e+01 1.791791715000101703e-11
2.278099999999999881e+01 1.953381900676731675e-11
2.292200000000000060e+01 1.955884412763175817e-11
2.306200000000000117e+01 1.961246789972115323e-11
2.318700000000000117e+01 1.843987115779377461e-11
2.331200000000000117e+01 1.998069244779632214e-11
2.345299999999999940e+01 1.841484256748238124e-11
2.357799999999999940e+01 1.899756914280903430e-11
2.370299999999999940e+01 1.939797107664009701e-11
2.384400000000000119e+01 1.835049300014102158e-11
2.396900000000000119e+01 1.825039425140673188e-11
2.410900000000000176e+01 1.909051909609882358e-11
2.423400000000000176e+01 1.956957165760719874e-11
2.435900000000000176e+01 1.807522014007911793e-11
2.450000000000000000e+01 1.851136952057963470e-11
2.462500000000000000e+01 1.933719330493577360e-11
2.475000000000000000e+01 1.882597029656540855e-11
2.489000000000000057e+01 1.884384315253839759e-11
2.501500000000000057e+01 1.909051909609882358e-11
2.514000000000000057e+01 2.038824317707188527e-11
2.528099999999999881e+01 1.919777010972456566e-11
2.540599999999999881e+01 1.922994576075698347e-11
2.554700000000000060e+01 1.914771986799568282e-11
2.567200000000000060e+01 1.889389686371423238e-11
2.581200000000000117e+01 1.815029203322549023e-11
2.593700000000000117e+01 1.915844739797112339e-11
2.606200000000000117e+01 1.936937242541514337e-11
2.620299999999999940e+01 1.891534498477120962e-11
2.632799999999999940e+01 1.901544373350549932e-11
2.645299999999999940e+01 1.921564470042103068e-11
2.659400000000000119e+01 1.889032159863024418e-11
2.671900000000000119e+01 1.868654536663072463e-11
2.685900000000000176e+01 1.891534325004773365e-11
2.698400000000000176e+01 1.869726942715921325e-11
2.710900000000000176e+01 1.816101782847745483e-11
2.725000000000000000e+01 1.867224083684781988e-11
2.737500000000000000e+01 1.896182169613958024e-11
2.750000000000000000e+01 1.940511987208459743e-11
2.764000000000000057e+01 1.923709455620148390e-11
2.776500000000000057e+01 1.993064914496134321e-11
2.789000000000000057e+01 1.874732140361157207e-11
2.803099999999999881e+01 2.011654558209396981e-11
2.815599999999999881e+01 1.946589764378892085e-11
2.828099999999999881e+01 1.846846807429525228e-11
2.842200000000000060e+01 1.910429106577460345e-11
2.856200000000000117e+01 1.909409436118281178e-11
2.868700000000000117e+01 1.865079271579084264e-11
2.881200000000000117e+01 2.028099389816961917e-11
2.895299999999999940e+01 1.909767136099027596e-11
2.907799999999999940e+01 1.909766962626679998e-11
2.921900000000000119e+01 1.886529647776580276e-11
2.934400000000000119e+01 1.981624586644414876e-11
2.946900000000000119e+01 1.977691968524375454e-11
2.960900000000000176e+01 2.017374288454387710e-11
2.973400000000000176e+01 1.900114093844607055e-11
2.985900000000000176e+01 1.864721745070685444e-11
3.000000000000000000e+01 1.909409609590628776e-11
3.012500000000000000e+01 2.079221864126346020e-11
3.025000000000000000e+01 1.998069418251979812e-11
3.039000000000000057e+01 2.044902094877620868e-11
3.051500000000000057e+01 1.902272610265764996e-11
3.064000000000000057e+01 1.942656972786505065e-11
3.078099999999999881e+01 1.919062131428006523e-11
3.092200000000000060e+01 1.992349341062293888e-11
3.104700000000000060e+01 1.924781861672997252e-11
3.117200000000000060e+01 1.884384315253839759e-11
3.129700000000000060e+01 1.954096953693529315e-11
3.143700000000000117e+01 1.933719503965924957e-11
3.156200000000000117e+01 1.975189629910278910e-11
3.168700000000000117e+01 1.837194459064495078e-11
3.182799999999999940e+01 1.987702190342499620e-11
3.195299999999999940e+01 1.926211967706592532e-11
3.209400000000000119e+01 1.998069765196675007e-11
3.221900000000000119e+01 1.938367175102762019e-11
3.235900000000000176e+01 1.953024721113028050e-11
3.248400000000000176e+01 1.987702016870152022e-11
3.262500000000000000e+01 1.936937069069166739e-11
3.275000000000000000e+01 1.948019523467792169e-11
3.289000000000000057e+01 1.902616952875746392e-11
3.301500000000000057e+01 1.892263082337031221e-11
3.314000000000000057e+01 1.922279696531248305e-11
3.328099999999999881e+01 1.927999773720934229e-11
3.340599999999999881e+01 1.849707192969063385e-11
3.353099999999999881e+01 1.821106980492981364e-11
3.367199999999999704e+01 1.875446846433259651e-11
3.379699999999999704e+01 1.963391775550160645e-11
3.392199999999999704e+01 1.971972064807037128e-11
3.404699999999999704e+01 1.905834517978988174e-11
3.418699999999999761e+01 2.038824838124231320e-11
3.431199999999999761e+01 1.876161899450057291e-11
3.443699999999999761e+01 1.909766789154332400e-11
3.457800000000000296e+01 1.885456894779036219e-11
3.471900000000000119e+01 1.988059716850898440e-11
3.484400000000000119e+01 1.985914557800505520e-11
3.498400000000000176e+01 1.894394363599616327e-11
3.510900000000000176e+01 1.875446846433259651e-11
3.525000000000000000e+01 1.912269474713124140e-11
3.537500000000000000e+01 1.866152024576628321e-11
3.550000000000000000e+01 1.968039620159345304e-11
3.564000000000000057e+01 2.035964799529388358e-11
3.576500000000000057e+01 1.911554421696326500e-11
3.589000000000000057e+01 1.848276913463120508e-11
3.603099999999999881e+01 1.809666826113609517e-11
3.615599999999999881e+01 1.909052083082229956e-11
3.629699999999999704e+01 1.930144585826631953e-11
3.642199999999999704e+01 1.781424140145926316e-11
3.654699999999999704e+01 2.008436993106155199e-11
3.668699999999999761e+01 1.920491890516906608e-11
3.681199999999999761e+01 1.962319716442006978e-11
3.693699999999999761e+01 1.824324198651527951e-11
3.707800000000000296e+01 1.951952141587831591e-11
3.721900000000000119e+01 1.974474750365828868e-11
3.734400000000000119e+01 1.923709455620148390e-11
3.746900000000000119e+01 1.781424313618273914e-11
3.760900000000000176e+01 1.883669609181737314e-11
3.773400000000000176e+01 1.935506616090876264e-11
3.785900000000000176e+01 1.822179560018177824e-11
3.800000000000000000e+01 1.950164682518185089e-11
3.812500000000000000e+01 1.905834691451335772e-11
3.825000000000000000e+01 1.857929435300498255e-11
3.839000000000000057e+01 1.925139388181396072e-11
3.851500000000000057e+01 1.911554595168674098e-11
3.865599999999999881e+01 1.911541064325561479e-11
3.878099999999999881e+01 1.981624586644414876e-11
3.890599999999999881e+01 1.948734403012242211e-11
3.904699999999999704e+01 1.812169511672401256e-11
3.917199999999999704e+01 1.966251814145003607e-11
3.929699999999999704e+01 1.957314518796771097e-11
3.943699999999999761e+01 1.822536913054229046e-11
3.956199999999999761e+01 1.944801958364550387e-11
3.968699999999999761e+01 1.654154070662716691e-11
3.982800000000000296e+01 1.847919560427069285e-11
3.995300000000000296e+01 1.852924411127609972e-11
4.007800000000000296e+01 1.827184584191066108e-11
4.021900000000000119e+01 1.954097127165876913e-11
4.034400000000000119e+01 1.987344490361753202e-11
4.046900000000000119e+01 1.925497088162142489e-11
4.060900000000000176e+01 1.829686575860467457e-11
4.073400000000000176e+01 1.868296836682326045e-11
4.087500000000000000e+01 1.959101804394070001e-11
4.100000000000000000e+01 1.825396951649072008e-11
4.114000000000000057e+01 1.988417069886949662e-11
4.126500000000000057e+01 1.975189456437931312e-11
4.140599999999999881e+01 1.899757087753251028e-11
4.153099999999999881e+01 1.881881803167395617e-11
4.165599999999999881e+01 1.836651490616514337e-11
4.179699999999999704e+01 1.951237088571033951e-11
4.192199999999999704e+01 1.845774574849023963e-11
4.204699999999999704e+01 1.915129339835619504e-11
4.218699999999999761e+01 1.823251792598679089e-11
4.232800000000000296e+01 1.878664411536501433e-11
4.245300000000000296e+01 1.929429359337486716e-11
4.257800000000000296e+01 1.860789473895341217e-11
4.271900000000000119e+01 1.996997185671478547e-11
4.284400000000000119e+01 1.975904335982381355e-11
4.296900000000000119e+01 1.908694383101483538e-11
4.310900000000000176e+01 1.931216991879480815e-11
4.323400000000000176e+01 2.045617147894418508e-11
4.335900000000000176e+01 1.849706846024368190e-11
4.350000000000000000e+01 1.954097127165876913e-11
4.362500000000000000e+01 1.916201572416120769e-11
4.376500000000000057e+01 1.781782013599020331e-11
4.389000000000000057e+01 1.806807134463461750e-11
4.401500000000000057e+01 1.896181996141610426e-11
4.415599999999999881e+01 1.936937069069166739e-11
4.428099999999999881e+01 1.962677242950405798e-11
4.440599999999999881e+01 1.979479427594021956e-11
4.454699999999999704e+01 1.857214382283700616e-11
4.468699999999999761e+01 1.943014499294903885e-11
4.481199999999999761e+01 1.928714653265384271e-11
4.493699999999999761e+01 1.935506789563223862e-11
4.507800000000000296e+01 1.885457241723731414e-11
4.520300000000000296e+01 1.956957165760719874e-11
4.535900000000000176e+01 1.858286788336549478e-11
4.550000000000000000e+01 1.942656972786505065e-11
4.564000000000000057e+01 1.873659387363613149e-11
4.576500000000000057e+01 1.763549375977113698e-11
4.590599999999999881e+01 1.975189282965583715e-11
4.603099999999999881e+01 1.905834691451335772e-11
4.615599999999999881e+01 1.835764179558552200e-11
4.629699999999999704e+01 1.851494305094014692e-11
4.642199999999999704e+01 1.860789473895341217e-11
4.654699999999999704e+01 1.920492237461601803e-11
4.668699999999999761e+01 1.926211967706592532e-11
4.681199999999999761e+01 1.851852178547108707e-11
4.695300000000000296e+01 1.926927020723390171e-11
4.707800000000000296e+01 1.902974305911797614e-11
4.721900000000000119e+01 1.842556662801086986e-11
4.734400000000000119e+01 1.790719482419600439e-11
4.746900000000000119e+01 1.890819445460323323e-11
4.760900000000000176e+01 1.905834517978988174e-11
4.773400000000000176e+01 1.876161725977709693e-11
4.785900000000000176e+01 1.945874364417399249e-11
4.798400000000000176e+01 1.895824469633211606e-11
4.812500000000000000e+01 1.877949185047356195e-11
4.825000000000000000e+01 1.919419484464057746e-11
4.837500000000000000e+01 2.052409631136953294e-11
4.851500000000000057e+01 2.511082314304857732e-11
4.864000000000000057e+01 2.695910335248630219e-11
4.878099999999999881e+01 2.825325390309885165e-11
4.890599999999999881e+01 2.724867900760763462e-11
4.904699999999999704e+01 2.844273080948589438e-11
4.917199999999999704e+01 2.738095687682129409e-11
4.931199999999999761e+01 2.691262837584140755e-11
4.943699999999999761e+01 2.835335438655661733e-11
4.957800000000000296e+01 2.754897872325745567e-11
4.970300000000000296e+01 2.755612925342543207e-11
4.982800000000000296e+01 2.750607727697307325e-11
4.996900000000000119e+01 2.678750277151920045e-11
5.009400000000000119e+01 2.783140558293428768e-11
5.021900000000000119e+01 2.689474858097451460e-11
5.034400000000000119e+01 2.825325390309885165e-11
5.048400000000000176e+01 2.927928038909399788e-11
5.060900000000000176e+01 2.874660232077275168e-11
5.073400000000000176e+01 2.725582780305213504e-11
5.087500000000000000e+01 2.637995204224363732e-11
5.100000000000000000e+01 2.810588740909114591e-11
5.112500000000000000e+01 2.889317951559888797e-11
5.126500000000000057e+01 2.977977933693587431e-11
5.140599999999999881e+01 2.755970451850942027e-11
5.153099999999999881e+01 2.904690203642257273e-11
5.165599999999999881e+01 2.787073002941120592e-11
5.179699999999999704e+01 2.759902723026286253e-11
5.193699999999999761e+01 2.750965254205706145e-11
5.206199999999999761e+01 2.955918843028371157e-11
5.218699999999999761e+01 2.862863071606547294e-11
5.232800000000000296e+01 2.838023045736992600e-11
5.245300000000000296e+01 2.917560637527571998e-11
5.257800000000000296e+01 2.926855285911855731e-11
5.270300000000000296e+01 2.783855437837878810e-11
5.284400000000000119e+01 2.954383265807436487e-11
5.298400000000000176e+01 2.732017910511697067e-11
5.310900000000000176e+01 2.840340289356202419e-11
5.323400000000000176e+01 2.967253526220403614e-11
5.337500000000000000e+01 2.785285370399126492e-11
5.350000000000000000e+01 2.713427746381391614e-11
5.362500000000000000e+01 2.774203089472848660e-11
5.376500000000000057e+01 2.736307881667787711e-11
5.389000000000000057e+01 2.807092752687978532e-11
5.401500000000000057e+01 2.856070067946969715e-11
5.415599999999999881e+01 2.787073176413468190e-11
5.428099999999999881e+01 2.798724793584561610e-11
5.440599999999999881e+01 2.907908289162541848e-11
5.454699999999999704e+01 2.859645853448000707e-11
5.467199999999999704e+01 2.847132946071084802e-11
5.479699999999999704e+01 2.694175785245001009e-11
5.493699999999999761e+01 2.799942916409392524e-11
5.507800000000000296e+01 2.797440404322948382e-11
5.520300000000000296e+01 2.798155283867398424e-11
5.534400000000000119e+01 2.834263206075160468e-11
5.546900000000000119e+01 2.796010124817005504e-11
5.559400000000000119e+01 2.936865681202327494e-11
5.573400000000000176e+01 2.787072655996425397e-11
5.585900000000000176e+01 2.851780790680269462e-11
5.598400000000000176e+01 2.885385680384544571e-11
5.612500000000000000e+01 2.962962861174922580e-11
5.625000000000000000e+01 2.829615534938323407e-11
5.637500000000000000e+01 2.774918142489646300e-11
5.651500000000000057e+01 2.697697447373581525e-11
5.664000000000000057e+01 2.785285196926778895e-11
5.676500000000000057e+01 2.732375090075400692e-11
5.690599999999999881e+01 2.946875729548104061e-11
5.703099999999999881e+01 2.784570317382328852e-11
5.715599999999999881e+01 2.847132946071084802e-11
5.729699999999999704e+01 2.870727613957235747e-11
5.742199999999999704e+01 2.779207766701041749e-11
5.756199999999999761e+01 2.919348096597218500e-11
5.768699999999999761e+01 2.833905679566761648e-11
5.781199999999999761e+01 2.771700403914056920e-11
5.795300000000000296e+01 2.905763130112148929e-11
5.809400000000000119e+01 2.889556822982530804e-11
5.821900000000000119e+01 2.918275343599674443e-11
5.834400000000000119e+01 2.768482838810815139e-11
5.848400000000000176e+01 2.792077853641661278e-11
5.860900000000000176e+01 2.843915727912538216e-11
5.873400000000000176e+01 2.853210549769169546e-11
5.887500000000000000e+01 2.787787709013223036e-11
5.901500000000000057e+01 2.912555613354683715e-11
5.914000000000000057e+01 2.870013081357480900e-11
5.926500000000000057e+01 2.963320214210973802e-11
5.940599999999999881e+01 2.933648463043780907e-11
5.953099999999999881e+01 2.854282955822018408e-11
5.965599999999999881e+01 2.805305293618332030e-11
5.979699999999999704e+01 2.731660557475645845e-11
5.992199999999999704e+01 2.885027980403798153e-11
6.004699999999999704e+01 2.848205525596281262e-11
6.017199999999999704e+01 2.865365410220643838e-11
6.031199999999999761e+01 2.806735399651927310e-11
6.043699999999999761e+01 2.846417893054287163e-11
6.056199999999999761e+01 2.882525294845006414e-11
6.070300000000000296e+01 2.863578124623344934e-11
6.082800000000000296e+01 2.775990548542495162e-11
6.095300000000000296e+01 2.799227516447899689e-11
6.109400000000000119e+01 2.807093099632673727e-11
6.123400000000000176e+01 2.797440404322948382e-11
6.135900000000000176e+01 2.830330414482773449e-11
6.148400000000000176e+01 2.873614540765956349e-11
6.162500000000000000e+01 2.925425179878260451e-11
6.176500000000000057e+01 2.960461042977868829e-11
6.189000000000000057e+01 2.830330241010425851e-11
6.201500000000000057e+01 2.924710126861462811e-11
6.215599999999999881e+01 2.765980500196718594e-11
6.228099999999999881e+01 2.840340462828550017e-11
6.240599999999999881e+01 2.868583148796233218e-11
6.253099999999999881e+01 2.817460154069806322e-11
6.267199999999999704e+01 2.956528424857829407e-11
6.281199999999999761e+01 2.876580744437529091e-11
6.293699999999999761e+01 2.783140037876385975e-11
6.306199999999999761e+01 2.843200501423392978e-11
6.320300000000000296e+01 2.941155652358418138e-11
6.332800000000000296e+01 2.820320192664649284e-11
6.345300000000000296e+01 2.833548153058362828e-11
6.359400000000000119e+01 2.830330241010425851e-11
6.371900000000000119e+01 2.835335438655661733e-11
6.384400000000000119e+01 2.857857873961311412e-11
6.398400000000000176e+01 2.854997835366468451e-11
6.412500000000000000e+01 2.913985719388278994e-11
6.425000000000000000e+01 2.911125854265783630e-11
6.437500000000000000e+01 2.959030936944273549e-11
6.451500000000000057e+01 2.868940501832284440e-11
6.464000000000000057e+01 2.788860115066071899e-11
6.476500000000000057e+01 2.991205547142605781e-11
6.490600000000000591e+01 2.832475747005513966e-11
6.503100000000000591e+01 2.832832753096869993e-11
6.515600000000000591e+01 2.819248307028843215e-11
6.529699999999999704e+01 2.878235497161263368e-11
6.542199999999999704e+01 2.857858047433659010e-11
6.556199999999999761e+01 2.837122897725308235e-11
6.568699999999999761e+01 2.871800540427127402e-11
6.581199999999999761e+01 2.742027785385126037e-11
6.595300000000000296e+01 2.962605508138871357e-11
6.607800000000000296e+01 3.034105605648207415e-11
6.620300000000000296e+01 2.856785294436114953e-11
6.634399999999999409e+01 2.869655381376734482e-11
6.646899999999999409e+01 2.835057362482462651e-11
6.659399999999999409e+01 2.823895631220985081e-11
6.673399999999999466e+01 2.822107825206643383e-11
6.685899999999999466e+01 2.858930280014160275e-11
6.698399999999999466e+01 2.895753081766372361e-11
6.712500000000000000e+01 2.977620580657536209e-11
6.726500000000000057e+01 2.986915922931210332e-11
6.739000000000000057e+01 2.912197913373937297e-11
6.751500000000000057e+01 2.883240521334151651e-11
6.765600000000000591e+01 3.040898088890742201e-11
6.778100000000000591e+01 2.983354188690334752e-11
6.792199999999999704e+01 2.744887997452316597e-11
6.804699999999999704e+01 2.938653140271973996e-11
6.817199999999999704e+01 2.920420849594762558e-11
6.831199999999999761e+01 2.939367499399381245e-11
6.843699999999999761e+01 2.880380309266961092e-11
6.856199999999999761e+01 2.858215573942057830e-11
6.870300000000000296e+01 2.990848194106554558e-11
6.882800000000000296e+01 2.945803323495255199e-11
6.895300000000000296e+01 2.794222665747359002e-11
6.909399999999999409e+01 2.812098123805562011e-11
6.921899999999999409e+01 2.941870358430520582e-11
6.934399999999999409e+01 2.979050686691131489e-11
6.948399999999999466e+01 2.931503303993387988e-11
6.962500000000000000e+01 2.934005469135136934e-11
6.975000000000000000e+01 2.838910356794954737e-11
6.987500000000000000e+01 2.919586100658122518e-11
7.000000000000000000e+01 2.921811056988410371e-11
7.014000000000000057e+01 2.917203284491520776e-11
7.028100000000000591e+01 2.912197566429242102e-11
7.040600000000000591e+01 2.889317951559888797e-11
7.053100000000000591e+01 2.900757758994565449e-11
7.067199999999999704e+01 2.912555613354683715e-11
7.079699999999999704e+01 2.875018279002716781e-11
7.092199999999999704e+01 3.054840755356558191e-11
7.106199999999999761e+01 2.920420155705372167e-11
7.118699999999999761e+01 3.083798841285734227e-11
7.132800000000000296e+01 2.870728134374278540e-11
7.145300000000000296e+01 2.872872946479976264e-11
7.159399999999999409e+01 2.933290763063034490e-11
7.171899999999999409e+01 2.960818049069224855e-11
7.184399999999999409e+01 2.871442840446380984e-11
7.198399999999999466e+01 2.939368193288771636e-11
7.210899999999999466e+01 2.918632696635725665e-11
7.223399999999999466e+01 2.917560290582876803e-11
7.237500000000000000e+01 3.070570880892020682e-11
7.250000000000000000e+01 2.930430204051148735e-11
7.262500000000000000e+01 2.854282782349670811e-11
7.275000000000000000e+01 2.983698357827968550e-11
7.289000000000000057e+01 2.999427789474040651e-11
7.301500000000000057e+01 2.934363169115883352e-11
7.314000000000000057e+01 2.917203284491520776e-11
7.328100000000000591e+01 2.892893390116224595e-11
7.342199999999999704e+01 2.948305835581699341e-11
7.354699999999999704e+01 2.819963186573293257e-11
7.368699999999999761e+01 2.847133293015779998e-11
7.381199999999999761e+01 2.861075439064553194e-11
7.395300000000000296e+01 2.956885777893880629e-11
7.407800000000000296e+01 2.932933063082288072e-11
7.420300000000000296e+01 2.923995420789360367e-11
7.434399999999999409e+01 3.050550437255772351e-11
7.446899999999999409e+01 3.039826029782588535e-11
7.459399999999999409e+01 2.988346028964805612e-11
7.473399999999999466e+01 2.999070436437989429e-11
7.485899999999999466e+01 2.836408365125553388e-11
7.498399999999999466e+01 2.888245372034692338e-11
7.510899999999999466e+01 2.799942742937044926e-11
7.525000000000000000e+01 2.791720674077957653e-11
7.539000000000000057e+01 2.875018105530369183e-11
7.551500000000000057e+01 3.098455519934262270e-11
7.564000000000000057e+01 2.849635458157528944e-11
7.578100000000000591e+01 2.774202916000501062e-11
7.590600000000000591e+01 2.932575710046236850e-11
7.603100000000000591e+01 2.901830511992109507e-11
7.617199999999999704e+01 2.963677914191720220e-11
7.631199999999999761e+01 2.867152869290290340e-11
7.643699999999999761e+01 3.074503499012060104e-11
7.656199999999999761e+01 3.021235692179935484e-11
7.670300000000000296e+01 2.899685873358759380e-11
7.682800000000000296e+01 2.895037855277227123e-11
7.695300000000000296e+01 3.025883710261467741e-11
7.709399999999999409e+01 2.837837950742105875e-11
7.721899999999999409e+01 2.818532560122655184e-11
7.735899999999999466e+01 2.968325238383862086e-11
7.748399999999999466e+01 3.059130726512648835e-11
7.760899999999999466e+01 2.938653487216669191e-11
7.775000000000000000e+01 2.999785836399482264e-11
7.787500000000000000e+01 3.129915771005187253e-11
7.800000000000000000e+01 3.047333566041920960e-11
7.814000000000000057e+01 2.835335438655661733e-11
7.826500000000000057e+01 2.959387943035629576e-11
7.839000000000000057e+01 3.041255788871488619e-11
7.853100000000000591e+01 2.978335633674333849e-11
7.865600000000000591e+01 3.151365626785640472e-11
7.878100000000000591e+01 3.039110282876400504e-11
7.892199999999999704e+01 2.775632675089401147e-11
7.904699999999999704e+01 2.950093294651345843e-11
7.917199999999999704e+01 3.017660427095947284e-11
7.931199999999999761e+01 2.921850608683662642e-11
7.943699999999999761e+01 3.022308098232784346e-11
7.957800000000000296e+01 3.024095557302430848e-11
7.970300000000000296e+01 2.935077875187985796e-11
7.984399999999999409e+01 2.921492908702916225e-11
7.996899999999999409e+01 2.875017758585673988e-11
8.010899999999999466e+01 2.927570338928653371e-11
8.023399999999999466e+01 3.081295635309899694e-11
8.035899999999999466e+01 2.817817854050552739e-11
8.050000000000000000e+01 2.896467961310822403e-11
8.062500000000000000e+01 2.873588346441469099e-11
8.075000000000000000e+01 2.969756038306847756e-11
8.089000000000000057e+01 2.991562553233961808e-11
8.101500000000000057e+01 2.925067826842209229e-11
8.114000000000000057e+01 3.046975866061174543e-11
8.128100000000000591e+01 2.901473158956058285e-11
8.142199999999999704e+01 2.908265295253897875e-11
8.154699999999999704e+01 2.797440751267643577e-11
8.167199999999999704e+01 3.050192737275025934e-11
8.181199999999999761e+01 2.950092600761955453e-11
8.193699999999999761e+01 2.946518029567357644e-11
8.207800000000000296e+01 2.888245718979387533e-11
8.220300000000000296e+01 2.987630282058617581e-11
8.232800000000000296e+01 2.957243477874627047e-11
8.246899999999999409e+01 2.871443187391076179e-11
8.259399999999999409e+01 2.849635458157528944e-11
8.271899999999999409e+01 2.952595806737789985e-11
8.285899999999999466e+01 2.946875382603408866e-11
8.298399999999999466e+01 2.779208287118084542e-11
8.310899999999999466e+01 2.951165353759499510e-11
8.325000000000000000e+01 3.010417956583744115e-11
8.339000000000000057e+01 2.976190474623940929e-11
8.351500000000000057e+01 3.034462958684258638e-11
8.364000000000000057e+01 2.963320561155668997e-11
8.378100000000000591e+01 2.836765544689257013e-11
8.390600000000000591e+01 2.951523053740245928e-11
8.403100000000000591e+01 2.969398338326101339e-11
8.417199999999999704e+01 3.075932911156264993e-11
8.429699999999999704e+01 2.977263227621484987e-11
8.442199999999999704e+01 2.887888018998641115e-11
8.456199999999999761e+01 2.949377894689853008e-11
8.468699999999999761e+01 2.959745296071680798e-11
8.481199999999999761e+01 2.998554529676233926e-11
8.493699999999999761e+01 2.924710473806158006e-11
8.507800000000000296e+01 2.808880385229972632e-11
8.520300000000000296e+01 2.984412716955375799e-11
8.532800000000000296e+01 2.972615903429343120e-11
8.546899999999999409e+01 2.987273275967261554e-11
8.560899999999999466e+01 2.903273801924122210e-11
8.573399999999999466e+01 2.935899093281513217e-11
8.585899999999999466e+01 3.036250764698600335e-11
8.600000000000000000e+01 2.982625951775119688e-11
8.614000000000000057e+01 3.016945721023844840e-11
8.626500000000000057e+01 2.996925971276986900e-11
8.639000000000000057e+01 2.982612420932007069e-11
8.653100000000000591e+01 2.924353120770106784e-11
8.665600000000000591e+01 2.742742664929576080e-11
8.678100000000000591e+01 2.899685352941716587e-11
8.692199999999999704e+01 3.035892717773158722e-11
8.704699999999999704e+01 2.989417394183568888e-11
8.717199999999999704e+01 2.923280367772562727e-11
8.729699999999999704e+01 2.942943111428064640e-11
8.743699999999999761e+01 2.844272907476241841e-11
8.756199999999999761e+01 2.916488578419418332e-11
8.768699999999999761e+01 3.016946067968540035e-11
8.782800000000000296e+01 3.078435423242709135e-11
8.796899999999999409e+01 3.020878339143884261e-11
8.809399999999999409e+01 2.829615708410671004e-11
8.821899999999999409e+01 2.976547827659992151e-11
8.835899999999999466e+01 2.850350337701978987e-11
8.848399999999999466e+01 2.953667865845943652e-11
8.860899999999999466e+01 2.873230646460722681e-11
8.875000000000000000e+01 2.963320214210973802e-11
8.887500000000000000e+01 2.913270666371481354e-11
8.900000000000000000e+01 2.993350706192998700e-11
8.914000000000000057e+01 2.876805738072363283e-11
8.926500000000000057e+01 3.093808889631510795e-11
8.939000000000000057e+01 3.040898435835437397e-11
8.953100000000000591e+01 2.895488189491590703e-11
8.965600000000000591e+01 3.014800908918147115e-11
8.978100000000000591e+01 2.942942764483369444e-11
8.992199999999999704e+01 3.075218205084162548e-11
9.004699999999999704e+01 2.964392967208517859e-11
9.017199999999999704e+01 3.016946067968540035e-11
9.029699999999999704e+01 3.023381198175023599e-11
9.043699999999999761e+01 2.981553198777575631e-11
9.056199999999999761e+01 3.001215595488382348e-11
9.068699999999999761e+01 2.976905874585433764e-11
9.082800000000000296e+01 3.015158608898893533e-11
9.095300000000000296e+01 3.006220272716575437e-11
9.107800000000000296e+01 3.043758300957932761e-11
9.121899999999999409e+01 2.987987982039363999e-11
9.134399999999999409e+01 2.963320908100364193e-11
9.146899999999999409e+01 3.054125355395065355e-11
9.160899999999999466e+01 2.967610185367064446e-11
9.173399999999999466e+01 2.959626294041228789e-11
9.185899999999999466e+01 2.959030936944273549e-11
9.200000000000000000e+01 3.060560832546244114e-11
9.212500000000000000e+01 2.855712888383266090e-11
9.225000000000000000e+01 2.867152869290290340e-11
9.239000000000000057e+01 2.978335980619029044e-11
9.251500000000000057e+01 3.014800908918147115e-11
9.264000000000000057e+01 3.006935672678068272e-11
9.278100000000000591e+01 2.970827750470306228e-11
9.290600000000000591e+01 2.875017932058021586e-11
9.303100000000000591e+01 2.895395208313278346e-11
9.315600000000000591e+01 2.730230277969702968e-11
9.329699999999999704e+01 3.063420697668739479e-11
9.342199999999999704e+01 2.917203284491520776e-11
9.354699999999999704e+01 3.022665451268835568e-11
9.368699999999999761e+01 3.125625452904401413e-11
9.382800000000000296e+01 2.944015517480913502e-11
9.395300000000000296e+01 3.071642940000174349e-11
9.407800000000000296e+01 2.885743033420595793e-11
9.421899999999999409e+01 2.960102649107732020e-11
9.434399999999999409e+01 2.976905527640738569e-11
9.446899999999999409e+01 2.941870358430520582e-11
9.460899999999999466e+01 2.854997661894120853e-11
9.473399999999999466e+01 2.986915575986515137e-11
9.485899999999999466e+01 2.793865486183655378e-11
9.500000000000000000e+01 2.949378241634548203e-11
9.512500000000000000e+01 2.941870705375215778e-11
9.526500000000000057e+01 2.947590782564901701e-11
9.539000000000000057e+01 2.813527882894462095e-11
9.551500000000000057e+01 3.054840755356558191e-11
9.565600000000000591e+01 3.096311401717954936e-11
9.578100000000000591e+01 2.977620233712841014e-11
9.590600000000000591e+01 3.051622843308621214e-11
9.604699999999999704e+01 2.954806538335574828e-11
9.617199999999999704e+01 2.949615898750757026e-11
9.631199999999999761e+01 3.009437837819817219e-11
9.643699999999999761e+01 3.018945163302255708e-11
9.657800000000000296e+01 2.845345660473785898e-11
9.670300000000000296e+01 2.839982936320151197e-11
9.682800000000000296e+01 2.969754997472762170e-11
9.696899999999999409e+01 2.942585411447318222e-11
9.709399999999999409e+01 2.915415131532483883e-11
9.721899999999999409e+01 3.034516388167318723e-11
9.735899999999999466e+01 2.908623168706991891e-11
9.748399999999999466e+01 2.970470397434255005e-11
9.760899999999999466e+01 2.912913313335430132e-11
9.775000000000000000e+01 2.987987982039363999e-11
9.787500000000000000e+01 2.882883168298100429e-11
9.800000000000000000e+01 3.051622843308621214e-11
9.812500000000000000e+01 2.967253526220403614e-11
9.826500000000000057e+01 3.020520986107833039e-11
9.840600000000000591e+01 2.937580734219125134e-11
9.853100000000000591e+01 2.966538473203605975e-11
9.867199999999999704e+01 2.996330267235336464e-11
9.879699999999999704e+01 2.972615903429343120e-11
9.893699999999999761e+01 3.041255441926793424e-11
9.906199999999999761e+01 3.046975519116479347e-11
9.918699999999999761e+01 2.805305640563027225e-11
9.932800000000000296e+01 3.096668754754006159e-11
9.945300000000000296e+01 3.009795537800563636e-11
9.957800000000000296e+01 2.917203284491520776e-11
9.971899999999999409e+01 2.982625604830424493e-11
9.984399999999999409e+01 2.956885777893880629e-11
9.996899999999999409e+01 2.993350706192998700e-11
1.001089999999999947e+02 3.004790166682980157e-11
1.002339999999999947e+02 3.003003401502724046e-11
1.003589999999999947e+02 3.075575211175518575e-11
1.005000000000000000e+02 2.961890108177378522e-11
1.006250000000000000e+02 3.016588021043098422e-11
1.007650000000000006e+02 3.073072699089074433e-11
1.008900000000000006e+02 2.987803060516824871e-11
1.010150000000000006e+02 3.011583690759600529e-11
1.011560000000000059e+02 2.869298028340683260e-11
1.012969999999999970e+02 3.027670475441723852e-11
1.014219999999999970e+02 2.940798299322366915e-11
1.015469999999999970e+02 2.977620927602231404e-11
1.016869999999999976e+02 2.907193062673396611e-11
1.018119999999999976e+02 3.114185298525029566e-11
1.019369999999999976e+02 3.111325433402534202e-11
1.020780000000000030e+02 2.949378241634548203e-11
1.022030000000000030e+02 3.108664714535080975e-11
1.023439999999999941e+02 2.996925971276986900e-11
1.024689999999999941e+02 3.024095904247126043e-11
1.026089999999999947e+02 2.989775441109010501e-11
1.027339999999999947e+02 2.855712888383266090e-11
1.028589999999999947e+02 3.013013102903805418e-11
1.029839999999999947e+02 2.942942417538674249e-11
1.031250000000000000e+02 3.098098166898211048e-11
1.032500000000000000e+02 2.972615556484647925e-11
1.033750000000000000e+02 2.965822726297417944e-11
1.035150000000000006e+02 2.987630629003312777e-11
1.036400000000000006e+02 3.092020389727778706e-11
1.037650000000000006e+02 2.968326279217947672e-11
1.039060000000000059e+02 2.996568271296240482e-11
1.040310000000000059e+02 2.993708753118440313e-11
1.041560000000000059e+02 2.966538126258910779e-11
1.042969999999999970e+02 2.906835709637345389e-11
1.044369999999999976e+02 3.016588714932488813e-11
1.045619999999999976e+02 2.881095535756106329e-11
1.047030000000000030e+02 2.975938939719924292e-11
1.048280000000000030e+02 3.025525663336026128e-11
1.049689999999999941e+02 2.954806885280270023e-11
1.050939999999999941e+02 2.921850608683662642e-11
1.052189999999999941e+02 3.067352968844083705e-11
1.053439999999999941e+02 3.035535364737107500e-11
1.054839999999999947e+02 2.994780465281898785e-11
1.056089999999999947e+02 2.986558222950463914e-11
1.057339999999999947e+02 3.158158803917565649e-11
1.058750000000000000e+02 3.105963056193594696e-11
1.060000000000000000e+02 2.997640677349089344e-11
1.061250000000000000e+02 2.830687940991172269e-11
1.062650000000000006e+02 2.897898240816765281e-11
1.063900000000000006e+02 2.904333197550901247e-11
1.065150000000000006e+02 3.114900698486522401e-11
1.066560000000000059e+02 2.960461042977868829e-11
1.067810000000000059e+02 2.883955574350949291e-11
1.069219999999999970e+02 2.968324891439166890e-11
1.070469999999999970e+02 2.966538126258910779e-11
1.071869999999999976e+02 3.036251111643295530e-11
1.073119999999999976e+02 3.106678456155087531e-11
1.074369999999999976e+02 3.031245740525712051e-11
1.075780000000000030e+02 2.833905506094414051e-11
1.077030000000000030e+02 2.971185797395747841e-11
1.078439999999999941e+02 2.915772831513230301e-11
1.079689999999999941e+02 3.024095210357735652e-11
1.080939999999999941e+02 3.027313122405672630e-11
1.082339999999999947e+02 3.058416020440546390e-11
1.083750000000000000e+02 3.041255788871488619e-11
1.085000000000000000e+02 3.029815634492116772e-11
1.086250000000000000e+02 3.016588367987793617e-11
1.087650000000000006e+02 2.987630282058617581e-11
1.088900000000000006e+02 2.953324390597700244e-11
1.090150000000000006e+02 3.041255788871488619e-11
1.091560000000000059e+02 2.869298028340683260e-11
1.092810000000000059e+02 3.061275885563041754e-11
1.094060000000000059e+02 3.107035809191138753e-11
1.095469999999999970e+02 2.966538820148301170e-11
1.096719999999999970e+02 2.872873119952323862e-11
1.097969999999999970e+02 3.037680523787500420e-11
1.099369999999999976e+02 2.947590782564901701e-11
1.100780000000000030e+02 3.021951092141428319e-11
1.102030000000000030e+02 3.053411343212353302e-11
1.103280000000000030e+02 2.910410107359595600e-11
1.104689999999999941e+02 2.946875035658713671e-11
1.105939999999999941e+02 3.089518571530724955e-11
1.107339999999999947e+02 3.023380851230328403e-11
1.108589999999999947e+02 2.928643438870892624e-11
1.109839999999999947e+02 2.951880406776297150e-11
1.111250000000000000e+02 2.955455671860285349e-11
1.112500000000000000e+02 2.947947788656257728e-11
1.113750000000000000e+02 2.993350359248303505e-11
1.115150000000000006e+02 3.033032852650663358e-11
1.116400000000000006e+02 2.943657817500167084e-11
1.117650000000000006e+02 2.896468134783170001e-11
1.119060000000000059e+02 2.836050665144806970e-11
1.120310000000000059e+02 2.992993006212252283e-11
1.121560000000000059e+02 3.083440447415597419e-11
1.122969999999999970e+02 3.269341047884566365e-11
1.124219999999999970e+02 3.067353315788778900e-11
1.125469999999999970e+02 3.034820658665005055e-11
1.126869999999999976e+02 3.062348638560585812e-11
1.128119999999999976e+02 3.125983152885147831e-11
1.129530000000000030e+02 2.946160676531306422e-11
1.130780000000000030e+02 3.013013449848500613e-11
1.132030000000000030e+02 2.938295787235922774e-11
1.133439999999999941e+02 2.906120656620547749e-11
1.134839999999999947e+02 3.048048272114023405e-11
1.136089999999999947e+02 3.070212833966579069e-11
1.137339999999999947e+02 2.984771110825512608e-11
1.138750000000000000e+02 3.046260813044376903e-11
1.140000000000000000e+02 3.132418283091631395e-11
1.141250000000000000e+02 3.060203479510192892e-11
1.142650000000000006e+02 3.100242979003908772e-11
1.143900000000000006e+02 3.016946067968540035e-11
1.145150000000000006e+02 3.101315732001452830e-11
1.146560000000000059e+02 2.988345335075415221e-11
1.147969999999999970e+02 2.974403709443684818e-11
1.149219999999999970e+02 3.030530687508914411e-11
1.150469999999999970e+02 3.012298049887007778e-11
1.151719999999999970e+02 3.030066822451438213e-11
1.153119999999999976e+02 3.050192737275025934e-11
1.154369999999999976e+02 3.083083441324241392e-11
1.155619999999999976e+02 3.056985914406951110e-11
1.157030000000000030e+02 2.959745643016375993e-11
1.158280000000000030e+02 2.945802976550560004e-11
1.159530000000000030e+02 2.983698357827968550e-11
1.160939999999999941e+02 2.989418435017654474e-11
1.162189999999999941e+02 2.892893043171529399e-11
1.163439999999999941e+02 2.964750667189264277e-11
1.164839999999999947e+02 3.044830707010781623e-11
1.166250000000000000e+02 3.037680523787500420e-11
1.167500000000000000e+02 2.958315536982780714e-11
1.168750000000000000e+02 3.069140427913730207e-11
1.170150000000000006e+02 3.028743228439267909e-11
1.171560000000000059e+02 3.106678456155087531e-11
1.172810000000000059e+02 3.225368583326115868e-11
1.174060000000000059e+02 3.184970689962263179e-11
1.175469999999999970e+02 3.029816328381507162e-11
1.176719999999999970e+02 3.062347944671195421e-11
1.177969999999999970e+02 2.962247808158124940e-11
1.179219999999999970e+02 3.070570880892020682e-11
1.180619999999999976e+02 3.143143037509510407e-11
1.182030000000000030e+02 2.955455671860285349e-11
1.183280000000000030e+02 3.025168310299974905e-11
1.184530000000000030e+02 2.927000655739142587e-11
1.185939999999999941e+02 2.519662603561734215e-11
1.187189999999999941e+02 2.512154893830054192e-11
1.188439999999999941e+02 2.377020108523808517e-11
1.189839999999999947e+02 2.302302619383578275e-11
1.191089999999999947e+02 2.240812396747671187e-11
1.192339999999999947e+02 2.200057323820114874e-11
1.193750000000000000e+02 2.265479817631366188e-11
1.195150000000000006e+02 2.174674502974927037e-11
1.196400000000000006e+02 2.103889458482388619e-11
1.197650000000000006e+02 2.187902289896292984e-11
1.199060000000000059e+02 2.078507158054243575e-11
1.200310000000000059e+02 2.127127293749531134e-11
1.201560000000000059e+02 2.210424898674290262e-11
1.202810000000000059e+02 2.102102172885089715e-11
1.204219999999999970e+02 2.026312104219663013e-11
1.205469999999999970e+02 1.981624413172067278e-11
1.206869999999999976e+02 2.063492085535578724e-11
1.208119999999999976e+02 1.981624586644414876e-11
1.209530000000000030e+02 2.041684356302031489e-11
1.210780000000000030e+02 2.106034791005129136e-11
1.212030000000000030e+02 2.073502133881355292e-11
1.213439999999999941e+02 2.087802326855570101e-11
1.214689999999999941e+02 2.076362172476198253e-11
1.215939999999999941e+02 2.089947138961267825e-11
1.217339999999999947e+02 2.093879757081307247e-11
1.218589999999999947e+02 2.034177166987394259e-11
1.219839999999999947e+02 2.002002209844366831e-11
1.221250000000000000e+02 2.039897244177080182e-11
1.222500000000000000e+02 2.009867099139750479e-11
1.223750000000000000e+02 2.004146675005369360e-11
1.225150000000000006e+02 1.957314518796771097e-11
1.226400000000000006e+02 2.017016935418336487e-11
1.227810000000000059e+02 1.987172405792936303e-11
1.229060000000000059e+02 2.098169554765050293e-11
1.230469999999999970e+02 2.107107370530325596e-11
1.231719999999999970e+02 2.044902268349968466e-11
1.233119999999999976e+02 2.078864511090294798e-11
1.234369999999999976e+02 1.959459330902468821e-11
1.235619999999999976e+02 1.937651948613616781e-11
1.237030000000000030e+02 1.949449456029039851e-11
1.238280000000000030e+02 1.996282132654680908e-11
1.239530000000000030e+02 2.018447214924279365e-11
1.240939999999999941e+02 2.094594810098104887e-11
1.242189999999999941e+02 2.104962211479932677e-11
1.243439999999999941e+02 1.996282132654680908e-11
1.244839999999999947e+02 1.951951968115483993e-11
1.246089999999999947e+02 2.060989399976786984e-11
1.247339999999999947e+02 2.086014867785923599e-11
1.248750000000000000e+02 2.021664606555173549e-11
1.250000000000000000e+02 2.008079466597756380e-11
1.251250000000000000e+02 2.038824838124231320e-11
1.252650000000000006e+02 1.944444605328499165e-11
1.253900000000000006e+02 2.039897070704732585e-11
1.255310000000000059e+02 1.980194480610819596e-11
1.256719999999999970e+02 2.088874559436071365e-11
1.257969999999999970e+02 1.999499697757922689e-11
1.259219999999999970e+02 1.965179581564502342e-11
1.260619999999999976e+02 2.044902094877620868e-11
1.261869999999999976e+02 2.073144780845304069e-11
1.263119999999999976e+02 2.025954751183611791e-11
1.264530000000000030e+02 2.014514423331892345e-11
1.265780000000000030e+02 2.007006713600212322e-11
1.267189999999999941e+02 1.952667368076976828e-11
1.268439999999999941e+02 2.000214577302372732e-11
1.269839999999999947e+02 1.997711718271233394e-11
1.271089999999999947e+02 2.112827100775316325e-11
1.272339999999999947e+02 2.000571930338423954e-11
1.273750000000000000e+02 1.981266713191320861e-11
1.275000000000000000e+02 1.951237088571033951e-11
1.276250000000000000e+02 2.042757109299575546e-11
1.277500000000000000e+02 2.032747407898494174e-11
1.278900000000000006e+02 2.045259968330714884e-11
1.280149999999999864e+02 1.973402170840632408e-11
1.281399999999999864e+02 2.066352124130421686e-11
1.282810000000000059e+02 2.028814963250802350e-11
1.284060000000000059e+02 2.069927042269714690e-11
1.285310000000000059e+02 1.961961842988912963e-11
1.286719999999999970e+02 2.062061979501983444e-11
1.287969999999999970e+02 2.029172142814505975e-11
1.289370000000000118e+02 1.945159658345296805e-11
1.290620000000000118e+02 1.964822228528451120e-11
1.292030000000000030e+02 2.058844587871089260e-11
1.293439999999999941e+02 2.139997033745455468e-11
1.294689999999999941e+02 2.118904531001053471e-11
1.295939999999999941e+02 1.921207117006051845e-11
1.297340000000000089e+02 2.074574886878899349e-11
1.298590000000000089e+02 1.938009475122015601e-11
1.300000000000000000e+02 2.062776859046433486e-11
1.301250000000000000e+02 2.122479622612694072e-11
1.302500000000000000e+02 2.103174752410286175e-11
1.303899999999999864e+02 2.068139583200068188e-11
1.305149999999999864e+02 2.012369437753847023e-11
1.306399999999999864e+02 1.915487039816365922e-11
1.307810000000000059e+02 2.048119486508515052e-11
1.309060000000000059e+02 1.979121901085623136e-11
1.310310000000000059e+02 2.049192239506059110e-11
1.311719999999999970e+02 1.961962189933608158e-11
1.312969999999999970e+02 2.043114462335626769e-11
1.314219999999999970e+02 2.044187562277866022e-11
1.315620000000000118e+02 2.006291834055762280e-11
1.316870000000000118e+02 2.022737012608022411e-11
1.318120000000000118e+02 1.949806982537438671e-11
1.319530000000000030e+02 2.094237283589706067e-11
1.320780000000000030e+02 1.980551833646870818e-11
1.322030000000000030e+02 2.068139583200068188e-11
1.323439999999999941e+02 2.020234673993925867e-11
1.324689999999999941e+02 1.935864489543970279e-11
1.326090000000000089e+02 2.020234847466273465e-11
1.327340000000000089e+02 2.091019545014116687e-11
1.328590000000000089e+02 2.014872296784986361e-11
1.330000000000000000e+02 2.001644683335968011e-11
1.331399999999999864e+02 1.880809397114546755e-11
1.332649999999999864e+02 2.001644509863620414e-11
1.333899999999999864e+02 2.018804221015635392e-11
1.335310000000000059e+02 1.993064220606743930e-11
1.336560000000000059e+02 2.012012084717795801e-11
1.337810000000000059e+02 2.068854289272170632e-11
1.339219999999999970e+02 1.914057107255118240e-11
1.340469999999999970e+02 1.954812006710326955e-11
1.341719999999999970e+02 2.114257033336564007e-11
1.343120000000000118e+02 1.989489649412146122e-11
1.344370000000000118e+02 2.052767157645352114e-11
1.345620000000000118e+02 2.087444453402476086e-11
1.347030000000000030e+02 2.057415002254536773e-11
1.348439999999999941e+02 1.984484625239257838e-11
1.349689999999999941e+02 1.970899658754188266e-11
1.350939999999999941e+02 2.083869708735530679e-11
1.352189999999999941e+02 2.062419852955077459e-11
1.353590000000000089e+02 1.939796934191662103e-11
1.355000000000000000e+02 1.978764721521919512e-11
1.356250000000000000e+02 2.054912143223397436e-11
1.357500000000000000e+02 2.041684703246726684e-11
1.358899999999999864e+02 2.008794519614554019e-11
1.360149999999999864e+02 2.038467138143484902e-11
1.361399999999999864e+02 2.058844587871089260e-11
1.362810000000000059e+02 2.036322326037787178e-11
1.364060000000000059e+02 2.038467138143484902e-11
1.365310000000000059e+02 1.996281959182333310e-11
1.366719999999999970e+02 2.025239524694466553e-11
1.367969999999999970e+02 2.137136995150612506e-11
1.369219999999999970e+02 2.041327003265980267e-11
1.370620000000000118e+02 1.909409436118281178e-11
1.371870000000000118e+02 1.999142171249523869e-11
1.373280000000000030e+02 1.995209726601832045e-11
1.374689999999999941e+02 1.921921996550501888e-11
1.375939999999999941e+02 2.158229671367362101e-11
1.377189999999999941e+02 2.004147021950064556e-11
1.378590000000000089e+02 1.947661650014698154e-11
1.379840000000000089e+02 2.081724723157485357e-11
1.381090000000000089e+02 1.973402344312980006e-11
1.382500000000000000e+02 1.829329396296763832e-11
1.383750000000000000e+02 1.884027135690136134e-11
1.385000000000000000e+02 2.059559640887886900e-11
1.386399999999999864e+02 2.034177340459741856e-11
1.387649999999999864e+02 2.073501960409007694e-11
1.388899999999999864e+02 1.924424855581641225e-11
1.390310000000000059e+02 2.051694578120155654e-11
1.391719999999999970e+02 2.034534866968140676e-11
1.392969999999999970e+02 1.972687291296182366e-11
1.394219999999999970e+02 2.065637244585971644e-11
1.395620000000000118e+02 2.066709477166472908e-11
1.396870000000000118e+02 1.903385261903256520e-11
1.398120000000000118e+02 1.980194654083167194e-11
1.399370000000000118e+02 2.008794346142206422e-11
1.400780000000000030e+02 2.040969823702276642e-11
1.402030000000000030e+02 2.064564491588427586e-11
1.403280000000000030e+02 2.017016935418336487e-11
1.404689999999999941e+02 1.946232064398145667e-11
1.405939999999999941e+02 1.999499524285575092e-11
1.407189999999999941e+02 1.963749475530907063e-11
1.408590000000000089e+02 1.899399561244852208e-11
1.410000000000000000e+02 2.052767157645352114e-11
1.411250000000000000e+02 1.930144412354284356e-11
1.412500000000000000e+02 1.926211794234244934e-11
1.413899999999999864e+02 1.939081881174864463e-11
1.415310000000000059e+02 1.968039446686997707e-11
1.416560000000000059e+02 2.017017282363031683e-11
1.417810000000000059e+02 2.049906945578161555e-11
1.419219999999999970e+02 2.049192412978406708e-11
1.420469999999999970e+02 2.000572103810771551e-11
1.421719999999999970e+02 1.932647097913076095e-11
1.423120000000000118e+02 1.990562228937342582e-11
1.424370000000000118e+02 1.958029398341221139e-11
1.425620000000000118e+02 1.914056760310423044e-11
1.426870000000000118e+02 1.874374266908063191e-11
1.428280000000000030e+02 1.912627001221522960e-11
1.429530000000000030e+02 2.091734771503261925e-11
1.430780000000000030e+02 1.973044470859885990e-11
1.432189999999999941e+02 2.009866925667402882e-11
1.433439999999999941e+02 1.923352102584097167e-11
1.434689999999999941e+02 1.981981939680466098e-11
1.436090000000000089e+02 1.932646924440728498e-11
1.437500000000000000e+02 1.938367175102762019e-11
1.438750000000000000e+02 1.981624586644414876e-11
1.440149999999999864e+02 2.010224625648149299e-11
1.441399999999999864e+02 2.046689553947267370e-11
1.442810000000000059e+02 1.888674459882278001e-11
1.444060000000000059e+02 2.064206965080028766e-11
1.445310000000000059e+02 2.013442190751391081e-11
1.446719999999999970e+02 2.000572103810771551e-11
1.447969999999999970e+02 1.920491890516906608e-11
1.449219999999999970e+02 1.958744277885671181e-11
1.450620000000000118e+02 1.918347078411208884e-11
1.451870000000000118e+02 1.950469126488219018e-11
1.453280000000000030e+02 2.008437166578502797e-11
1.454530000000000030e+02 2.007364587053306337e-11
1.455780000000000030e+02 2.045974500930469731e-11
1.457189999999999941e+02 2.022022133063572369e-11
1.458439999999999941e+02 1.822536913054229046e-11
1.459689999999999941e+02 2.004504548458463375e-11
1.461090000000000089e+02 2.091734598030914327e-11
1.462340000000000089e+02 2.008436993106155199e-11
1.463590000000000089e+02 2.051694578120155654e-11
1.465000000000000000e+02 1.802159463326624689e-11
1.466250000000000000e+02 1.940154460700060923e-11
1.467500000000000000e+02 2.030244548867354837e-11
1.468899999999999864e+02 1.947304296978646931e-11
1.470310000000000059e+02 1.974832103401880090e-11
1.471560000000000059e+02 2.008079640070103977e-11
