Start time (s) =
1547812146
'Reltime', '44.00[A]'
0.000000000000000000e+00 1.846846807429525228e-11
1.409999999999999865e-01 1.869726942715921325e-11
2.660000000000000142e-01 1.915487039816365922e-11
3.910000000000000142e-01 1.923404838177766862e-11
5.320000000000000284e-01 1.882239329675794437e-11
6.570000000000000284e-01 1.987702016870152022e-11
7.820000000000000284e-01 1.897611928702858108e-11
9.220000000000000417e-01 1.862934632945734137e-11
1.046999999999999931e+00 1.964822228528451120e-11
1.171999999999999931e+00 1.830759675802706710e-11
1.296999999999999931e+00 1.907979503557033496e-11
1.437999999999999945e+00 1.865079271579084264e-11
1.562999999999999945e+00 1.950522035554236311e-11
1.687999999999999945e+00 1.807521840535564195e-11
1.828999999999999959e+00 1.751036815544892988e-11
1.953999999999999959e+00 1.890104739388220878e-11
2.079000000000000181e+00 1.879379291080951475e-11
2.218999999999999861e+00 1.872586634366069092e-11
2.343999999999999861e+00 1.842199483237383362e-11
2.468999999999999861e+00 1.798584198242636489e-11
2.609999999999999876e+00 1.933719330493577360e-11
2.734999999999999876e+00 1.838981918134141580e-11
2.859999999999999876e+00 1.781781666654325136e-11
3.000000000000000000e+00 1.935507136507919057e-11
3.125000000000000000e+00 1.891534498477120962e-11
3.250000000000000000e+00 1.890461918951924503e-11
3.391000000000000014e+00 1.924424508636946030e-11
3.516000000000000014e+00 1.898326634774960553e-11
3.641000000000000014e+00 1.925497261634490087e-11
3.782000000000000028e+00 1.873301860855214329e-11
3.922000000000000153e+00 1.804304622377017608e-11
4.046999999999999709e+00 1.885099541742984997e-11
4.171999999999999709e+00 1.856499329266902976e-11
4.312999999999999723e+00 1.804304275432322413e-11
4.437999999999999723e+00 1.797511792189787627e-11
4.578999999999999737e+00 1.836121706066951020e-11
4.703999999999999737e+00 1.888674459882278001e-11
4.828999999999999737e+00 1.904046885436994074e-11
4.969000000000000306e+00 1.853996643708111236e-11
5.094000000000000306e+00 1.871871928293966647e-11
5.219000000000000306e+00 1.913342054238320600e-11
5.360000000000000320e+00 1.832189261419259196e-11
5.485000000000000320e+00 1.892249378021571005e-11
5.625000000000000000e+00 1.934434383510375000e-11
5.750000000000000000e+00 1.909766962626679998e-11
5.891000000000000014e+00 1.848277086935468105e-11
6.016000000000000014e+00 1.931931697951583260e-11
6.141000000000000014e+00 1.882954556164939675e-11
6.282000000000000028e+00 1.943424934869319998e-11
6.407000000000000028e+00 1.960889436936064101e-11
6.532000000000000028e+00 2.035964626057040761e-11
6.657000000000000028e+00 1.806449434482715333e-11
6.796999999999999709e+00 1.861861879948190079e-11
6.921999999999999709e+00 1.965894808053647580e-11
7.046999999999999709e+00 1.964822055056103522e-11
7.187999999999999723e+00 1.845416701395929948e-11
7.312999999999999723e+00 1.855426923214054113e-11
7.437999999999999723e+00 1.825396951649072008e-11
7.578999999999999737e+00 1.815386903303295441e-11
7.719000000000000306e+00 1.835049646958797354e-11
7.844000000000000306e+00 1.870442342677414160e-11
7.985000000000000320e+00 1.959817030883215239e-11
8.109999999999999432e+00 1.963749302058559465e-11
8.250000000000000000e+00 1.895466769652465189e-11
8.375000000000000000e+00 1.890104565915873280e-11
8.500000000000000000e+00 1.964821881583755925e-11
8.641000000000000014e+00 1.886172294740529054e-11
8.766000000000000014e+00 1.998784471268777452e-11
8.891000000000000014e+00 1.887244353848682721e-11
9.016000000000000014e+00 1.896539522650009246e-11
9.157000000000000028e+00 1.945874711362094445e-11
9.282000000000000028e+00 1.842914189309485806e-11
9.407000000000000028e+00 1.879379464553299073e-11
9.547000000000000597e+00 1.830401802349612694e-11
9.672000000000000597e+00 1.922279349586553110e-11
9.797000000000000597e+00 1.927641900267840214e-11
9.938000000000000611e+00 1.874732313833504804e-11
1.007900000000000063e+01 1.761404737343763571e-11
1.020400000000000063e+01 1.934434556982722597e-11
1.034399999999999942e+01 1.906549570995785814e-11
1.046899999999999942e+01 1.859359367861745937e-11
1.060999999999999943e+01 1.835764526503247396e-11
1.073499999999999943e+01 1.829686922805162652e-11
1.085999999999999943e+01 1.786071984755110975e-11
1.100000000000000000e+01 1.885814421287435039e-11
1.112500000000000000e+01 1.862577279909682915e-11
1.125000000000000000e+01 1.979122074557970734e-11
1.137500000000000000e+01 1.903689358928595254e-11
1.151600000000000001e+01 1.853281937636008792e-11
1.165700000000000003e+01 1.974117050385082450e-11
1.178200000000000003e+01 1.813241917725250119e-11
1.190700000000000003e+01 1.913699407274371822e-11
1.204700000000000060e+01 1.834334420469652116e-11
1.217200000000000060e+01 1.693479211029025322e-11
1.229700000000000060e+01 1.854354343688857654e-11
1.243800000000000061e+01 1.865079271579084264e-11
1.256300000000000061e+01 1.889031986390676821e-11
1.268800000000000061e+01 1.824324545596223146e-11
1.282900000000000063e+01 2.005219774947608613e-11
1.296899999999999942e+01 1.879021764572552655e-11
1.309399999999999942e+01 1.880451870606147935e-11
1.321899999999999942e+01 1.871514401785567827e-11
1.335999999999999943e+01 1.858286961808897075e-11
1.348499999999999943e+01 1.827899463735516150e-11
1.360999999999999943e+01 1.891177145441069740e-11
1.375000000000000000e+01 1.876519425958456111e-11
1.387500000000000000e+01 1.970184605737390626e-11
1.401600000000000001e+01 1.987344663834100800e-11
1.414100000000000001e+01 1.896896875686060469e-11
1.426600000000000001e+01 1.830044275841213874e-11
1.440700000000000003e+01 1.782854246179521596e-11
1.453200000000000003e+01 1.912984527729921780e-11
1.465700000000000003e+01 1.848634266499171730e-11
1.479700000000000060e+01 2.020592200502324687e-11
1.492200000000000060e+01 1.931932218368626053e-11
1.504700000000000060e+01 1.861504700384486455e-11
1.518800000000000061e+01 1.896896875686060469e-11
1.531300000000000061e+01 1.841126903712186902e-11
1.543800000000000061e+01 1.833976893961253296e-11
1.557900000000000063e+01 1.945517184853695625e-11
1.570400000000000063e+01 1.790719655891948037e-11
1.582900000000000063e+01 1.844701821851479906e-11
1.596899999999999942e+01 1.814672023758845398e-11
1.609400000000000119e+01 1.886887000812631499e-11
1.623499999999999943e+01 1.839339444642540400e-11
1.635999999999999943e+01 1.956242286216269832e-11
1.648499999999999943e+01 1.935149436527172639e-11
1.662500000000000000e+01 1.822894613034975464e-11
1.676599999999999824e+01 1.789647076366751577e-11
1.689099999999999824e+01 1.872229454802365467e-11
1.701599999999999824e+01 1.991634808462539041e-11
1.715700000000000003e+01 1.927999426776239034e-11
1.728200000000000003e+01 1.808236546607666639e-11
1.740700000000000003e+01 1.930502112335030773e-11
1.754700000000000060e+01 1.989847175920544942e-11
1.767200000000000060e+01 1.890104392443525683e-11
1.779700000000000060e+01 1.834691773505703338e-11
1.793799999999999883e+01 1.793221821033696983e-11
1.806299999999999883e+01 1.742814573213458118e-11
1.818799999999999883e+01 1.930859291898734398e-11
1.832900000000000063e+01 1.835406999994848576e-11
1.845400000000000063e+01 1.810381705658059559e-11
1.859400000000000119e+01 1.890104739388220878e-11
1.871900000000000119e+01 1.851851831602413512e-11
1.884400000000000119e+01 1.773996401166488823e-11
1.898499999999999943e+01 1.812526864708452479e-11
1.912500000000000000e+01 1.872586807838416689e-11
1.925000000000000000e+01 1.910839542151876458e-11
1.937500000000000000e+01 1.908337030065432316e-11
1.951599999999999824e+01 1.805019501921467651e-11
1.964099999999999824e+01 1.832189434891606794e-11
1.976599999999999824e+01 1.921564470042103068e-11
1.990700000000000003e+01 1.900471967297701070e-11
2.003200000000000003e+01 1.949449629501387449e-11
2.015700000000000003e+01 1.903332352837239227e-11
2.029700000000000060e+01 1.821464333529032587e-11
2.043799999999999883e+01 1.939082228119559659e-11
2.056299999999999883e+01 1.904047058909341672e-11
2.068799999999999883e+01 1.837194632536842676e-11
2.082900000000000063e+01 1.878306885028102613e-11
2.095400000000000063e+01 1.955527059727124595e-11
2.107900000000000063e+01 1.826827057682667288e-11
2.121900000000000119e+01 1.905477164942936952e-11
2.134400000000000119e+01 1.924424508636946030e-11
2.146900000000000119e+01 1.999499350813227494e-11
2.160999999999999943e+01 1.941941919769707425e-11
2.173499999999999943e+01 1.983769398750112600e-11
2.187500000000000000e+01 1.878664411536501433e-11
2.200000000000000000e+01 1.722436950013506163e-11
2.212500000000000000e+01 1.871156701804821409e-11
2.226599999999999824e+01 1.947304470450994529e-11
2.239099999999999824e+01 1.801444236837479451e-11
2.251599999999999824e+01 1.774989183411790350e-11
2.265700000000000003e+01 1.858644314844948298e-11
2.279700000000000060e+01 1.888316933373879181e-11
2.292200000000000060e+01 1.975189282965583715e-11
2.304700000000000060e+01 1.970541958773441849e-11
2.318799999999999883e+01 1.779636681076279814e-11
2.331299999999999883e+01 1.836479579520045036e-11
2.343799999999999883e+01 1.805734381465917693e-11
2.357900000000000063e+01 1.890461918951924503e-11
2.370400000000000063e+01 1.885959964587069493e-11
2.382900000000000063e+01 1.831117028838757932e-11
2.395400000000000063e+01 1.836121706066951020e-11
2.409400000000000119e+01 1.941584740206003801e-11
2.421900000000000119e+01 1.822179386545830226e-11
2.434400000000000119e+01 1.899399387772504610e-11
2.448499999999999943e+01 1.875089493397208429e-11
2.462500000000000000e+01 1.906191871015039396e-11
2.475000000000000000e+01 1.776776815953784450e-11
2.487500000000000000e+01 1.837551812100546300e-11
2.501599999999999824e+01 1.889031986390676821e-11
2.515700000000000003e+01 1.849706846024368190e-11
2.528200000000000003e+01 1.869647318908373990e-11
2.540700000000000003e+01 1.893679830999861480e-11
2.554700000000000060e+01 1.881524450131344395e-11
2.567200000000000060e+01 1.950522035554236311e-11
2.579700000000000060e+01 1.865436798087483083e-11
2.593799999999999883e+01 1.875446846433259651e-11
2.606299999999999883e+01 1.861862053420537677e-11
2.618799999999999883e+01 1.878306885028102613e-11
2.631299999999999883e+01 1.885814594759782636e-11
2.645400000000000063e+01 1.779994207584678634e-11
2.657900000000000063e+01 1.980909707099964834e-11
2.670400000000000063e+01 1.764621782029962560e-11
2.684400000000000119e+01 1.837551812100546300e-11
2.696900000000000119e+01 1.855784623194800531e-11
2.709400000000000119e+01 1.720291790963113243e-11
2.723499999999999943e+01 1.832546787927658016e-11
2.737500000000000000e+01 1.870441995732718965e-11
2.750000000000000000e+01 1.890461918951924503e-11
2.764099999999999824e+01 1.939439407683263283e-11
2.776599999999999824e+01 1.828256990243914970e-11
2.790700000000000003e+01 1.833261840944455656e-11
2.803200000000000003e+01 1.834691946978050936e-11
2.815700000000000003e+01 1.750679462508841766e-11
2.829700000000000060e+01 1.918347251883556481e-11
2.842200000000000060e+01 1.878307058500450211e-11
2.854700000000000060e+01 1.777134342462183270e-11
2.868799999999999883e+01 1.773559250850542668e-11
2.881299999999999883e+01 1.779279501512576189e-11
2.895400000000000063e+01 1.828614343279966192e-11
2.907900000000000063e+01 1.915129513307967102e-11
2.920400000000000063e+01 1.925854614670541309e-11
2.934400000000000119e+01 1.919062131428006523e-11
2.946900000000000119e+01 1.903689532400942852e-11
2.959400000000000119e+01 1.875804372941658471e-11
2.973499999999999943e+01 1.875804546414006069e-11
2.985999999999999943e+01 1.910124836079774013e-11
2.998499999999999943e+01 1.977334788960671830e-11
3.012500000000000000e+01 1.861147000403740037e-11
3.025000000000000000e+01 1.819676874459386084e-11
3.037500000000000000e+01 1.655941703204710791e-11
3.051599999999999824e+01 1.959459504374816419e-11
3.065700000000000003e+01 1.868654363190724865e-11
3.078200000000000003e+01 1.960889436936064101e-11
3.090700000000000003e+01 1.796611297233408067e-11
3.104700000000000060e+01 1.915129513307967102e-11
3.117200000000000060e+01 1.926927020723390171e-11
3.131299999999999883e+01 1.882596682711845659e-11
3.143799999999999883e+01 1.907264450540235856e-11
3.156299999999999883e+01 1.937294422105217961e-11
3.170400000000000063e+01 1.887959059920785165e-11
3.182900000000000063e+01 1.880452217550843130e-11
3.195400000000000063e+01 1.872229454802365467e-11
3.209400000000000119e+01 1.922279523058900708e-11
3.221900000000000119e+01 1.802159116381929493e-11
3.235999999999999943e+01 1.853996990652806431e-11
3.248499999999999943e+01 1.928714479793036674e-11
3.262500000000000000e+01 1.885099021325942203e-11
3.275000000000000000e+01 1.809666999585957115e-11
3.287500000000000000e+01 1.856141976230851753e-11
3.301599999999999824e+01 1.871514401785567827e-11
3.314099999999999824e+01 1.753181801122938310e-11
3.326599999999999824e+01 1.818961994914936042e-11
3.340699999999999648e+01 1.911554421696326500e-11
3.353199999999999648e+01 1.799299251259434129e-11
3.365699999999999648e+01 1.867224083684781988e-11
3.378199999999999648e+01 1.821464333529032587e-11
3.392199999999999704e+01 1.810739058694110781e-11
3.404699999999999704e+01 1.989132122903747302e-11
3.418800000000000239e+01 1.876877125939202529e-11
3.431300000000000239e+01 1.974474576893481270e-11
3.445400000000000063e+01 1.963034595986457020e-11
3.457900000000000063e+01 1.885456894779036219e-11
3.470400000000000063e+01 1.805734728410612888e-11
3.484400000000000119e+01 1.782523434412652819e-11
3.498499999999999943e+01 1.861861706475842482e-11
3.510999999999999943e+01 1.902616952875746392e-11
3.523499999999999943e+01 1.869726942715921325e-11
3.537500000000000000e+01 1.822536739581881449e-11
3.550000000000000000e+01 1.792506941489246941e-11
3.562500000000000000e+01 1.922636876094951930e-11
3.576599999999999824e+01 1.892249378021571005e-11
3.589099999999999824e+01 1.883669782654084912e-11
3.601599999999999824e+01 1.924424508636946030e-11
3.615699999999999648e+01 1.847561860446322868e-11
3.628199999999999648e+01 1.891891851513172185e-11
3.640699999999999648e+01 1.910482189115825236e-11
3.653199999999999648e+01 1.897611755230510511e-11
3.667199999999999704e+01 1.840769203731440484e-11
3.679699999999999704e+01 1.896181649196915231e-11
3.693800000000000239e+01 1.806449434482715333e-11
3.706300000000000239e+01 1.811096758674857199e-11
3.720400000000000063e+01 1.850421725568818232e-11
3.734400000000000119e+01 1.865079098106736666e-11
3.746900000000000119e+01 1.815386903303295441e-11
3.759400000000000119e+01 1.720649143999164465e-11
3.773499999999999943e+01 1.890104392443525683e-11
3.785999999999999943e+01 1.767839520605551940e-11
3.798499999999999943e+01 1.851494478566362289e-11
3.812500000000000000e+01 1.885457068251383816e-11
3.825000000000000000e+01 1.767839347133204342e-11
3.837500000000000000e+01 1.869012063171471283e-11
3.851599999999999824e+01 1.880094517570096713e-11
3.864099999999999824e+01 1.902974652856492810e-11
3.876599999999999824e+01 1.921564816986798263e-11
3.889099999999999824e+01 1.879736817589350295e-11
3.903199999999999648e+01 1.849349319515969370e-11
3.915699999999999648e+01 1.856499502739250573e-11
3.929699999999999704e+01 1.894394190127268729e-11
3.942199999999999704e+01 1.824681898632274368e-11
3.956300000000000239e+01 1.854354517161205251e-11
3.968800000000000239e+01 1.864006865526235401e-11
3.981300000000000239e+01 1.856671587308067473e-11
3.995400000000000063e+01 1.864722092015380639e-11
4.007900000000000063e+01 1.896896702213712871e-11
4.020400000000000063e+01 1.988416896414602064e-11
4.034400000000000119e+01 1.890104565915873280e-11
4.046900000000000119e+01 1.938367001630414421e-11
4.060999999999999943e+01 1.934434383510375000e-11
4.073499999999999943e+01 1.803231869379473551e-11
4.087500000000000000e+01 2.193622020141283713e-11
4.100000000000000000e+01 2.605462720572937485e-11
4.114099999999999824e+01 2.720577756132325220e-11
4.126599999999999824e+01 2.670170334839738757e-11
4.139099999999999824e+01 2.787787709013223036e-11
4.153199999999999648e+01 2.673387726470632941e-11
4.165699999999999648e+01 2.790648094552761194e-11
4.178199999999999648e+01 2.827112849379531667e-11
4.192199999999999704e+01 2.912555266409988519e-11
4.204699999999999704e+01 2.720935629585419235e-11
4.217199999999999704e+01 2.654440209304276266e-11
4.231300000000000239e+01 2.644430160958499698e-11
4.243800000000000239e+01 2.649792538167439204e-11
4.256300000000000239e+01 2.721292982621470458e-11
4.270400000000000063e+01 2.704490277560811506e-11
4.282900000000000063e+01 2.827827902396329307e-11
4.296900000000000119e+01 2.773130336475304603e-11
4.309400000000000119e+01 2.638352730732762552e-11
4.323499999999999943e+01 2.738452867245833033e-11
4.335999999999999943e+01 2.752395533711649023e-11
4.350000000000000000e+01 2.848920405140731305e-11
4.362500000000000000e+01 2.748820442100008421e-11
4.375000000000000000e+01 2.636565271663116050e-11
4.389099999999999824e+01 2.656585194882321588e-11
4.401599999999999824e+01 2.805305467090679628e-11
4.414099999999999824e+01 2.845345660473785898e-11
4.428199999999999648e+01 2.816388094961652655e-11
4.440699999999999648e+01 2.742742838401923677e-11
4.453199999999999648e+01 2.797440751267643577e-11
4.467199999999999704e+01 2.696267861757029038e-11
4.479699999999999704e+01 2.847847999087882442e-11
4.492199999999999704e+01 2.782782858312682350e-11
4.506300000000000239e+01 2.705204983632913951e-11
4.518800000000000239e+01 2.661590392527557469e-11
4.532900000000000063e+01 2.701987765474367365e-11
4.545400000000000063e+01 2.708780248716902150e-11
4.559400000000000119e+01 2.834686825547994005e-11
4.571900000000000119e+01 2.823537931240238663e-11
4.584400000000000119e+01 2.841770395389797699e-11
4.598499999999999943e+01 2.745960403505165459e-11
4.610999999999999943e+01 2.706635263138856828e-11
4.625000000000000000e+01 2.738810393754231853e-11
4.637500000000000000e+01 2.821710400058297097e-11
4.650000000000000000e+01 2.797798104303694799e-11
4.664099999999999824e+01 2.809953138227516689e-11
4.676599999999999824e+01 2.698770373843473180e-11
4.689099999999999824e+01 2.637280151207566092e-11
4.703199999999999648e+01 2.804233061037830765e-11
4.717199999999999704e+01 2.690547784567343115e-11
4.729699999999999704e+01 2.743815244454772539e-11
4.742199999999999704e+01 2.815672868472507417e-11
4.756300000000000239e+01 2.712355340328542752e-11
4.768800000000000239e+01 2.734877949106540029e-11
4.781300000000000239e+01 2.773130509947652200e-11
4.795400000000000063e+01 2.892151622357896912e-11
4.807900000000000063e+01 2.812455303369265636e-11
4.820400000000000063e+01 2.692692770145388437e-11
4.834400000000000119e+01 2.779208113645736944e-11
4.846900000000000119e+01 2.833905506094414051e-11
4.859400000000000119e+01 2.764246123665436983e-11
4.871900000000000119e+01 2.797082877814549562e-11
4.885999999999999943e+01 2.653725156287478626e-11
4.900000000000000000e+01 2.790648094552761194e-11
4.917199999999999704e+01 2.964749973299873886e-11
4.935999999999999943e+01 2.806020693579824865e-11
4.953199999999999648e+01 2.742027958857473635e-11
4.971900000000000119e+01 2.773885114659702111e-11
4.989099999999999824e+01 2.768482838810815139e-11
5.007900000000000063e+01 2.900043399867158200e-11
5.025000000000000000e+01 2.909337701306746737e-11
5.043800000000000239e+01 2.907907942217846653e-11
5.060999999999999943e+01 2.941870358430520582e-11
5.078199999999999648e+01 2.780280346226238208e-11
5.095400000000000063e+01 2.723080441691116960e-11
5.112500000000000000e+01 2.808880558702320229e-11
5.131300000000000239e+01 2.763835341146325675e-11
5.146900000000000119e+01 2.824610510765435123e-11
5.165699999999999648e+01 2.731660557475645845e-11
5.182900000000000063e+01 2.795295592217250658e-11
5.200000000000000000e+01 2.791362974097211236e-11
5.217199999999999704e+01 2.815673041944855015e-11
5.234400000000000119e+01 2.739525273298681896e-11
5.253199999999999648e+01 2.774560615981247480e-11
5.270400000000000063e+01 2.840989596353260538e-11
5.287500000000000000e+01 2.717360537973778634e-11
5.304699999999999704e+01 2.828185255432380529e-11
5.321900000000000119e+01 2.881810588772903969e-11
5.339099999999999824e+01 2.831045467499571089e-11
5.356300000000000239e+01 2.790290568044362374e-11
5.368800000000000239e+01 3.038753276785044477e-11
5.381300000000000239e+01 2.813527709422114498e-11
5.395400000000000063e+01 2.760260249534685073e-11
5.407900000000000063e+01 2.717003011465379814e-11
5.420400000000000063e+01 2.782782511367987155e-11
5.432900000000000063e+01 2.821035939570837314e-11
5.446900000000000119e+01 2.889555955620792815e-11
5.459400000000000119e+01 2.762762935093476813e-11
5.471900000000000119e+01 2.846060540018235940e-11
5.485999999999999943e+01 2.818890780520444395e-11
5.498499999999999943e+01 2.784570317382328852e-11
5.510999999999999943e+01 2.817460154069806322e-11
5.525000000000000000e+01 2.849635284685181347e-11
5.537500000000000000e+01 2.811330161722747079e-11
5.550000000000000000e+01 2.817460501014501517e-11
5.564099999999999824e+01 2.836408018180858193e-11
5.576599999999999824e+01 2.875017932058021586e-11
5.589099999999999824e+01 2.873587826024426306e-11
5.603199999999999648e+01 2.762048055549026770e-11
5.615699999999999648e+01 2.718075244045881078e-11
5.629699999999999704e+01 2.755612925342543207e-11
5.642199999999999704e+01 2.864293004167794976e-11
5.656300000000000239e+01 2.786000249943576534e-11
5.668800000000000239e+01 2.881810588772903969e-11
5.681300000000000239e+01 2.851780617207921864e-11
5.693800000000000239e+01 2.909695574759840753e-11
5.707900000000000063e+01 2.846417719581939565e-11
5.720400000000000063e+01 2.873945352532825126e-11
5.734400000000000119e+01 2.886100733401342211e-11
5.746900000000000119e+01 2.783855264365531212e-11
5.760999999999999943e+01 2.773488036456051020e-11
5.773499999999999943e+01 2.835334918238618940e-11
5.785999999999999943e+01 2.771342877405658101e-11
5.800000000000000000e+01 2.926498279820499704e-11
5.812500000000000000e+01 2.832832926569217591e-11
5.825000000000000000e+01 2.742743011874271275e-11
5.839099999999999824e+01 2.885742686475900598e-11
5.851599999999999824e+01 2.777592565672559743e-11
5.864099999999999824e+01 2.746318103485911877e-11
5.878199999999999648e+01 2.858215573942057830e-11
5.890699999999999648e+01 2.852495149807676711e-11
5.903199999999999648e+01 2.892535343190782982e-11
5.917199999999999704e+01 2.738452693773485436e-11
5.929699999999999704e+01 2.744887650507621402e-11
5.943800000000000239e+01 2.793150433166857738e-11
5.956300000000000239e+01 2.758830490445784989e-11
5.970400000000000063e+01 2.801015669406936581e-11
5.982900000000000063e+01 2.902903264989653564e-11
5.996900000000000119e+01 2.700558179857814878e-11
6.009400000000000119e+01 2.752752713275352647e-11
6.021900000000000119e+01 2.863604492420179781e-11
6.035999999999999943e+01 2.758115437428987349e-11
6.048499999999999943e+01 2.774202916000501062e-11
6.060999999999999943e+01 2.765980153252023399e-11
6.075000000000000000e+01 2.856785294436114953e-11
6.087500000000000000e+01 2.840697989336948837e-11
6.101599999999999824e+01 2.847847825615534845e-11
6.114099999999999824e+01 2.829258008429924587e-11
6.128199999999999648e+01 2.885385506912196973e-11
6.140699999999999648e+01 2.800300442917791344e-11
6.153199999999999648e+01 2.897540367363671265e-11
6.165699999999999648e+01 2.917202937546825581e-11
6.179699999999999704e+01 2.858930453486507872e-11
6.192199999999999704e+01 2.964392967208517859e-11
6.204699999999999704e+01 2.753825466272896705e-11
6.218800000000000239e+01 2.761333176004576728e-11
6.231300000000000239e+01 2.852853196733118324e-11
6.243800000000000239e+01 2.859287806522559094e-11
6.257900000000000063e+01 2.911840560337886075e-11
6.270400000000000063e+01 2.912912966390734937e-11
6.282900000000000063e+01 2.760617949515431491e-11
6.296900000000000119e+01 2.797983372770929122e-11
6.310999999999999943e+01 2.803160481512634306e-11
6.323499999999999943e+01 3.015873314970995978e-11
6.337500000000000000e+01 2.715930605412530952e-11
6.350000000000000000e+01 2.938123008777715484e-11
6.364099999999999824e+01 2.847847652143187247e-11
6.376599999999999824e+01 2.777420307631395247e-11
6.389099999999999824e+01 2.867153216234985535e-11
6.403199999999999648e+01 2.987272582077871164e-11
6.415699999999999648e+01 2.897540540836018863e-11
6.428199999999999648e+01 2.864293004167794976e-11
6.440699999999999648e+01 2.690190431531291892e-11
6.454699999999999704e+01 2.823895631220985081e-11
6.467199999999999704e+01 2.841055515845347657e-11
6.479699999999999704e+01 2.912555613354683715e-11
6.493800000000000239e+01 2.696267514812333843e-11
6.506300000000000239e+01 2.961890455122073718e-11
6.518800000000000239e+01 2.791005100644117221e-11
6.532899999999999352e+01 2.761332655587533935e-11
6.546899999999999409e+01 2.881810241828208774e-11
6.559399999999999409e+01 2.890390184140390062e-11
6.573499999999999943e+01 2.871443013918728582e-11
6.585999999999999943e+01 2.878592676724966992e-11
6.600000000000000000e+01 2.720220229623926400e-11
6.612500000000000000e+01 2.737737814229035394e-11
6.625000000000000000e+01 2.864293004167794976e-11
6.639100000000000534e+01 2.764907747199174537e-11
6.651600000000000534e+01 2.809238258683066647e-11
6.664100000000000534e+01 2.942585758392013418e-11
6.676600000000000534e+01 2.850708037682725404e-11
6.690699999999999648e+01 2.911840560337886075e-11
6.703199999999999648e+01 2.814600115474963360e-11
6.715699999999999648e+01 3.029100581475319132e-11
6.729699999999999704e+01 2.763120461601875633e-11
6.742199999999999704e+01 2.927928385854094984e-11
6.754699999999999704e+01 2.950450300742701870e-11
6.768800000000000239e+01 2.843200674895740576e-11
6.781300000000000239e+01 2.798870336884196064e-11
6.795399999999999352e+01 2.904690550586952469e-11
6.807899999999999352e+01 2.844630433984640661e-11
6.821899999999999409e+01 2.941870358430520582e-11
6.835999999999999943e+01 2.909205341905529707e-11
6.848499999999999943e+01 2.859645679975653110e-11
6.860999999999999943e+01 2.867510222326341562e-11
6.875000000000000000e+01 2.923280714717257922e-11
6.887500000000000000e+01 3.014496291475765588e-11
6.900000000000000000e+01 2.842842974914994159e-11
6.912500000000000000e+01 2.892892869699181801e-11
6.926600000000000534e+01 2.940440252396925302e-11
6.940699999999999648e+01 2.910410454304290795e-11
6.953199999999999648e+01 2.947233082584155284e-11
6.965699999999999648e+01 2.870370607865879720e-11
6.979699999999999704e+01 2.870013254829828497e-11
6.992199999999999704e+01 2.889317951559888797e-11
7.004699999999999704e+01 3.000500889416279904e-11
7.018800000000000239e+01 2.902545738481254745e-11
7.031300000000000239e+01 2.944373217461659920e-11
7.043800000000000239e+01 2.837480597706054652e-11
7.057899999999999352e+01 2.850707864210377807e-11
7.070399999999999352e+01 2.866795863198934313e-11
7.082899999999999352e+01 2.931503650938083183e-11
7.096899999999999409e+01 2.807450799613420145e-11
7.110999999999999943e+01 2.731660384003298248e-11
7.123499999999999943e+01 2.782425331804283530e-11
7.135999999999999943e+01 2.932933063082288072e-11
7.148499999999999943e+01 2.965466067150757112e-11
7.162500000000000000e+01 2.982983304811170910e-11
7.175000000000000000e+01 2.956885777893880629e-11
7.187500000000000000e+01 2.906835536164997791e-11
7.201600000000000534e+01 2.791720500605610056e-11
7.215699999999999648e+01 2.820678239590090897e-11
7.228199999999999648e+01 2.937223034238378716e-11
7.240699999999999648e+01 2.917917990563623221e-11
7.254699999999999704e+01 2.762392224686660569e-11
7.267199999999999704e+01 2.895753081766372361e-11
7.279699999999999704e+01 2.895753081766372361e-11
7.293800000000000239e+01 2.753110413256099065e-11
7.306300000000000239e+01 2.856785467908462550e-11
7.318800000000000239e+01 2.871442840446380984e-11
7.332899999999999352e+01 2.993350706192998700e-11
7.345399999999999352e+01 2.858572926978109052e-11
7.357899999999999352e+01 2.904690724059300067e-11
7.371899999999999409e+01 2.898255246908121308e-11
7.384399999999999409e+01 2.852137970243973086e-11
7.398499999999999943e+01 2.989417741128264083e-11
7.410999999999999943e+01 2.907907942217846653e-11
7.423499999999999943e+01 2.793507612730561362e-11
7.437500000000000000e+01 2.823895110803942288e-11
7.451600000000000534e+01 2.953667865845943652e-11
7.464100000000000534e+01 3.015873314970995978e-11
7.476600000000000534e+01 2.912555613354683715e-11
7.490699999999999648e+01 2.964035267227771442e-11
7.503199999999999648e+01 2.870728307846626137e-11
7.515699999999999648e+01 2.879665429722511050e-11
7.529699999999999704e+01 2.961175402105276078e-11
7.542199999999999704e+01 2.921439826164551334e-11
7.554699999999999704e+01 2.884366183397713002e-11
7.568800000000000239e+01 2.859288153467254290e-11
7.582899999999999352e+01 2.866437816273492700e-11
7.595399999999999352e+01 2.880738009247707510e-11
7.607899999999999352e+01 2.867867922307087980e-11
7.621899999999999409e+01 2.937223381183073911e-11
7.634399999999999409e+01 2.856785294436114953e-11
7.646899999999999409e+01 3.020877992199189066e-11
7.659399999999999409e+01 2.995495865243391620e-11
7.673499999999999943e+01 3.054840755356558191e-11
7.685999999999999943e+01 3.020878339143884261e-11
7.698499999999999943e+01 2.888960598523837575e-11
7.712500000000000000e+01 2.792435380150060098e-11
7.725000000000000000e+01 2.952238453701738763e-11
7.737500000000000000e+01 2.988345682020110416e-11
7.751600000000000534e+01 2.937937740310481161e-11
7.765699999999999648e+01 2.987988328984059194e-11
7.778199999999999648e+01 3.008723131747714774e-11
7.790699999999999648e+01 2.853925429313619588e-11
7.804699999999999704e+01 2.947947788656257728e-11
7.818800000000000239e+01 2.891463110610281717e-11
7.831300000000000239e+01 2.913985372443583799e-11
7.843800000000000239e+01 2.856785120963767355e-11
7.857899999999999352e+01 2.774202742528153465e-11
7.870399999999999352e+01 2.934720522151934574e-11
7.882899999999999352e+01 2.968682938364608503e-11
7.895399999999999352e+01 2.736665408176186531e-11
7.909399999999999409e+01 2.994423112245847562e-11
7.921899999999999409e+01 2.971542803487103868e-11
7.934399999999999409e+01 2.847132946071084802e-11
7.948499999999999943e+01 2.809595785191465467e-11
7.960999999999999943e+01 2.979050686691131489e-11
7.973499999999999943e+01 2.882883168298100429e-11
7.987500000000000000e+01 2.990847847161859363e-11
8.001600000000000534e+01 2.831045467499571089e-11
8.014100000000000534e+01 2.925067826842209229e-11
8.026600000000000534e+01 2.964035267227771442e-11
8.040699999999999648e+01 2.944730570497711142e-11
8.054699999999999704e+01 3.003003054558028850e-11
8.067199999999999704e+01 2.963678608081110610e-11
8.079699999999999704e+01 2.913985025498888604e-11
8.093800000000000239e+01 2.966538126258910779e-11
8.106300000000000239e+01 2.931145257067946375e-11
8.118800000000000239e+01 2.879308250158807425e-11
8.132899999999999352e+01 2.962248155102820135e-11
8.145399999999999352e+01 2.927212985892602148e-11
8.157899999999999352e+01 3.054125702339760551e-11
8.171899999999999409e+01 2.872872773007628666e-11
8.184399999999999409e+01 2.920063149614016140e-11
8.198499999999999943e+01 2.809237738266023854e-11
8.210999999999999943e+01 2.785642723435177714e-11
8.223499999999999943e+01 2.877878144125212145e-11
8.237500000000000000e+01 2.798870510356543662e-11
8.250000000000000000e+01 2.819248133556495617e-11
8.262500000000000000e+01 2.890390357612737660e-11
8.276600000000000534e+01 3.051266184161960382e-11
8.289100000000000534e+01 2.765622626743624579e-11
8.301600000000000534e+01 2.917202937546825581e-11
8.315699999999999648e+01 2.792435206677712500e-11
8.328199999999999648e+01 2.942943111428064640e-11
8.340699999999999648e+01 2.899685179469368990e-11
8.354699999999999704e+01 2.944015864425608697e-11
8.368800000000000239e+01 2.924353120770106784e-11
8.381300000000000239e+01 2.951881100665687541e-11
8.393800000000000239e+01 2.957242437040541461e-11
8.407899999999999352e+01 2.868225795760181995e-11
8.420399999999999352e+01 3.018732486204100951e-11
8.434399999999999409e+01 3.013013449848500613e-11
8.446899999999999409e+01 2.914700078515686243e-11
8.459399999999999409e+01 2.831045294027223491e-11
8.473499999999999943e+01 2.989060735036908056e-11
8.485999999999999943e+01 2.849635458157528944e-11
8.498499999999999943e+01 2.879665429722511050e-11
8.512500000000000000e+01 3.023023151249581986e-11
8.525000000000000000e+01 2.912197566429242102e-11
8.537500000000000000e+01 2.987272929022566359e-11
8.551600000000000534e+01 2.871442666974033386e-11
8.565699999999999648e+01 2.964750667189264277e-11
8.578199999999999648e+01 2.964446049746882750e-11
8.590699999999999648e+01 2.851423090699523044e-11
8.604699999999999704e+01 3.076647964173062633e-11
8.617199999999999704e+01 2.860360559520103152e-11
8.629699999999999704e+01 2.869906742808403521e-11
8.643800000000000239e+01 2.821392772189845743e-11
8.656300000000000239e+01 2.852495496752371906e-11
8.670399999999999352e+01 3.056985220517560720e-11
8.682899999999999352e+01 3.058058320459799972e-11
8.695399999999999352e+01 2.932933063082288072e-11
8.709399999999999409e+01 2.854640655802764826e-11
8.721899999999999409e+01 2.823180751676535039e-11
8.734399999999999409e+01 2.862862724661852099e-11
8.748499999999999943e+01 3.143858437471003242e-11
8.760999999999999943e+01 2.966538126258910779e-11
8.773499999999999943e+01 2.938295440291227578e-11
8.787500000000000000e+01 2.937938087255176356e-11
8.800000000000000000e+01 2.962604814249480967e-11
8.812500000000000000e+01 2.850350684646674182e-11
8.826600000000000534e+01 3.053768349303709329e-11
8.839100000000000534e+01 3.020520639163137844e-11
8.851600000000000534e+01 2.942585758392013418e-11
8.865699999999999648e+01 2.833547979586015231e-11
8.878199999999999648e+01 2.950092947706650648e-11
8.892199999999999704e+01 2.893250569679928219e-11
8.906300000000000239e+01 2.942228058411267000e-11
8.918800000000000239e+01 3.026598069388874990e-11
8.931300000000000239e+01 2.956885430949185434e-11
8.945399999999999352e+01 2.998355730365886984e-11
8.957899999999999352e+01 2.976190821568636125e-11
8.970399999999999352e+01 3.070927886983376709e-11
8.984399999999999409e+01 3.010510243872666081e-11
8.996899999999999409e+01 2.882882994825752832e-11
9.009399999999999409e+01 2.964035961117161833e-11
9.023499999999999943e+01 2.950450647687397066e-11
9.037500000000000000e+01 2.853925602785967186e-11
9.050000000000000000e+01 2.950450647687397066e-11
9.062500000000000000e+01 2.898970820341961740e-11
9.076600000000000534e+01 2.910052927795891975e-11
9.089100000000000534e+01 2.927570338928653371e-11
9.101600000000000534e+01 2.905762956639801331e-11
9.115699999999999648e+01 3.004075807555572908e-11
9.128199999999999648e+01 2.763120288129528035e-11
9.140699999999999648e+01 3.028385528458521492e-11
9.153199999999999648e+01 2.913628019407532577e-11
9.167199999999999704e+01 2.921135555666865002e-11
9.181300000000000239e+01 3.066995962752727678e-11
9.193800000000000239e+01 2.889675651540635215e-11
9.206300000000000239e+01 2.921492908702916225e-11
9.220399999999999352e+01 2.865365236748296240e-11
9.232899999999999352e+01 2.929357797998299873e-11
9.245399999999999352e+01 2.982983304811170910e-11
9.259399999999999409e+01 2.980480792724726768e-11
9.273499999999999943e+01 2.979050339746436293e-11
9.285999999999999943e+01 3.022665798213530763e-11
9.298499999999999943e+01 2.952238106757043568e-11
9.312500000000000000e+01 2.893250222735233024e-11
9.325000000000000000e+01 2.843915207495495423e-11
9.337500000000000000e+01 2.775632675089401147e-11
9.351600000000000534e+01 3.023738551211074821e-11
9.364100000000000534e+01 2.941089385921635824e-11
9.376600000000000534e+01 2.939368193288771636e-11
9.389100000000000534e+01 2.935435228224037019e-11
9.403199999999999648e+01 3.048047925169328209e-11
9.415699999999999648e+01 3.050908484181213964e-11
9.428199999999999648e+01 2.945802976550560004e-11
9.442199999999999704e+01 3.064135750685537118e-11
9.454699999999999704e+01 2.851780443735574266e-11
9.468800000000000239e+01 2.758313889794639095e-11
9.481300000000000239e+01 2.900757758994565449e-11
9.495399999999999352e+01 2.886100212984299418e-11
9.509399999999999409e+01 2.819248133556495617e-11
9.521899999999999409e+01 2.948663188617750563e-11
9.534399999999999409e+01 2.996210224370798869e-11
9.548499999999999943e+01 2.864293004167794976e-11
9.560999999999999943e+01 2.893608269660674637e-11
9.573499999999999943e+01 2.954740618843487709e-11
9.587500000000000000e+01 2.875375632038768003e-11
9.600000000000000000e+01 3.036250417753905140e-11
9.612500000000000000e+01 3.004075807555572908e-11
9.626600000000000534e+01 3.142428331437407962e-11
9.639100000000000534e+01 2.949735247725904230e-11
9.651600000000000534e+01 3.034105605648207415e-11
9.664100000000000534e+01 2.921135555666865002e-11
9.678199999999999648e+01 2.908622995234644293e-11
9.690699999999999648e+01 2.929000444962248650e-11
9.703199999999999648e+01 3.008723131747714774e-11
9.717199999999999704e+01 2.850707864210377807e-11
9.731300000000000239e+01 2.953668559735334043e-11
9.743800000000000239e+01 3.140641219312456656e-11
9.756300000000000239e+01 3.007650725694865912e-11
9.770399999999999352e+01 2.957958183946729491e-11
9.782899999999999352e+01 2.907550589181795431e-11
9.795399999999999352e+01 2.977620580657536209e-11
9.809399999999999409e+01 2.998712736457243011e-11
9.823499999999999943e+01 2.975475421607143289e-11
9.835999999999999943e+01 2.989060735036908056e-11
9.848499999999999943e+01 3.143500390545561629e-11
9.862500000000000000e+01 2.901830338519761909e-11
9.875000000000000000e+01 2.925067826842209229e-11
9.889100000000000534e+01 3.016588021043098422e-11
9.901600000000000534e+01 2.956528077913134211e-11
9.914100000000000534e+01 2.975475768551838485e-11
9.928199999999999648e+01 2.960738251789329922e-11
9.940699999999999648e+01 2.844988133965387078e-11
9.953199999999999648e+01 2.880738182720055107e-11
9.967199999999999704e+01 2.996924930442901314e-11
9.979699999999999704e+01 2.935077875187985796e-11
9.992199999999999704e+01 2.901049712955572346e-11
1.000630000000000024e+02 3.031603440506458469e-11
1.001880000000000024e+02 2.952952812829146012e-11
1.003289999999999935e+02 2.961533102086022495e-11
1.004539999999999935e+02 3.063062650743297866e-11
1.005939999999999941e+02 3.076409613167463419e-11
1.007189999999999941e+02 2.878950376705713410e-11
1.008439999999999941e+02 3.043043594885830316e-11
1.009849999999999994e+02 2.945087923533762364e-11
1.011099999999999994e+02 3.029815287547421576e-11
1.012349999999999994e+02 3.001215595488382348e-11
1.013750000000000000e+02 2.698055320826675541e-11
1.015000000000000000e+02 3.002288001541231210e-11
1.016410000000000053e+02 2.899685526414064185e-11
1.017660000000000053e+02 3.020520292218442648e-11
1.018910000000000053e+02 3.021235692179935484e-11
1.020319999999999965e+02 2.822107651734295786e-11
1.021569999999999965e+02 3.133133336108429035e-11
1.022819999999999965e+02 2.864293177640142574e-11
1.024219999999999970e+02 2.926498279820499704e-11
1.025469999999999970e+02 2.910052407378849182e-11
1.026719999999999970e+02 2.978335633674333849e-11
1.028130000000000024e+02 2.827827902396329307e-11
1.029380000000000024e+02 2.947233429528850479e-11
1.030630000000000024e+02 3.041612794962844646e-11
1.032039999999999935e+02 3.188545261156860988e-11
1.033439999999999941e+02 3.094165548778171626e-11
1.034689999999999941e+02 2.958672543074136740e-11
1.035939999999999941e+02 2.892892696226834204e-11
1.037349999999999994e+02 2.970471091323645396e-11
1.038599999999999994e+02 2.940798646267062111e-11
1.040000000000000000e+02 3.068426068786322958e-11
1.041250000000000000e+02 2.856785641380810148e-11
1.042500000000000000e+02 2.926498626765194899e-11
1.043910000000000053e+02 3.092378089708525124e-11
1.045160000000000053e+02 3.010152890836614858e-11
1.046410000000000053e+02 2.971185450451052645e-11
1.047819999999999965e+02 3.021236039124630679e-11
1.049069999999999965e+02 3.045903113063630485e-11
1.050469999999999970e+02 2.917918337508318416e-11
1.051719999999999970e+02 2.958316230872171104e-11
1.053130000000000024e+02 2.883240868278846847e-11
1.054380000000000024e+02 2.966895479294962001e-11
1.055630000000000024e+02 2.910053274740587170e-11
1.057039999999999935e+02 2.884670627367746931e-11
1.058289999999999935e+02 3.053768002359014133e-11
1.059539999999999935e+02 3.004115359250825179e-11
1.060939999999999941e+02 3.000143189435533486e-11
1.062189999999999941e+02 2.918274996654979248e-11
1.063439999999999941e+02 3.121336175637701160e-11
1.064689999999999941e+02 3.020877992199189066e-11
1.066099999999999994e+02 3.012297702942312583e-11
1.067349999999999994e+02 2.934786788588716888e-11
1.068599999999999994e+02 3.088446165477876093e-11
1.070000000000000000e+02 2.983698357827968550e-11
1.071410000000000053e+02 3.065923209755183620e-11
1.072660000000000053e+02 3.053052949342216493e-11
1.074069999999999965e+02 2.893250222735233024e-11
1.075319999999999965e+02 2.949377894689853008e-11
1.076719999999999970e+02 2.929358144942995068e-11
1.077969999999999970e+02 3.026597722444179794e-11
1.079219999999999970e+02 3.078792776278760357e-11
1.080630000000000024e+02 3.046617819135732930e-11
1.081880000000000024e+02 3.050907790291823574e-11
1.083130000000000024e+02 2.912555613354683715e-11
1.084539999999999935e+02 2.930430550995843930e-11
1.085789999999999935e+02 3.084155847377090254e-11
1.087039999999999935e+02 3.004076154500268103e-11
1.088289999999999935e+02 3.073430399069820851e-11
1.089689999999999941e+02 2.975476115496533680e-11
1.090939999999999941e+02 3.048405625150074627e-11
1.092189999999999941e+02 3.082725741343494974e-11
1.093599999999999994e+02 3.011941390740346947e-11
1.095000000000000000e+02 3.065565856719132398e-11
1.096250000000000000e+02 2.972972909520699147e-11
1.097500000000000000e+02 3.126698205901945471e-11
1.098910000000000053e+02 3.000500889416279904e-11
1.100160000000000053e+02 2.990848194106554558e-11
1.101410000000000053e+02 3.010047072704580273e-11
1.102819999999999965e+02 3.070212833966579069e-11
1.104069999999999965e+02 2.945088617423152755e-11
1.105469999999999970e+02 3.005505566644472992e-11
1.106719999999999970e+02 2.992993700101642673e-11
1.108130000000000024e+02 2.906835189220302595e-11
1.109380000000000024e+02 2.617432312557177454e-11
1.110789999999999935e+02 2.438867684195766827e-11
1.112039999999999935e+02 2.434577539567328586e-11
1.113289999999999935e+02 2.381309906207551563e-11
1.114689999999999941e+02 2.327684919811723319e-11
1.115939999999999941e+02 2.229729768876698159e-11
1.117189999999999941e+02 2.231160221854988635e-11
1.118599999999999994e+02 2.207564686607099702e-11
1.119849999999999994e+02 2.001644336391272816e-11
1.121099999999999994e+02 2.256542348810786081e-11
1.122500000000000000e+02 2.129629805835975276e-11
1.123750000000000000e+02 2.098169901709745488e-11
1.125000000000000000e+02 2.160374656945407423e-11
1.126410000000000053e+02 1.947304643923342127e-11
1.127660000000000053e+02 1.974116703440387255e-11
1.128910000000000053e+02 2.099599660798645573e-11
1.130319999999999965e+02 2.069211815780569452e-11
1.131719999999999970e+02 1.977334615488324232e-11
1.132969999999999970e+02 1.999856877321626314e-11
1.134380000000000024e+02 2.152509767650023775e-11
1.135630000000000024e+02 2.045616974422070911e-11
1.136880000000000024e+02 2.066352124130421686e-11
1.138289999999999935e+02 1.948019523467792169e-11
1.139539999999999935e+02 2.010939678664946939e-11
1.140789999999999935e+02 2.046689727419614968e-11
1.142189999999999941e+02 2.088517032927672545e-11
1.143439999999999941e+02 1.939082228119559659e-11
1.144689999999999941e+02 2.104604684971533857e-11
1.146099999999999994e+02 2.003432142405614513e-11
1.147349999999999994e+02 1.973401997368284810e-11
1.148599999999999994e+02 1.959817030883215239e-11
1.150000000000000000e+02 1.966251987617351205e-11
1.151250000000000000e+02 1.996997012199130950e-11
1.152500000000000000e+02 1.989131949431399704e-11
1.153910000000000053e+02 2.065994424149675268e-11
1.155160000000000053e+02 1.963749302058559465e-11
1.156569999999999965e+02 2.096024569187004971e-11
1.157819999999999965e+02 2.054197090206599796e-11
1.159219999999999970e+02 1.938975889570482281e-11
1.160469999999999970e+02 1.905834171034292979e-11
1.161880000000000024e+02 1.970542132245789446e-11
1.163130000000000024e+02 2.074932586859645767e-11
1.164380000000000024e+02 2.060275040849379735e-11
1.165789999999999935e+02 2.005219774947608613e-11
1.167039999999999935e+02 1.981611402745997452e-11
1.168289999999999935e+02 2.084941941316031944e-11
1.169689999999999941e+02 1.997354712179877367e-11
1.171099999999999994e+02 2.022737186080370009e-11
1.172349999999999994e+02 2.019877147485527047e-11
1.173599999999999994e+02 1.921564643514450665e-11
1.175000000000000000e+02 2.029529669322904795e-11
1.176250000000000000e+02 2.048119659980862650e-11
1.177500000000000000e+02 2.039896897232384987e-11
1.178910000000000053e+02 1.930144585826631953e-11
1.180160000000000053e+02 2.004504548458463375e-11
1.181410000000000053e+02 2.012726790789898246e-11
1.182819999999999965e+02 1.832189261419259196e-11
1.184069999999999965e+02 1.994852200093433225e-11
1.185319999999999965e+02 2.067782056691669368e-11
1.186569999999999965e+02 1.918347251883556481e-11
1.187969999999999970e+02 1.921922170022849485e-11
1.189219999999999970e+02 2.038824491179536125e-11
1.190469999999999970e+02 1.965179755036849940e-11
1.191880000000000024e+02 2.046689553947267370e-11
1.193289999999999935e+02 2.059916993923938122e-11
1.194539999999999935e+02 2.001644683335968011e-11
1.195789999999999935e+02 1.904046711964646477e-11
1.197189999999999941e+02 1.954454480201928135e-11
1.198599999999999994e+02 1.975546982946330132e-11
1.199849999999999994e+02 1.912269648185471738e-11
1.201099999999999994e+02 1.908575207598683932e-11
1.202500000000000000e+02 1.901186846842151112e-11
1.203750000000000000e+02 1.958029398341221139e-11
1.205000000000000000e+02 2.051694578120155654e-11
1.206410000000000053e+02 1.954097127165876913e-11
1.207660000000000053e+02 1.949092102992988629e-11
1.208910000000000053e+02 1.965179408092154745e-11
1.210160000000000053e+02 1.921922170022849485e-11
1.211569999999999965e+02 1.955527059727124595e-11
1.212819999999999965e+02 2.046689727419614968e-11
1.214069999999999965e+02 1.911197068660275278e-11
1.215469999999999970e+02 2.047761960000116233e-11
1.216880000000000024e+02 1.952309321151535215e-11
1.218130000000000024e+02 1.948019523467792169e-11
1.219380000000000024e+02 1.927999253303891436e-11
1.220789999999999935e+02 1.928356779812290256e-11
1.222189999999999941e+02 1.891892198457867380e-11
1.223439999999999941e+02 2.043114635807974366e-11
1.224689999999999941e+02 1.995566906165535670e-11
1.226099999999999994e+02 1.957883681569239087e-11
1.227349999999999994e+02 2.049192066033711512e-11
1.228599999999999994e+02 2.038466964671137305e-11
1.230000000000000000e+02 1.933004971366170111e-11
1.231250000000000000e+02 2.089232259416817783e-11
1.232500000000000000e+02 1.982339466188864918e-11
1.233910000000000053e+02 1.955169359746378177e-11
1.235160000000000053e+02 1.901545067239940323e-11
1.236569999999999965e+02 2.079579564107092438e-11
1.237819999999999965e+02 2.102102172885089715e-11
1.239069999999999965e+02 2.026669630728061833e-11
1.240469999999999970e+02 2.033819467006647841e-11
1.241719999999999970e+02 1.974474576893481270e-11
1.242969999999999970e+02 1.952667194604629231e-11
1.244380000000000024e+02 2.047047080455666190e-11
1.245630000000000024e+02 1.921921996550501888e-11
1.246880000000000024e+02 1.979122074557970734e-11
1.248289999999999935e+02 1.963749475530907063e-11
1.249539999999999935e+02 1.940512160680807341e-11
1.250789999999999935e+02 1.894752063580362744e-11
1.252189999999999941e+02 1.948376876503843391e-11
1.253599999999999994e+02 1.900472140770048668e-11
1.254849999999999994e+02 1.946231890925798069e-11
1.256099999999999994e+02 1.976619388999178994e-11
1.257500000000000000e+02 2.078149805018192353e-11
1.258750000000000000e+02 1.979479427594021956e-11
1.260160000000000053e+02 1.999141997777176272e-11
1.261410000000000053e+02 2.049192239506059110e-11
1.262660000000000053e+02 1.864721918543033041e-11
1.264069999999999965e+02 2.017732161907481725e-11
1.265319999999999965e+02 1.994137320548983183e-11
1.266569999999999965e+02 1.924782035145344850e-11
1.267969999999999970e+02 1.959817030883215239e-11
1.269219999999999970e+02 1.904761764981444117e-11
1.270469999999999970e+02 1.953739427185130495e-11
1.271880000000000024e+02 1.904047058909341672e-11
1.273130000000000024e+02 1.985557031292106700e-11
1.274380000000000024e+02 2.060274520432336942e-11
1.275789999999999935e+02 1.966967040634148844e-11
1.277189999999999941e+02 2.084584935224675917e-11
1.278439999999999941e+02 1.937294769049913157e-11
1.279689999999999941e+02 2.028099563289309515e-11
1.281100000000000136e+02 1.935864489543970279e-11
1.282350000000000136e+02 1.884026962217788537e-11
1.283750000000000000e+02 2.022736839135674813e-11
1.285000000000000000e+02 1.903689532400942852e-11
1.286250000000000000e+02 1.919061957955658926e-11
1.287659999999999911e+02 1.913024079425174051e-11
1.288909999999999911e+02 2.033104587462197799e-11
1.290159999999999911e+02 1.895109416616413966e-11
1.291570000000000107e+02 2.006649360564161100e-11
1.292820000000000107e+02 1.958744624830366377e-11
1.294219999999999970e+02 1.990204355484248566e-11
1.295469999999999970e+02 1.914414633763517060e-11
1.296879999999999882e+02 1.991634634990191444e-11
1.298129999999999882e+02 1.991992161498590264e-11
1.299379999999999882e+02 1.986629437344955562e-11
1.300790000000000077e+02 1.927641900267840214e-11
1.302040000000000077e+02 1.840412024167736860e-11
1.303290000000000077e+02 1.979836780630073179e-11
1.304689999999999941e+02 1.776419636390080825e-11
1.305939999999999941e+02 1.921921996550501888e-11
1.307189999999999941e+02 1.897969802155952124e-11
1.308600000000000136e+02 1.901186846842151112e-11
1.309850000000000136e+02 1.934791736546426222e-11
1.311100000000000136e+02 1.948019349995444571e-11
1.312350000000000136e+02 2.068497109708467008e-11
1.313750000000000000e+02 1.983769572222460198e-11
1.315159999999999911e+02 1.984842151747656658e-11
1.316409999999999911e+02 1.996997185671478547e-11
1.317820000000000107e+02 1.854354343688857654e-11
1.319070000000000107e+02 2.030244548867354837e-11
1.320469999999999970e+02 1.965894461108952385e-11
1.321719999999999970e+02 1.941584566733656203e-11
1.322969999999999970e+02 1.969469899665288182e-11
1.324379999999999882e+02 1.968039620159345304e-11
1.325629999999999882e+02 1.868654536663072463e-11
1.326879999999999882e+02 1.888317453790921974e-11
1.328290000000000077e+02 1.860432294331637593e-11
1.329540000000000077e+02 2.019877147485527047e-11
1.330790000000000077e+02 1.884027135690136134e-11
1.332189999999999941e+02 1.932289744877024873e-11
1.333439999999999941e+02 1.945517011381348027e-11
1.334689999999999941e+02 1.847562033918670465e-11
1.335939999999999941e+02 1.953739427185130495e-11
1.337350000000000136e+02 1.949806809065091073e-11
1.338750000000000000e+02 2.018447041451931767e-11
1.340000000000000000e+02 1.948019523467792169e-11
1.341250000000000000e+02 1.934434730455070195e-11
1.342659999999999911e+02 2.051337051611756834e-11
1.344070000000000107e+02 2.012011911245448204e-11
1.345320000000000107e+02 1.848276566518425312e-11
1.346570000000000107e+02 2.015587349801784001e-11
1.347969999999999970e+02 2.043114635807974366e-11
1.349219999999999970e+02 2.019877147485527047e-11
1.350469999999999970e+02 1.884384488726187357e-11
1.351879999999999882e+02 1.936936895596819141e-11
1.353129999999999882e+02 2.004862248439209793e-11
1.354540000000000077e+02 2.089946965488920227e-11
1.355790000000000077e+02 1.848276739990772910e-11
1.357040000000000077e+02 1.936579542560767919e-11
1.358439999999999941e+02 2.036679679073838400e-11
1.359689999999999941e+02 2.041684356302031489e-11
1.360939999999999941e+02 1.985557204764454298e-11
1.362350000000000136e+02 2.006649707508856295e-11
1.363600000000000136e+02 1.983054519205662558e-11
1.364850000000000136e+02 2.015587349801784001e-11
1.366250000000000000e+02 1.915129513307967102e-11
1.367500000000000000e+02 2.048119486508515052e-11
1.368750000000000000e+02 1.958029745285916334e-11
1.370159999999999911e+02 1.827184584191066108e-11
1.371409999999999911e+02 1.918347251883556481e-11
1.372659999999999911e+02 1.989489302467450926e-11
1.374070000000000107e+02 2.008079466597756380e-11
1.375469999999999970e+02 2.026669457255714235e-11
1.376719999999999970e+02 1.896896875686060469e-11
1.377969999999999970e+02 1.927999426776239034e-11
1.379379999999999882e+02 1.941584566733656203e-11
1.380790000000000077e+02 1.940512160680807341e-11
1.382040000000000077e+02 1.921207117006051845e-11
1.383290000000000077e+02 1.936579369088420322e-11
1.384540000000000077e+02 2.035607099548641941e-11
1.385939999999999941e+02 1.889031986390676821e-11
1.387189999999999941e+02 2.027742383725605890e-11
1.388439999999999941e+02 1.941942093242055023e-11
1.389850000000000136e+02 1.930502112335030773e-11
1.391100000000000136e+02 1.918704604919607704e-11
1.392350000000000136e+02 2.029172142814505975e-11
1.393750000000000000e+02 1.962677069478058201e-11
1.395000000000000000e+02 1.969469379248245389e-11
1.396250000000000000e+02 1.917274151941317228e-11
1.397659999999999911e+02 2.018447214924279365e-11
1.398909999999999911e+02 1.915487213288713519e-11
1.400320000000000107e+02 1.891534151532425767e-11
1.401570000000000107e+02 1.893321957546767464e-11
1.402969999999999970e+02 1.976977088979925412e-11
1.404219999999999970e+02 1.984841804802961462e-11
1.405469999999999970e+02 2.091734598030914327e-11
1.406879999999999882e+02 1.983054692678010156e-11
1.408129999999999882e+02 1.859002014825694715e-11
1.409379999999999882e+02 1.949807329482133866e-11
1.410629999999999882e+02 2.044544741841569646e-11
1.412040000000000077e+02 1.962319716442006978e-11
1.413290000000000077e+02 1.956241939271574637e-11
1.414540000000000077e+02 1.948019523467792169e-11
1.415939999999999941e+02 1.849349319515969370e-11
1.417189999999999941e+02 1.847204333937924048e-11
