Start time (s) =
1547806285
'Reltime', 'DEFAU[mV]', '44.00[A]', '28.00[A]'
0.000000000000000000e+00 2.101718750000000000e+03 2.460865712594628718e-11 4.527595659498118152e-11
6.560000000000000275e-01 2.100000000000000000e+03 2.503607564319221268e-11 4.521207019880790767e-11
1.296999999999999931e+00 2.100000000000000000e+03 2.434274830320770633e-11 4.562906649741016452e-11
1.952999999999999847e+00 2.100000000000000000e+03 2.461602623127223666e-11 4.555415419882358208e-11
2.593999999999999861e+00 2.101093750000000000e+03 2.388523753782401116e-11 4.530480851583362778e-11
3.250000000000000000e+00 2.101093750000000000e+03 2.420703915095856473e-11 4.550685869797455041e-11
3.890000000000000124e+00 2.100312500000000000e+03 2.442747566722136554e-11 4.601839395657059129e-11
4.562000000000000277e+00 2.099843750000000000e+03 2.448707035751507277e-11 4.535087583246166787e-11
5.203000000000000291e+00 2.100000000000000000e+03 2.481566514778155152e-11 4.544421783325702791e-11
5.875000000000000000e+00 2.100000000000000000e+03 2.465164704312794441e-11 4.551484536485794763e-11
6.514999999999999680e+00 2.100000000000000000e+03 2.387663504410664217e-11 4.534596656502465351e-11
7.171999999999999709e+00 2.099843750000000000e+03 2.471674601101092605e-11 4.483993731874136301e-11
7.828000000000000291e+00 2.099843750000000000e+03 2.434889095903614020e-11 4.558239549701248450e-11
8.483999999999999986e+00 2.100000000000000000e+03 2.465348931945943178e-11 4.527841990231706859e-11
9.140000000000000568e+00 2.100312500000000000e+03 2.478061159050248818e-11 4.501801709189123812e-11
9.797000000000000597e+00 2.100000000000000000e+03 2.479964844592785767e-11 4.537358336276220427e-11
1.045299999999999940e+01 2.100000000000000000e+03 2.505204897695900712e-11 4.493942717953558486e-11
1.109399999999999942e+01 2.100000000000000000e+03 2.433415101366076527e-11 4.501250414068458383e-11
1.175000000000000000e+01 2.099531250000000000e+03 2.404674723233135580e-11 4.501986977656358135e-11
1.239000000000000057e+01 2.100000000000000000e+03 2.449136032867116342e-11 4.495109492963500486e-11
1.304700000000000060e+01 2.099843750000000000e+03 2.450743601112304049e-11 4.521026261694593984e-11
1.370299999999999940e+01 2.099375000000000000e+03 2.412596684930878865e-11 4.582988155643619166e-11
1.435899999999999999e+01 2.100000000000000000e+03 2.450548791665951853e-11 4.527840602452926078e-11
1.500000000000000000e+01 2.099843750000000000e+03 2.434275003793118231e-11 4.505242359731376212e-11
1.565600000000000058e+01 2.100000000000000000e+03 2.478552432738645450e-11 4.541843637295706060e-11
1.631200000000000117e+01 2.100000000000000000e+03 2.447785550641068397e-11 4.522375529614208745e-11
1.695299999999999940e+01 2.099843750000000000e+03 2.424264608502646468e-11 4.551976157118886590e-11
1.760900000000000176e+01 2.099687500000000000e+03 2.458471100308390334e-11 4.528577859930216221e-11
1.825000000000000000e+01 2.100156250000000000e+03 2.407622538835862969e-11 4.549765425521101747e-11
1.890599999999999881e+01 2.099843750000000000e+03 2.421746830849613730e-11 4.528331182251932319e-11
1.956200000000000117e+01 2.101093750000000000e+03 2.437530038923441111e-11 4.527963767819720431e-11
2.020299999999999940e+01 2.099687500000000000e+03 2.399025075816574315e-11 4.512610424223240102e-11
2.085900000000000176e+01 2.100312500000000000e+03 2.461910016127166756e-11 4.514636581243181013e-11
2.150000000000000000e+01 2.099218750000000000e+03 2.453311859218487712e-11 4.491055444200142688e-11
2.215599999999999881e+01 2.100312500000000000e+03 2.456813398554746897e-11 4.528638575251875409e-11
2.281200000000000117e+01 2.100000000000000000e+03 2.489115163983868229e-11 4.564380123861511152e-11
2.346900000000000119e+01 2.099843750000000000e+03 2.458962027052091770e-11 4.575863299383087224e-11
2.410900000000000176e+01 2.100000000000000000e+03 2.461787197705067598e-11 4.495782912616874682e-11
2.476500000000000057e+01 2.099843750000000000e+03 2.458101951152702469e-11 4.518998023006481901e-11
2.542200000000000060e+01 2.100000000000000000e+03 2.447109528902480236e-11 4.545343268436141670e-11
2.606200000000000117e+01 2.100468750000000000e+03 2.456689886243257348e-11 4.496459801717200833e-11
2.671900000000000119e+01 2.100000000000000000e+03 2.425616998924517986e-11 4.544853035581830625e-11
2.735900000000000176e+01 2.099375000000000000e+03 2.451960856575396974e-11 4.473001483096261666e-11
2.801500000000000057e+01 2.100468750000000000e+03 2.468849083503421582e-11 4.522375182669513549e-11
2.865599999999999881e+01 2.100312500000000000e+03 2.428194971482167119e-11 4.505364137319389783e-11
2.931200000000000117e+01 2.100000000000000000e+03 2.420028066829615909e-11 4.559590899289034382e-11
2.996900000000000119e+01 2.099531250000000000e+03 2.420395654734175395e-11 4.524158478402817707e-11
3.060900000000000176e+01 2.099843750000000000e+03 2.486904432386083386e-11 4.468210523800308920e-11
3.126500000000000057e+01 2.099843750000000000e+03 2.445389897520744427e-11 4.509663475982250702e-11
3.192200000000000060e+01 2.100000000000000000e+03 2.453435024585282065e-11 4.482702750663314362e-11
3.257800000000000296e+01 2.099843750000000000e+03 2.447907675173777164e-11 4.533919767402139200e-11
3.323400000000000176e+01 2.099843750000000000e+03 2.445759046676432291e-11 4.516726229142342675e-11
3.387500000000000000e+01 2.099375000000000000e+03 2.444162233716795640e-11 4.513225210223126282e-11
3.453099999999999881e+01 2.100000000000000000e+03 2.443978006083646903e-11 4.522067789669570459e-11
3.518699999999999761e+01 2.100000000000000000e+03 2.437406700084299160e-11 4.492283975365829463e-11
3.582800000000000296e+01 2.099687500000000000e+03 2.415052532955819231e-11 4.470420908453398567e-11
3.648400000000000176e+01 2.100000000000000000e+03 2.403440120535282887e-11 4.523541263790065159e-11
3.712500000000000000e+01 2.100000000000000000e+03 2.438819111938439477e-11 4.463482708438881730e-11
3.778099999999999881e+01 2.100156250000000000e+03 2.444960726932787765e-11 4.476868528668909164e-11
3.843699999999999761e+01 2.099531250000000000e+03 2.448830027645954033e-11 4.525629523910446039e-11
3.907800000000000296e+01 2.100000000000000000e+03 2.497558410086142544e-11 4.525937610799779520e-11
3.973400000000000176e+01 2.099843750000000000e+03 2.465532118745006329e-11 4.531524808171205621e-11
4.039000000000000057e+01 2.099843750000000000e+03 2.407254430514260690e-11 4.486757840260757746e-11
4.104699999999999704e+01 2.100156250000000000e+03 2.410276318809412288e-11 4.543500645159959106e-11
4.168699999999999761e+01 2.100156250000000000e+03 2.413026896352921113e-11 4.492776636833006876e-11
4.234400000000000119e+01 2.100312500000000000e+03 2.489299912034059759e-11 4.525936916910389129e-11
4.298400000000000176e+01 2.100468750000000000e+03 2.405288468398936175e-11 4.517401730463888043e-11
4.364000000000000057e+01 2.100937500000000000e+03 2.437592142023881081e-11 4.504135953098398204e-11
4.429699999999999704e+01 2.100312500000000000e+03 2.452881994741140659e-11 4.482275314798833676e-11
4.493699999999999761e+01 2.100000000000000000e+03 2.405104761182830231e-11 4.452735055671119824e-11
4.559400000000000119e+01 2.099843750000000000e+03 2.405227579604929389e-11 4.508987627716010138e-11
4.625000000000000000e+01 2.099843750000000000e+03 2.408079291527087662e-11 4.493327585008977110e-11
4.690599999999999881e+01 2.099375000000000000e+03 2.456690059715604946e-11 4.546816395611941175e-11
4.754699999999999704e+01 2.099218750000000000e+03 2.413824348734827652e-11 4.443892129279980452e-11
4.820300000000000296e+01 2.100000000000000000e+03 2.387233639933317164e-11 4.502109449133762098e-11
4.884400000000000119e+01 2.099843750000000000e+03 2.451899967781390188e-11 4.491916907878312770e-11
4.950000000000000000e+01 2.100156250000000000e+03 2.431388250456745226e-11 4.530482239362143559e-11
5.015599999999999881e+01 2.100000000000000000e+03 2.476073859836169788e-11 4.564073424750958452e-11
5.081199999999999761e+01 2.100000000000000000e+03 2.435073150064415159e-11 4.466797765001473408e-11
5.145300000000000296e+01 2.100000000000000000e+03 2.482237852763358177e-11 4.512180559745893049e-11
5.210900000000000176e+01 2.100000000000000000e+03 2.420764803889863259e-11 4.571810638398510207e-11
5.276500000000000057e+01 2.099687500000000000e+03 2.428625182904209368e-11 4.485467205994631001e-11
5.340599999999999881e+01 2.101250000000000000e+03 2.471489853050901075e-11 4.470605829975937695e-11
5.406199999999999761e+01 2.100000000000000000e+03 2.468111999498479037e-11 4.470606176920632890e-11
5.471900000000000119e+01 2.100156250000000000e+03 2.434091123104664689e-11 4.480922230487571767e-11
5.537500000000000000e+01 2.100000000000000000e+03 2.432493616255637647e-11 4.493511812642125847e-11
5.601500000000000057e+01 2.099062500000000000e+03 2.413456587357920569e-11 4.526735930543424047e-11
5.667199999999999704e+01 2.099843750000000000e+03 2.398410636761383330e-11 4.525691973955581204e-11
5.731199999999999761e+01 2.099687500000000000e+03 2.422729378226406993e-11 4.520776808458748519e-11
5.796900000000000119e+01 2.100156250000000000e+03 2.457181159931653980e-11 4.518443952328254909e-11
5.862500000000000000e+01 2.100000000000000000e+03 2.433538093260523283e-11 4.510461448781200033e-11
5.926500000000000057e+01 2.100000000000000000e+03 2.410447189071796004e-11 4.497011096837866262e-11
5.992199999999999704e+01 2.099375000000000000e+03 2.394234810410011960e-11 4.438119663441320029e-11
6.057800000000000296e+01 2.099843750000000000e+03 2.468173755654223811e-11 4.485037341517283949e-11
6.123400000000000176e+01 2.100156250000000000e+03 2.423773334814249836e-11 4.561984817685882376e-11
6.189000000000000057e+01 2.099531250000000000e+03 2.436608553813002231e-11 4.481659141020166714e-11
6.254699999999999704e+01 2.099531250000000000e+03 2.453987880957075873e-11 4.475026946226812186e-11
6.320300000000000296e+01 2.099531250000000000e+03 2.378329477803475811e-11 4.481782306386961068e-11
6.384400000000000119e+01 2.100312500000000000e+03 2.400621194886820575e-11 4.542579853938910617e-11
6.450000000000000000e+01 2.100000000000000000e+03 2.398496505573444182e-11 4.559282118510310511e-11
6.514000000000000057e+01 2.102812500000000000e+03 2.436362570024108720e-11 4.477054144080838682e-11
6.579699999999999704e+01 2.107656250000000000e+03 2.449075664490152349e-11 4.494063454707486471e-11
6.645300000000000296e+01 2.112031250000000000e+03 2.445697984410077908e-11 4.510031584303852981e-11
6.709399999999999409e+01 2.119531250000000000e+03 2.446433854108587269e-11 4.529621469573363868e-11
6.775000000000000000e+01 2.123593750000000000e+03 2.421562776688812590e-11 4.523235605513598045e-11
6.839000000000000057e+01 2.132343750000000000e+03 2.408912305740251725e-11 4.508805134806337378e-11
6.904699999999999704e+01 2.138906250000000000e+03 2.445696423158949528e-11 4.521884602870507308e-11
6.970300000000000296e+01 2.146562500000000000e+03 2.473271067116034061e-11 4.520963811649458819e-11
7.034399999999999409e+01 2.153281250000000000e+03 2.437559702694880315e-11 4.475211173859960923e-11
7.100000000000000000e+01 2.157187500000000000e+03 2.480026253803835345e-11 4.525813751543594776e-11
7.164000000000000057e+01 2.175156250000000000e+03 2.451837691208602621e-11 4.531033881427504184e-11
7.229699999999999704e+01 2.183906250000000000e+03 2.480640519386678733e-11 4.509907725047668237e-11
7.295300000000000296e+01 2.192187500000000000e+03 2.451653983992496677e-11 4.565302649806035618e-11
7.359399999999999409e+01 2.205937500000000000e+03 2.412229617443362173e-11 4.545773479858183919e-11
7.425000000000000000e+01 2.215312500000000000e+03 2.470691706779604147e-11 4.525262109478234152e-11
7.489000000000000057e+01 2.227968750000000000e+03 2.418430733452936465e-11 4.563643907218306595e-11
7.554699999999999704e+01 2.237500000000000000e+03 2.431756879195390297e-11 4.542026477150074015e-11
7.618699999999999761e+01 2.251718750000000000e+03 2.445083024937844129e-11 4.574205250684748592e-11
7.684399999999999409e+01 2.261406250000000000e+03 2.389157621740523041e-11 4.567697262092274002e-11
7.750000000000000000e+01 2.274843750000000000e+03 2.456505485137761013e-11 4.522620125624321474e-11
7.814000000000000057e+01 2.286718750000000000e+03 2.465840379106687408e-11 4.528332916975408295e-11
7.879699999999999704e+01 2.297656250000000000e+03 2.457733669358752593e-11 4.571934844599390146e-11
7.943699999999999761e+01 2.316250000000000000e+03 2.402033780213308489e-11 4.575494150227399359e-11
8.010899999999999466e+01 2.323906250000000000e+03 2.447846612907422781e-11 4.601903580425670270e-11
8.075000000000000000e+01 2.333750000000000000e+03 2.409648869328151477e-11 4.581944199055776323e-11
8.140600000000000591e+01 2.347031250000000000e+03 2.470752595573610932e-11 4.556520438736555434e-11
8.204699999999999704e+01 2.357812500000000000e+03 2.483342004255817415e-11 4.567021760770728633e-11
8.270300000000000296e+01 2.369375000000000000e+03 2.449259198233910695e-11 4.568864037102216002e-11
8.335899999999999466e+01 2.381562500000000000e+03 2.438144304506284499e-11 4.606632089676487851e-11
8.400000000000000000e+01 2.393593750000000000e+03 2.426537616673218878e-11 4.610868284404823214e-11
8.465600000000000591e+01 2.402343750000000000e+03 2.407376381574621860e-11 4.590480426336362996e-11
8.529699999999999704e+01 2.421406250000000000e+03 2.467068389855331390e-11 4.517399995740412066e-11
8.596899999999999409e+01 2.428125000000000000e+03 2.459699111057034315e-11 4.552835539128885500e-11
8.660899999999999466e+01 2.440468750000000000e+03 2.450917420404596925e-11 4.570030812112158003e-11
8.726500000000000057e+01 2.452343750000000000e+03 2.459146428157588105e-11 4.584769369708752151e-11
8.790600000000000591e+01 2.469218750000000000e+03 2.446127328470382167e-11 4.596437119808172156e-11
8.856199999999999761e+01 2.478906250000000000e+03 2.478675424633092206e-11 4.608412262907535251e-11
8.921899999999999409e+01 2.487812500000000000e+03 2.468357636342677353e-11 4.583110627121023128e-11
8.985899999999999466e+01 2.498437500000000000e+03 2.437161063240100844e-11 4.583663310020469339e-11
9.051500000000000057e+01 2.514062500000000000e+03 2.452944271313928226e-11 4.607184425631238867e-11
9.115600000000000591e+01 2.525156250000000000e+03 2.421317139844614275e-11 4.617009552454476307e-11
9.181199999999999761e+01 2.537500000000000000e+03 2.400929108303806458e-11 4.561249294932068210e-11
9.246899999999999409e+01 2.543750000000000000e+03 2.437836391089298615e-11 4.621370647273082000e-11
9.310899999999999466e+01 2.560625000000000000e+03 2.442749821862655324e-11 4.610991102826922372e-11
9.376500000000000057e+01 2.577968750000000000e+03 2.445942753892538235e-11 4.599937791782693353e-11
9.440600000000000591e+01 2.585000000000000000e+03 2.431941800717929425e-11 4.675351078509137892e-11
9.506199999999999761e+01 2.595312500000000000e+03 2.407438484675061829e-11 4.642556478140491549e-11
9.571899999999999409e+01 2.605000000000000000e+03 2.429669139492052210e-11 4.702494296737746993e-11
9.635899999999999466e+01 2.615000000000000000e+03 2.463813875142051302e-11 4.688492649673747792e-11
9.701500000000000057e+01 2.627500000000000000e+03 2.460804476855926737e-11 4.699853006773224706e-11
9.765600000000000591e+01 2.639062500000000000e+03 2.495439618832584472e-11 4.711397591505850357e-11
9.831199999999999761e+01 2.650000000000000000e+03 2.450548791665951853e-11 4.709003673109002364e-11
9.896899999999999409e+01 2.663281250000000000e+03 2.462401636760258583e-11 4.775634401821271524e-11
9.960899999999999466e+01 2.675312500000000000e+03 2.533945275828841659e-11 4.839932274403047074e-11
1.002650000000000006e+02 2.680937500000000000e+03 2.485000920315894035e-11 4.776863279931653494e-11
1.009219999999999970e+02 2.697968750000000000e+03 2.475666373291662836e-11 4.796943745000170622e-11
1.015780000000000030e+02 2.707500000000000000e+03 2.464243739619398355e-11 4.840607428779897248e-11
1.022339999999999947e+02 2.717343750000000000e+03 2.488501939235110427e-11 4.848529217005292935e-11
1.028750000000000000e+02 2.732031250000000000e+03 2.459330829263084439e-11 4.831211472544616470e-11
1.035469999999999970e+02 2.741406250000000000e+03 2.456444596343754228e-11 4.846993292839663070e-11
1.041869999999999976e+02 2.747656250000000000e+03 2.498756236646304529e-11 4.842204068267186301e-11
1.048439999999999941e+02 2.761093750000000000e+03 2.450241225193661165e-11 4.779011561484303172e-11
1.054839999999999947e+02 2.777031250000000000e+03 2.483771868733164467e-11 4.684622134654148340e-11
1.061400000000000006e+02 2.782812500000000000e+03 2.466515706955885179e-11 4.699117484019410540e-11
1.067969999999999970e+02 2.792968750000000000e+03 2.521478685568734335e-11 4.705195955079233272e-11
1.074530000000000030e+02 2.803281250000000000e+03 2.479965538482176157e-11 4.650292997898652914e-11
1.080939999999999941e+02 2.812968750000000000e+03 2.467129625594033371e-11 4.556827137847108133e-11
1.087500000000000000e+02 2.824062500000000000e+03 2.476156953090669077e-11 4.606999504108699739e-11
1.094060000000000059e+02 2.831250000000000000e+03 2.467436845121628863e-11 4.622720609082087151e-11
1.100469999999999970e+02 2.837187500000000000e+03 2.457426449831157100e-11 4.608904577430017468e-11
1.107030000000000030e+02 2.843125000000000000e+03 2.505450187595403833e-11 4.580961998623678255e-11
1.113439999999999941e+02 2.868437500000000000e+03 2.498879575485446480e-11 4.658769550691665984e-11
1.120000000000000000e+02 2.876718750000000000e+03 2.478614015422042627e-11 4.590417976291227831e-11
1.126560000000000059e+02 2.887500000000000000e+03 2.485859955381197750e-11 4.579242193769594849e-11
1.132969999999999970e+02 2.900156250000000000e+03 2.467252790960827724e-11 4.577460285815071472e-11
1.139530000000000030e+02 2.911250000000000000e+03 2.491141321003809139e-11 4.536744938055115028e-11
1.146250000000000000e+02 2.924218750000000000e+03 2.484939511104844456e-11 4.629291394664392101e-11
1.152650000000000006e+02 2.934843750000000000e+03 2.532839563085254042e-11 4.586365315306650814e-11
1.159219999999999970e+02 2.942968750000000000e+03 2.477753766050305728e-11 4.551237858807510861e-11
1.165780000000000030e+02 2.953750000000000000e+03 2.436362916968803916e-11 4.618730051197950104e-11
1.172339999999999947e+02 2.964531250000000000e+03 2.475543034452520885e-11 4.594718355788174335e-11
1.178750000000000000e+02 2.972812500000000000e+03 2.498879055068403687e-11 4.596436772863476961e-11
1.185310000000000059e+02 2.987656250000000000e+03 2.513433905448891892e-11 4.629599828498420777e-11
1.191719999999999970e+02 3.005000000000000000e+03 2.475481104824428513e-11 4.636047448713931374e-11
1.198280000000000030e+02 3.014843750000000000e+03 2.481560963663032027e-11 4.609579037917477251e-11
1.204839999999999947e+02 3.021875000000000000e+03 2.489851554099420383e-11 4.645381648793467377e-11
1.211250000000000000e+02 3.031250000000000000e+03 2.494211608083940490e-11 4.645997475627439144e-11
1.217810000000000059e+02 3.040625000000000000e+03 2.528786728628329428e-11 4.624132673991532272e-11
1.224219999999999970e+02 3.051250000000000000e+03 2.501028550927486549e-11 4.599262637405843179e-11
1.230780000000000030e+02 3.060156250000000000e+03 2.501212431615940091e-11 4.565976416404105009e-11
1.237339999999999947e+02 3.071093750000000000e+03 2.468199949978711061e-11 4.630704153463227613e-11
1.243750000000000000e+02 3.077343750000000000e+03 2.522522468684229580e-11 4.605158615555993151e-11
1.250310000000000059e+02 3.082812500000000000e+03 2.500537624183785113e-11 4.632176933694331922e-11
1.256719999999999970e+02 3.121093750000000000e+03 2.491694350847950545e-11 4.558239549701248450e-11
1.263280000000000030e+02 3.127187500000000000e+03 2.437897626828000597e-11 4.579303949925339623e-11
1.269689999999999941e+02 3.131250000000000000e+03 2.510670144006965643e-11 4.604111883410588746e-11
1.276250000000000000e+02 3.139375000000000000e+03 2.544190552677960682e-11 4.646118906270757520e-11
1.282810000000000059e+02 3.147187500000000000e+03 2.451408694092993557e-11 4.657539978691893623e-11
1.289219999999999970e+02 3.157031250000000000e+03 2.531918251447162760e-11 4.649311144411250041e-11
1.295780000000000030e+02 3.171562500000000000e+03 2.533146088723459144e-11 4.636661193879731968e-11
1.302189999999999941e+02 3.181250000000000000e+03 2.525286230126155829e-11 4.608165238284556153e-11
1.308750000000000000e+02 3.194687500000000000e+03 2.527067097246593619e-11 4.657662797113992781e-11
1.315310000000000059e+02 3.205781250000000000e+03 2.479044053371737277e-11 4.601841477325230301e-11
1.321719999999999970e+02 3.214843750000000000e+03 2.497467510576001359e-11 4.641206169386791203e-11
1.328280000000000030e+02 3.231093750000000000e+03 2.499023384061604958e-11 4.618852175730658871e-11
1.334840000000000089e+02 3.235312500000000000e+03 2.546902272415607626e-11 4.645505854994347317e-11
1.341399999999999864e+02 3.245312500000000000e+03 2.516442956790321261e-11 4.619958235418941683e-11
1.347810000000000059e+02 3.253750000000000000e+03 2.532900625351608426e-11 4.552895213616459102e-11
1.354370000000000118e+02 3.270000000000000000e+03 2.524610555332262862e-11 4.674306774976599854e-11
1.360780000000000030e+02 3.278125000000000000e+03 2.485184454059652381e-11 4.629845118397923898e-11
1.367340000000000089e+02 3.287812500000000000e+03 2.499616486018041428e-11 4.682904411468236106e-11
1.373899999999999864e+02 3.302968750000000000e+03 2.525715574186460088e-11 4.656865171259738645e-11
1.380310000000000059e+02 3.315625000000000000e+03 2.526883043085792480e-11 4.600184122516282059e-11
1.386870000000000118e+02 3.323750000000000000e+03 2.506616789132998235e-11 4.665094352485077422e-11
1.393439999999999941e+02 3.333281250000000000e+03 2.511714621011851278e-11 4.682719836890392173e-11
1.400000000000000000e+02 3.340625000000000000e+03 2.523689070221823982e-11 4.655393084918024726e-11
1.406399999999999864e+02 3.346406250000000000e+03 2.578652569251715931e-11 4.679649029393218029e-11
1.412969999999999970e+02 3.367656250000000000e+03 2.537138728275767363e-11 4.674551717931407779e-11
1.419689999999999941e+02 3.377656250000000000e+03 2.572757111518608752e-11 4.684684237754588310e-11
1.426090000000000089e+02 3.389218750000000000e+03 2.556053285696080479e-11 4.684132595689227685e-11
1.432649999999999864e+02 3.397812500000000000e+03 2.507599683454486694e-11 4.638195730266581052e-11
1.439219999999999970e+02 3.407031250000000000e+03 2.518960560971006402e-11 4.697519803698035901e-11
1.445780000000000030e+02 3.419062500000000000e+03 2.559492201514856902e-11 4.675536000031677020e-11
1.452189999999999941e+02 3.427343750000000000e+03 2.551514902138229957e-11 4.618053509042319149e-11
1.458750000000000000e+02 3.434687500000000000e+03 2.568334954433648676e-11 4.695246968999811088e-11
1.465149999999999864e+02 3.444843750000000000e+03 2.561089361419188748e-11 4.684868465387737047e-11
1.471719999999999970e+02 3.452656250000000000e+03 2.588075413700874350e-11 4.692176855392027335e-11
1.478280000000000030e+02 3.470000000000000000e+03 2.554641047314287761e-11 4.676639631107093464e-11
1.484689999999999941e+02 3.480625000000000000e+03 2.549297578591236402e-11 4.625668251212466942e-11
1.491250000000000000e+02 3.494062500000000000e+03 2.543401600441086430e-11 4.702432887526697414e-11
1.497649999999999864e+02 3.512500000000000000e+03 2.568117073165065989e-11 4.640529974175855443e-11
1.504219999999999970e+02 3.520937500000000000e+03 2.573555431262253279e-11 4.779934434373522834e-11
1.510780000000000030e+02 3.528281250000000000e+03 2.552859312832111982e-11 4.718460344665942330e-11
1.517189999999999941e+02 3.540781250000000000e+03 2.548929817214329319e-11 4.653977897506322847e-11
1.523750000000000000e+02 3.552656250000000000e+03 2.539489972475106327e-11 4.677683240750241112e-11
1.530310000000000059e+02 3.569375000000000000e+03 2.585838140833907062e-11 4.681553061880450173e-11
1.536870000000000118e+02 3.578437500000000000e+03 2.622868068569150779e-11 4.672096737268205402e-11
1.543439999999999941e+02 3.587812500000000000e+03 2.592531050948920779e-11 4.691256064170978846e-11
1.550000000000000000e+02 3.594375000000000000e+03 2.617894442891177675e-11 4.771949849158296786e-11
1.556560000000000059e+02 3.606093750000000000e+03 2.580616796643564470e-11 4.712073786716786117e-11
1.563120000000000118e+02 3.620625000000000000e+03 2.559493242348942488e-11 4.748736820436860739e-11
1.569530000000000030e+02 3.638750000000000000e+03 2.600084730852714188e-11 4.691563110226226740e-11
1.576250000000000000e+02 3.651250000000000000e+03 2.566984298735253134e-11 4.730497937810440590e-11
1.582649999999999864e+02 3.658281250000000000e+03 2.574722032799847682e-11 4.708881201631598401e-11
1.589370000000000118e+02 3.666562500000000000e+03 2.594127516963862234e-11 4.778520287795906540e-11
1.595780000000000030e+02 3.679375000000000000e+03 2.626675092709529480e-11 4.800691094652975721e-11
1.602340000000000089e+02 3.694062500000000000e+03 2.584547853512475513e-11 4.781283702293137594e-11
1.608750000000000000e+02 3.702343750000000000e+03 2.608006866022805070e-11 4.774467279866634328e-11
1.615310000000000059e+02 3.710156250000000000e+03 2.636317032733703769e-11 4.802656189406562248e-11
1.621870000000000118e+02 3.718750000000000000e+03 2.612428502690722354e-11 4.744991552452226813e-11
1.628280000000000030e+02 3.738906250000000000e+03 2.543893914963568648e-11 4.785275301011360227e-11
1.634840000000000089e+02 3.745156250000000000e+03 2.610463407937135827e-11 4.802901132361370173e-11
1.641250000000000000e+02 3.756406250000000000e+03 2.589768503813427714e-11 4.710784540229440154e-11
1.647810000000000059e+02 3.767968750000000000e+03 2.559553263781211285e-11 4.769493480716313627e-11
1.654219999999999970e+02 3.772968750000000000e+03 2.570422867609334361e-11 4.777108222886461419e-11
1.660780000000000030e+02 3.775625000000000000e+03 2.568642347433591766e-11 4.748675064281115965e-11
1.667340000000000089e+02 3.777656250000000000e+03 2.607085901329408983e-11 4.773240136479728335e-11
1.673750000000000000e+02 3.783125000000000000e+03 2.623175461569093869e-11 4.733384170729770801e-11
1.680310000000000059e+02 3.790625000000000000e+03 2.617218941569632307e-11 4.785154217312737046e-11
1.686719999999999970e+02 3.795000000000000000e+03 2.630851439477943643e-11 4.790679658528418372e-11
1.693280000000000030e+02 3.795625000000000000e+03 2.630374737466745216e-11 4.827405489238323355e-11
1.699840000000000089e+02 3.797500000000000000e+03 2.623237044252491046e-11 4.810700796054057093e-11
1.706399999999999864e+02 3.797031250000000000e+03 2.675190624579215637e-11 4.741428083487875256e-11
1.712810000000000059e+02 3.798125000000000000e+03 2.613533174600224385e-11 4.775204884288619667e-11
1.719370000000000118e+02 3.800156250000000000e+03 2.628887212086095104e-11 4.723191282529626278e-11
1.725939999999999941e+02 3.799687500000000000e+03 2.605427505686375156e-11 4.755370403008996050e-11
1.732340000000000089e+02 3.797812500000000000e+03 2.620120440055551114e-11 4.760036115269983270e-11
1.738899999999999864e+02 3.798906250000000000e+03 2.684208237624385873e-11 4.785583387900693708e-11
1.745310000000000059e+02 3.799218750000000000e+03 2.600527952700826262e-11 4.830966876534503740e-11
1.751870000000000118e+02 3.798281250000000000e+03 2.667944164203017721e-11 4.780854184760485737e-11
1.758439999999999941e+02 3.797187500000000000e+03 2.638466702065134228e-11 4.808736048245165762e-11
1.764840000000000089e+02 3.798906250000000000e+03 2.605120806575822456e-11 4.767897188173719769e-11
1.771399999999999864e+02 3.796406250000000000e+03 2.600514421857713643e-11 4.831089001067212507e-11
1.777810000000000059e+02 3.797500000000000000e+03 2.619552491589516308e-11 4.761263952546279654e-11
1.784370000000000118e+02 3.796562500000000000e+03 2.696131859436512457e-11 4.814998399993442035e-11
1.790939999999999941e+02 3.795000000000000000e+03 2.664505074911893701e-11 4.797373956422212871e-11
1.797500000000000000e+02 3.794375000000000000e+03 2.649090842521406586e-11 4.742533102342072482e-11
1.803899999999999864e+02 3.794531250000000000e+03 2.629746767568441612e-11 4.747263346316366039e-11
1.810620000000000118e+02 3.792500000000000000e+03 2.619674442649877477e-11 4.780486076438883458e-11
1.817189999999999941e+02 3.792343750000000000e+03 2.699755176360785214e-11 4.785153870368041851e-11
1.823590000000000089e+02 3.792343750000000000e+03 2.634352458397160035e-11 4.792767571704104057e-11
1.830310000000000059e+02 3.791562500000000000e+03 2.634229813447408475e-11 4.757886098993857615e-11
1.836719999999999970e+02 3.786406250000000000e+03 2.653880934455621343e-11 4.771397860148240966e-11
1.843280000000000030e+02 3.784843750000000000e+03 2.654188500927912031e-11 4.741429818211351233e-11
1.849689999999999941e+02 3.784218750000000000e+03 2.711484856088297590e-11 4.746035162095374460e-11
1.856250000000000000e+02 3.782656250000000000e+03 2.653880587510926148e-11 4.788960547563725356e-11
1.862810000000000059e+02 3.782500000000000000e+03 2.658240814967793852e-11 4.716066426269094336e-11
1.869219999999999970e+02 3.779687500000000000e+03 2.708905148807172480e-11 4.757765015295234434e-11
1.875780000000000030e+02 3.779687500000000000e+03 2.633922073502770189e-11 4.795040059457633674e-11
1.882189999999999941e+02 3.780000000000000000e+03 2.692998081477160355e-11 4.762738120556164745e-11
1.888750000000000000e+02 3.779687500000000000e+03 2.661802549208669433e-11 4.769922651304270289e-11
1.895310000000000059e+02 3.777343750000000000e+03 2.624895613367872471e-11 4.783926726981135857e-11
1.901719999999999970e+02 3.776406250000000000e+03 2.682069323578506470e-11 4.782697848870753887e-11
1.908280000000000030e+02 3.777343750000000000e+03 2.666838624931777701e-11 4.780795551106997721e-11
1.914689999999999941e+02 3.777500000000000000e+03 2.685937236512891957e-11 4.721469742952066895e-11
1.921250000000000000e+02 3.777343750000000000e+03 2.665733432605232878e-11 4.798171929221162202e-11
1.927810000000000059e+02 3.776406250000000000e+03 2.674514776312975073e-11 4.776801176831213525e-11
1.934219999999999970e+02 3.774062500000000000e+03 2.688516249904626676e-11 4.753527779732813485e-11
1.940780000000000030e+02 3.774687500000000000e+03 2.709458178651313887e-11 4.742226056286824587e-11
1.947189999999999941e+02 3.774843750000000000e+03 2.738321028261658796e-11 4.805542422325892460e-11
1.953750000000000000e+02 3.775000000000000000e+03 2.698035544979049405e-11 4.744315357241291053e-11
1.960310000000000059e+02 3.774843750000000000e+03 2.679428207086331781e-11 4.800507213964522180e-11
1.966719999999999970e+02 3.774531250000000000e+03 2.694412574999471843e-11 4.772318304424594260e-11
1.973280000000000030e+02 3.774062500000000000e+03 2.669110765740612123e-11 4.775634054876576329e-11
1.979840000000000089e+02 3.774062500000000000e+03 2.713388541630834538e-11 4.753158283632430425e-11
1.986399999999999864e+02 3.772343750000000000e+03 2.726652584272848401e-11 4.745174392306594768e-11
1.992969999999999970e+02 3.773750000000000000e+03 2.681147491523372395e-11 4.794179983558244373e-11
