Start time (s) =
1547803711
'Reltime', 'DEFAU[mV]', '44.00[A]', '28.00[A]'
0.000000000000000000e+00 2.099531250000000000e+03 4.265306510764510506e-11 7.376023403171672044e-11
6.410000000000000142e-01 2.099843750000000000e+03 4.265368960809645671e-11 7.363686049810524992e-11
1.296999999999999931e+00 2.099687500000000000e+03 4.262913633201748098e-11 7.367614851538917264e-11
1.952999999999999847e+00 2.100000000000000000e+03 4.234909992129054501e-11 7.397825407817748555e-11
2.593999999999999861e+00 2.100000000000000000e+03 4.255237828765245922e-11 7.430069060010424664e-11
3.250000000000000000e+00 2.099843750000000000e+03 4.228215000345869612e-11 7.516352817926730268e-11
3.891000000000000014e+00 2.100000000000000000e+03 4.205371814669511821e-11 7.405502600033031513e-11
4.546999999999999709e+00 2.100312500000000000e+03 4.139845410922049496e-11 7.441552929421391127e-11
5.203000000000000291e+00 2.099687500000000000e+03 4.212679163839716523e-11 7.376334265618567088e-11
5.844000000000000306e+00 2.101250000000000000e+03 4.233006306586517553e-11 7.431603943341968943e-11
6.500000000000000000e+00 2.100000000000000000e+03 4.191922156615568440e-11 7.354412218107952981e-11
7.141000000000000014e+00 2.100000000000000000e+03 4.255237134875855531e-11 7.340408142431087413e-11
7.812000000000000277e+00 2.098906250000000000e+03 4.188237257007898506e-11 7.366262461117045746e-11
8.452999999999999403e+00 2.099375000000000000e+03 4.201316725072068436e-11 7.396781104285210517e-11
9.108999999999999986e+00 2.099687500000000000e+03 4.268871020562947649e-11 7.360061171635123856e-11
9.750000000000000000e+00 2.099843750000000000e+03 4.145127643906398873e-11 7.442778338084821144e-11
1.040600000000000058e+01 2.099062500000000000e+03 4.170856715557391681e-11 7.382718741899552128e-11
1.106199999999999939e+01 2.098125000000000000e+03 4.194993658002132975e-11 7.302209531490078120e-11
1.170299999999999940e+01 2.097812500000000000e+03 4.191493679917002169e-11 7.372892574242229102e-11
1.235899999999999999e+01 2.100000000000000000e+03 4.229075423189954108e-11 7.334265833547348734e-11
1.300000000000000000e+01 2.100000000000000000e+03 4.182035620581281421e-11 7.367859794493725190e-11
1.365600000000000058e+01 2.099843750000000000e+03 4.158084987437860036e-11 7.360181908389051841e-11
1.431199999999999939e+01 2.100156250000000000e+03 4.154829258418146765e-11 7.378604671703925533e-11
1.495299999999999940e+01 2.099062500000000000e+03 4.172025919180200049e-11 7.385361072698160001e-11
1.560899999999999999e+01 2.099218750000000000e+03 4.158454136593547901e-11 7.287531689215143160e-11
1.625000000000000000e+01 2.100312500000000000e+03 4.086848567896872453e-11 7.250254563384572748e-11
1.692200000000000060e+01 2.100312500000000000e+03 4.155935665051124772e-11 7.329725021376631844e-11
1.756200000000000117e+01 2.100156250000000000e+03 4.229445266235032364e-11 7.347409486380129806e-11
1.821900000000000119e+01 2.099687500000000000e+03 4.170736325748158890e-11 7.335986679235517727e-11
1.887500000000000000e+01 2.099843750000000000e+03 4.186026525410113663e-11 7.235947951933496824e-11
1.953099999999999881e+01 2.099687500000000000e+03 4.154951382950855532e-11 7.451440159345068537e-11
2.017200000000000060e+01 2.099062500000000000e+03 4.202976161549187850e-11 7.508609706219360191e-11
2.082799999999999940e+01 2.099218750000000000e+03 4.294109165470239020e-11 7.587896283522965746e-11
2.146900000000000119e+01 2.099843750000000000e+03 4.190940997017555958e-11 7.576778787710125584e-11
2.214099999999999824e+01 2.099843750000000000e+03 4.218021071311639503e-11 7.595202938803780057e-11
2.278099999999999881e+01 2.100156250000000000e+03 4.202423131705046444e-11 7.528632578468474890e-11
2.343700000000000117e+01 2.098281250000000000e+03 4.292084049284383696e-11 7.462183648776488099e-11
2.409400000000000119e+01 2.100000000000000000e+03 4.194317462791197215e-11 7.632295490056506537e-11
2.475000000000000000e+01 2.100000000000000000e+03 4.215197288437444456e-11 7.565172793766450354e-11
2.539099999999999824e+01 2.100312500000000000e+03 4.262115660402798767e-11 7.598763285265874856e-11
2.604700000000000060e+01 2.099843750000000000e+03 4.184306026666639866e-11 7.524150746895941211e-11
2.668700000000000117e+01 2.100156250000000000e+03 4.224410057873662083e-11 7.501059495762518736e-11
2.734400000000000119e+01 2.099687500000000000e+03 4.210222448453038169e-11 7.494121295748001899e-11
2.800000000000000000e+01 2.099375000000000000e+03 4.220663055165552180e-11 7.517888395147664937e-11
2.864099999999999824e+01 2.100000000000000000e+03 4.217960355989980314e-11 7.535817109216580434e-11
2.929700000000000060e+01 2.099687500000000000e+03 4.220050003889141976e-11 7.435719401316376320e-11
2.993700000000000117e+01 2.098906250000000000e+03 4.227357006114651483e-11 7.460835421690958924e-11
3.059400000000000119e+01 2.100000000000000000e+03 4.211819087940327222e-11 7.509227961666198325e-11
3.123400000000000176e+01 2.099687500000000000e+03 4.263957242844895745e-11 7.516781641569991734e-11
3.189099999999999824e+01 2.100000000000000000e+03 4.285573285134347543e-11 7.501552851119086540e-11
3.254699999999999704e+01 2.099843750000000000e+03 4.219312399467156638e-11 7.457703898872125592e-11
3.320300000000000296e+01 2.100000000000000000e+03 4.184553745179009354e-11 7.482760938648524984e-11
3.385900000000000176e+01 2.099531250000000000e+03 4.136345432836918690e-11 7.584639166724471693e-11
3.451599999999999824e+01 2.099843750000000000e+03 4.245037654726502296e-11 7.600851892330950932e-11
3.517199999999999704e+01 2.099687500000000000e+03 4.188975208374579040e-11 7.467897827906355701e-11
3.582800000000000296e+01 2.097656250000000000e+03 4.140826917464757173e-11 7.522124589876000300e-11
3.646900000000000119e+01 2.099531250000000000e+03 4.261625080603792526e-11 7.494732612300936125e-11
3.712500000000000000e+01 2.100000000000000000e+03 4.183999674500782362e-11 7.537967472437401284e-11
3.776599999999999824e+01 2.100000000000000000e+03 4.176999024441130359e-11 7.560937292927505382e-11
3.842199999999999704e+01 2.099687500000000000e+03 4.187929170118565025e-11 7.589798928231417108e-11
3.907800000000000296e+01 2.099531250000000000e+03 4.206598958056417814e-11 7.531889001377578552e-11
3.973400000000000176e+01 2.099687500000000000e+03 4.121421259828395023e-11 7.504252774737096843e-11
4.037500000000000000e+01 2.099062500000000000e+03 4.207029516423155258e-11 7.567202420233343219e-11
4.103099999999999881e+01 2.099687500000000000e+03 4.116508869889123901e-11 7.532317825020840019e-11
4.168699999999999761e+01 2.100000000000000000e+03 4.195669506268373539e-11 7.538644014593032239e-11
4.232800000000000296e+01 2.100312500000000000e+03 4.126887373501197942e-11 7.499401100119484909e-11
4.298400000000000176e+01 2.099843750000000000e+03 4.180560758682005940e-11 7.439771715356258142e-11
4.362500000000000000e+01 2.098906250000000000e+03 4.178044715752449179e-11 7.432155585407329568e-11
4.428099999999999881e+01 2.099687500000000000e+03 4.151514201855555086e-11 7.435287802115553291e-11
4.492199999999999704e+01 2.100000000000000000e+03 4.133518874405162080e-11 7.422025494197015405e-11
4.559400000000000119e+01 2.099843750000000000e+03 4.166497008517566769e-11 7.488840103597738107e-11
4.623400000000000176e+01 2.099531250000000000e+03 4.131616923586101109e-11 7.549636610315602070e-11
4.689099999999999824e+01 2.098437500000000000e+03 4.205801332202163678e-11 7.399053592038740135e-11
4.753099999999999881e+01 2.100000000000000000e+03 4.138985681967355390e-11 7.358831599635351495e-11
4.818699999999999761e+01 2.099531250000000000e+03 4.165201517025707290e-11 7.441858934642553436e-11
4.884400000000000119e+01 2.100156250000000000e+03 4.131125649897704477e-11 7.380449723592974465e-11
4.950000000000000000e+01 2.100000000000000000e+03 4.113991439180786358e-11 7.483003799935161737e-11
5.014099999999999824e+01 2.099375000000000000e+03 4.090901575826144665e-11 7.453956896164015689e-11
5.079699999999999704e+01 2.100312500000000000e+03 4.211144280508172244e-11 7.246325761656180475e-11
5.145300000000000296e+01 2.099375000000000000e+03 3.975816897927586524e-11 7.036424221062986817e-11
5.209400000000000119e+01 2.099218750000000000e+03 4.050309046488287379e-11 7.201799573364198181e-11
5.275000000000000000e+01 2.100000000000000000e+03 4.038763420921576142e-11 7.219918413126080736e-11
5.340599999999999881e+01 2.099062500000000000e+03 4.066521772094766618e-11 7.162073017985548518e-11
5.406199999999999761e+01 2.100000000000000000e+03 3.977842708002832239e-11 7.090220077721198777e-11
5.470300000000000296e+01 2.100000000000000000e+03 4.053561306061048697e-11 7.148869690665193843e-11
5.535900000000000176e+01 2.099531250000000000e+03 4.028015074264423845e-11 7.158999781875508006e-11
5.600000000000000000e+01 2.098750000000000000e+03 4.044904342026534039e-11 7.165387033714054610e-11
5.665599999999999881e+01 2.100000000000000000e+03 4.025312028144156784e-11 7.143583641289197317e-11
5.731199999999999761e+01 2.097812500000000000e+03 4.018313112807980758e-11 7.163849374824948768e-11
5.795300000000000296e+01 2.099531250000000000e+03 3.980483651022659330e-11 7.203154045454240872e-11
5.860900000000000176e+01 2.099843750000000000e+03 4.014320820200367734e-11 7.073883839803229989e-11
5.925000000000000000e+01 2.099687500000000000e+03 3.979378632168462104e-11 7.178899141813133156e-11
5.990599999999999881e+01 2.099062500000000000e+03 3.959175001733150623e-11 7.189274175978255244e-11
6.056199999999999761e+01 2.100468750000000000e+03 3.963411543406181181e-11 7.164528692538141286e-11
6.120300000000000296e+01 2.100000000000000000e+03 4.035323811213409329e-11 7.182031358521356879e-11
6.185900000000000176e+01 2.100000000000000000e+03 4.065292547039689453e-11 7.140513180736718368e-11
6.251599999999999824e+01 2.107343750000000000e+03 3.992889352488759869e-11 7.141738589400148385e-11
6.317199999999999704e+01 2.112187500000000000e+03 3.984906155052314602e-11 7.158260789674741886e-11
6.381199999999999761e+01 2.120000000000000000e+03 4.048465382378019228e-11 7.151566838725642583e-11
6.446899999999999409e+01 2.124687500000000000e+03 4.013401069813404831e-11 7.160107923231961990e-11
6.510899999999999466e+01 2.131250000000000000e+03 4.010328874537449906e-11 7.147699793152995085e-11
6.576600000000000534e+01 2.141562500000000000e+03 3.997740680161676607e-11 7.409863694851637206e-11
6.642199999999999704e+01 2.148281250000000000e+03 4.152619567654447508e-11 7.426323445081095542e-11
6.706199999999999761e+01 2.153906250000000000e+03 4.088444513494771115e-11 7.398749668485748998e-11
6.771899999999999409e+01 2.158593750000000000e+03 4.124185715159711663e-11 7.421406544860786880e-11
6.835899999999999466e+01 2.175000000000000000e+03 4.134687384138580057e-11 7.406547597454959941e-11
6.901600000000000534e+01 2.181875000000000000e+03 4.091514627102554869e-11 7.398195250862826811e-11
6.967199999999999704e+01 2.191406250000000000e+03 4.058537533824235766e-11 7.421409320418348443e-11
7.031199999999999761e+01 2.201250000000000000e+03 4.101526757116502608e-11 7.508552113399957761e-11
7.096899999999999409e+01 2.212812500000000000e+03 4.100419656594134210e-11 7.549203623335998259e-11
7.162500000000000000e+01 2.229375000000000000e+03 4.153908467197098275e-11 7.428716669588553145e-11
7.228100000000000591e+01 2.238125000000000000e+03 4.056739666413733403e-11 7.534772111794652005e-11
7.293699999999999761e+01 2.251406250000000000e+03 4.135363232404820621e-11 7.526360784604335663e-11
7.359399999999999409e+01 2.261562500000000000e+03 4.075239451450940464e-11 7.486938152778677136e-11
7.425000000000000000e+01 2.274218750000000000e+03 4.123264230049272783e-11 7.525809836428365429e-11
7.490600000000000591e+01 2.287187500000000000e+03 4.072108622521497523e-11 7.560996967415078984e-11
7.554699999999999704e+01 2.298437500000000000e+03 4.075732459862813073e-11 7.495716547456510170e-11
7.620300000000000296e+01 2.315156250000000000e+03 4.065538877773278159e-11 7.462003237534986511e-11
7.685899999999999466e+01 2.323750000000000000e+03 4.056693522769272420e-11 7.586235112322370355e-11
7.750000000000000000e+01 2.336406250000000000e+03 4.116755547567407802e-11 7.569350701785992896e-11
7.815600000000000591e+01 2.349062500000000000e+03 4.095813965765415787e-11 7.596185486180573321e-11
7.879699999999999704e+01 2.358125000000000000e+03 4.083532470500195188e-11 7.609572000299991146e-11
7.946899999999999409e+01 2.371875000000000000e+03 4.083469673510364828e-11 7.605701485280391694e-11
8.010899999999999466e+01 2.383593750000000000e+03 4.090410649082443229e-11 7.524764145117046610e-11
8.076600000000000534e+01 2.395000000000000000e+03 4.056374333649692687e-11 7.548778963029079137e-11
8.140600000000000591e+01 2.405937500000000000e+03 4.044474130604491791e-11 7.556945347264587554e-11
8.206199999999999761e+01 2.422031250000000000e+03 4.088935440238472552e-11 7.490499193130162325e-11
8.271899999999999409e+01 2.431250000000000000e+03 4.072539180888234966e-11 7.580588240463370653e-11
8.335899999999999466e+01 2.444218750000000000e+03 4.091024047303548627e-11 7.586176131724187144e-11
8.401600000000000534e+01 2.461093750000000000e+03 4.062774422441961519e-11 7.602387469551885602e-11
8.465600000000000591e+01 2.472968750000000000e+03 4.143959828062371287e-11 7.446770977637129363e-11
8.531199999999999761e+01 2.481875000000000000e+03 3.930924336037477929e-11 7.235888277445923222e-11
8.596899999999999409e+01 2.490625000000000000e+03 4.031883854560547320e-11 7.267145912814854114e-11
8.660899999999999466e+01 2.503593750000000000e+03 3.955183056070232794e-11 7.278689456713394179e-11
8.726600000000000534e+01 2.517656250000000000e+03 3.996020181418202810e-11 7.205120527986608181e-11
8.792199999999999704e+01 2.528281250000000000e+03 3.995345373986047832e-11 7.423434783548898963e-11
8.857800000000000296e+01 2.540000000000000000e+03 4.020461741305325631e-11 7.311114907926352657e-11
8.921899999999999409e+01 2.542812500000000000e+03 3.957884020522328683e-11 7.370808130513495371e-11
8.987500000000000000e+01 2.568281250000000000e+03 3.980483651022659330e-11 7.338075286300593802e-11
9.051600000000000534e+01 2.580000000000000000e+03 3.975693385616096975e-11 7.275188784738872982e-11
9.117199999999999704e+01 2.586250000000000000e+03 3.986072930062256603e-11 7.301476090404435126e-11
9.182800000000000296e+01 2.595781250000000000e+03 3.995469233242232576e-11 7.356441150685455455e-11
9.246899999999999409e+01 2.605625000000000000e+03 3.932029701836370350e-11 7.383641614788771790e-11
9.312500000000000000e+01 2.615156250000000000e+03 3.963042394250493317e-11 7.479935421050853961e-11
9.376600000000000534e+01 2.628593750000000000e+03 3.929820358017366289e-11 7.507506422088638942e-11
9.442199999999999704e+01 2.641875000000000000e+03 3.974343076862396629e-11 7.596552553668090013e-11
9.507800000000000296e+01 2.651562500000000000e+03 4.000075271015646194e-11 7.639603533116101630e-11
9.573399999999999466e+01 2.662500000000000000e+03 3.948795804231686191e-11 7.757756242954272352e-11
9.637500000000000000e+01 2.673593750000000000e+03 4.036858347600258412e-11 7.681238284318325782e-11
9.703100000000000591e+01 2.679843750000000000e+03 3.990800745423683793e-11 7.805903839974703828e-11
9.768699999999999761e+01 2.697500000000000000e+03 3.918581778505902946e-11 8.156254838187493306e-11
9.832800000000000296e+01 2.707812500000000000e+03 4.081136817379871218e-11 8.170808474261548326e-11
9.898399999999999466e+01 2.717187500000000000e+03 4.028323855043147717e-11 8.187330674536141828e-11
9.962500000000000000e+01 2.731093750000000000e+03 4.103551526357662738e-11 8.202619139474620624e-11
1.002810000000000059e+02 2.740000000000000000e+03 4.049324764388018139e-11 8.202741264007329391e-11
1.009369999999999976e+02 2.746718750000000000e+03 4.055343560960267268e-11 8.054924088840564878e-11
1.015939999999999941e+02 2.757187500000000000e+03 4.097225683730165713e-11 8.074025475979240696e-11
1.022339999999999947e+02 2.776093750000000000e+03 4.098577380262646841e-11 7.937572127358905050e-11
1.028910000000000053e+02 2.783906250000000000e+03 4.082978052877273001e-11 7.830532056107841754e-11
1.035310000000000059e+02 2.793750000000000000e+03 4.084451526997767701e-11 7.738229501619287021e-11
1.041869999999999976e+02 2.802968750000000000e+03 4.114175319869239900e-11 7.712191996134265537e-11
1.048439999999999941e+02 2.811406250000000000e+03 4.062959690909195842e-11 7.653911532345958335e-11
1.054839999999999947e+02 2.822343750000000000e+03 4.142793399997124482e-11 7.597538570491835230e-11
1.061410000000000053e+02 2.831093750000000000e+03 4.074380763330331945e-11 7.552029834823059673e-11
1.067810000000000059e+02 2.837968750000000000e+03 4.116449542346245494e-11 7.535081586462766268e-11
1.074369999999999976e+02 2.855156250000000000e+03 4.068300904491728431e-11 7.479072916538598292e-11
1.080939999999999941e+02 2.869218750000000000e+03 4.071740861144590440e-11 7.466297718972114694e-11
1.087339999999999947e+02 2.876875000000000000e+03 4.087891136705934514e-11 7.501612525606660142e-11
1.093910000000000053e+02 2.888281250000000000e+03 4.057186184236449833e-11 7.456905232183785870e-11
1.100310000000000059e+02 2.895156250000000000e+03 4.047914434202048994e-11 7.476125968297608892e-11
1.106869999999999976e+02 2.903750000000000000e+03 4.079109966470539916e-11 7.530229911845154334e-11
1.113439999999999941e+02 2.923906250000000000e+03 4.134379644193941772e-11 7.484911301869345834e-11
1.119839999999999947e+02 2.933281250000000000e+03 4.129958874887762477e-11 7.590841843985174364e-11
1.126410000000000053e+02 2.944062500000000000e+03 4.110983081728747379e-11 7.557066777907905930e-11
1.132810000000000059e+02 2.953750000000000000e+03 4.060809327688374992e-11 7.500074866717554301e-11
1.139369999999999976e+02 2.960781250000000000e+03 4.198553310574837383e-11 7.512545446841656371e-11
1.145939999999999941e+02 2.971562500000000000e+03 4.056204677693742155e-11 7.248231875811583791e-11
1.152339999999999947e+02 2.986250000000000000e+03 3.967588757536333333e-11 7.175398469838611959e-11
1.158910000000000053e+02 3.000781250000000000e+03 3.960402492064751812e-11 7.161887749518314195e-11
1.165469999999999970e+02 3.012812500000000000e+03 3.981036333922105541e-11 7.167107185512833212e-11
1.172030000000000030e+02 3.021093750000000000e+03 4.003942663532988888e-11 7.162745396804837128e-11
1.178439999999999941e+02 3.030781250000000000e+03 3.997003769629081660e-11 7.191855444510508732e-11
1.185000000000000000e+02 3.040781250000000000e+03 3.956595467924373111e-11 7.167044735467698047e-11
1.191410000000000053e+02 3.050000000000000000e+03 3.998477243749576360e-11 7.169131954753993341e-11
1.198119999999999976e+02 3.061562500000000000e+03 3.916800217496074765e-11 7.261308221373496963e-11
1.204530000000000030e+02 3.070312500000000000e+03 3.972685028164057996e-11 7.284093467285757129e-11
1.211089999999999947e+02 3.078281250000000000e+03 3.969430686923125506e-11 7.328557205532604257e-11
1.217500000000000000e+02 3.080468750000000000e+03 3.987792387971644814e-11 7.236563431822773396e-11
1.224060000000000059e+02 3.122343750000000000e+03 3.961447142541985045e-11 7.282560665622384022e-11
1.230619999999999976e+02 3.125625000000000000e+03 3.998661471382725097e-11 7.208804386760192529e-11
1.237030000000000030e+02 3.130781250000000000e+03 4.022060462460785857e-11 7.307614929841221851e-11
1.243589999999999947e+02 3.139687500000000000e+03 3.971395087787321643e-11 7.328062462397255672e-11
1.250000000000000000e+02 3.148125000000000000e+03 4.053505794909817439e-11 7.263767365373041685e-11
1.256560000000000059e+02 3.159062500000000000e+03 4.034401285268884862e-11 7.532931917131335808e-11
1.263119999999999976e+02 3.173750000000000000e+03 4.106931114633560753e-11 7.623265907419352061e-11
1.269530000000000030e+02 3.181875000000000000e+03 4.138371589856859600e-11 7.475760288588872982e-11
1.276089999999999947e+02 3.196875000000000000e+03 4.111412599261399237e-11 7.600053919532001601e-11
1.282500000000000000e+02 3.207812500000000000e+03 4.124124652893357279e-11 7.560873455103589436e-11
1.289219999999999970e+02 3.216718750000000000e+03 4.111350843105654462e-11 7.607853236279993325e-11
1.295620000000000118e+02 3.228281250000000000e+03 4.134564912661176095e-11 7.615957864359756968e-11
1.302189999999999941e+02 3.238125000000000000e+03 4.098823017106845157e-11 7.559951969993150556e-11
1.308590000000000089e+02 3.247968750000000000e+03 4.129589378787379417e-11 7.658211564898209645e-11
1.315159999999999911e+02 3.258125000000000000e+03 4.142056836409224729e-11 7.590415102010084070e-11
1.321560000000000059e+02 3.272812500000000000e+03 4.106253531643844212e-11 7.576841931644651140e-11
1.328280000000000030e+02 3.282968750000000000e+03 4.143899459685407294e-11 7.620444553158023382e-11
1.334689999999999941e+02 3.292343750000000000e+03 4.123203514727613594e-11 7.520650768810810405e-11
1.341250000000000000e+02 3.311562500000000000e+03 4.123694441471315031e-11 7.565727211389372542e-11
1.347810000000000059e+02 3.317812500000000000e+03 4.110061249673613304e-11 7.676204116791041088e-11
1.354219999999999970e+02 3.327812500000000000e+03 4.135178657826976689e-11 7.593912304537653313e-11
1.360780000000000030e+02 3.335937500000000000e+03 4.197265798810967397e-11 7.585314321101321866e-11
1.367189999999999941e+02 3.340000000000000000e+03 4.123631991426179866e-11 7.545089553140371663e-11
1.373750000000000000e+02 3.373281250000000000e+03 4.078004947616342690e-11 7.667238371977802558e-11
1.380159999999999911e+02 3.367500000000000000e+03 4.088076752117864032e-11 7.665148377133945701e-11
1.386719999999999970e+02 3.379531250000000000e+03 4.204082568182165858e-11 7.496082227165246081e-11
1.393280000000000030e+02 3.389375000000000000e+03 4.141995080253479955e-11 7.608776803058603377e-11
1.400000000000000000e+02 3.397656250000000000e+03 4.141688381142927255e-11 7.580094191217412458e-11
1.406409999999999911e+02 3.408750000000000000e+03 4.152496402287653154e-11 7.674975932570049508e-11
1.412969999999999970e+02 3.418750000000000000e+03 4.109016946141075266e-11 7.279244568225706757e-11
1.419530000000000030e+02 3.427968750000000000e+03 4.040911702474225820e-11 7.335555773924085088e-11
1.426090000000000089e+02 3.440156250000000000e+03 3.992950414755114252e-11 7.367428889182292551e-11
1.432500000000000000e+02 3.447812500000000000e+03 4.055343214015572073e-11 7.240429783506030503e-11
1.439060000000000059e+02 3.462656250000000000e+03 4.010698370637832966e-11 7.304482019243607738e-11
1.445469999999999970e+02 3.473593750000000000e+03 4.040115464398752465e-11 7.296072773721462568e-11
1.452030000000000030e+02 3.482500000000000000e+03 4.088506269650515890e-11 7.367612769870746092e-11
1.458439999999999941e+02 3.495312500000000000e+03 4.125169303370590512e-11 7.395063728043993478e-11
1.465000000000000000e+02 3.508125000000000000e+03 4.093111960479234313e-11 7.376762395372438164e-11
1.471560000000000059e+02 3.520625000000000000e+03 4.056879832070592329e-11 7.364234916318324053e-11
1.477969999999999970e+02 3.531250000000000000e+03 4.075733847641593854e-11 7.470846857815516273e-11
1.484689999999999941e+02 3.543125000000000000e+03 4.101279038604133120e-11 7.414961006313447456e-11
1.491090000000000089e+02 3.553281250000000000e+03 4.064371755818640963e-11 7.396844248219736073e-11
1.497659999999999911e+02 3.570156250000000000e+03 4.118536761632540788e-11 7.384685224431919437e-11
1.504060000000000059e+02 3.577500000000000000e+03 4.102999190402911722e-11 7.347038255556270769e-11
1.510620000000000118e+02 3.587812500000000000e+03 4.055588850859770389e-11 7.437620658246046901e-11
1.517030000000000030e+02 3.595625000000000000e+03 4.017697285974008992e-11 7.497311105275628051e-11
1.523590000000000089e+02 3.610468750000000000e+03 4.053623756106183862e-11 7.417785136132337698e-11
1.530159999999999911e+02 3.620937500000000000e+03 4.138862863545256232e-11 7.326406842311783407e-11
1.536560000000000059e+02 3.636093750000000000e+03 4.111167309361896116e-11 7.439893145999576518e-11
1.543120000000000118e+02 3.645625000000000000e+03 4.044228840704988670e-11 7.500198379029043849e-11
1.549689999999999941e+02 3.656406250000000000e+03 4.226925059969133258e-11 7.725824147097881678e-11
1.556250000000000000e+02 3.669375000000000000e+03 4.177060086707484743e-11 7.840725291252681473e-11
1.562810000000000059e+02 3.680625000000000000e+03 4.201932551906040203e-11 7.742833457724529467e-11
1.569219999999999970e+02 3.689531250000000000e+03 4.246824072962063212e-11 7.738474444574094946e-11
1.575780000000000030e+02 3.698593750000000000e+03 4.178595316983724217e-11 7.832681031549881823e-11
1.582340000000000089e+02 3.705781250000000000e+03 4.257387498096676381e-11 7.853002970126254922e-11
1.588750000000000000e+02 3.711093750000000000e+03 4.184860097344866858e-11 7.840786353519035856e-11
1.595310000000000059e+02 3.736250000000000000e+03 4.243998555364392189e-11 7.824631220731959047e-11
1.601719999999999970e+02 3.743125000000000000e+03 4.226988550848354009e-11 7.862709094919040353e-11
1.608280000000000030e+02 3.751250000000000000e+03 4.214153678794296809e-11 7.844038613091797174e-11
1.614840000000000089e+02 3.760000000000000000e+03 4.189711078073088402e-11 7.810695146215351770e-11
1.621250000000000000e+02 3.766875000000000000e+03 4.186087934621163242e-11 7.830164294730934671e-11
1.627810000000000059e+02 3.770937500000000000e+03 4.190388661062804943e-11 7.758989284400996667e-11
1.634219999999999970e+02 3.777343750000000000e+03 4.204817743991284829e-11 7.779005217756207458e-11
1.640780000000000030e+02 3.781718750000000000e+03 4.220233190688205127e-11 7.722756462102964292e-11
1.647340000000000089e+02 3.788125000000000000e+03 4.262113925679322790e-11 7.702979226698047910e-11
1.653750000000000000e+02 3.791562500000000000e+03 4.232883488164418395e-11 7.827029302465149385e-11
1.660310000000000059e+02 3.792656250000000000e+03 4.228399227979018349e-11 7.740563051639171022e-11
1.666719999999999970e+02 3.795312500000000000e+03 4.279432710974084841e-11 7.755850822688259427e-11
1.673439999999999941e+02 3.795937500000000000e+03 4.202300660227642481e-11 7.819967590139142999e-11
1.679840000000000089e+02 3.797343750000000000e+03 4.205730902429039020e-11 7.705741600361193377e-11
1.686409999999999911e+02 3.797656250000000000e+03 4.213354318216566696e-11 7.753582498271072154e-11
1.692969999999999970e+02 3.797500000000000000e+03 4.218511998055340939e-11 7.743632818302259579e-11
1.699530000000000030e+02 3.797031250000000000e+03 4.263651237623733437e-11 7.858901723833966457e-11
1.705939999999999941e+02 3.797187500000000000e+03 4.148382332092026559e-11 7.435285720447382118e-11
1.712500000000000000e+02 3.793281250000000000e+03 4.119272978275745345e-11 7.434672322226276719e-11
1.718909999999999911e+02 3.797031250000000000e+03 4.080768015168878549e-11 7.344522906516104399e-11
1.725469999999999970e+02 3.797187500000000000e+03 4.114052501447140742e-11 7.421162295795369346e-11
1.732030000000000030e+02 3.797500000000000000e+03 4.129343048053790710e-11 7.418464453845530215e-11
1.738590000000000089e+02 3.796875000000000000e+03 4.109999840462563725e-11 7.413240160625278463e-11
1.745000000000000000e+02 3.796406250000000000e+03 4.102569672870259865e-11 7.413301916781023237e-11
1.751560000000000059e+02 3.794531250000000000e+03 4.137143405635868021e-11 7.388614026160311710e-11
1.758120000000000118e+02 3.792500000000000000e+03 4.105393802689150107e-11 7.416617320288310111e-11
1.764530000000000030e+02 3.793281250000000000e+03 4.101278344714742730e-11 7.399608009661662322e-11
1.771090000000000089e+02 3.792656250000000000e+03 4.119641780486738014e-11 7.397888551752274111e-11
1.777500000000000000e+02 3.791718750000000000e+03 4.108709553141132176e-11 7.367798732227370806e-11
1.784060000000000059e+02 3.792656250000000000e+03 4.082366042434948383e-11 7.430130816166169438e-11
1.790620000000000118e+02 3.789843750000000000e+03 4.164962472130717686e-11 7.384748368366444993e-11
1.797030000000000030e+02 3.789687500000000000e+03 4.171778894557220951e-11 7.319526929006059390e-11
1.803590000000000089e+02 3.788750000000000000e+03 4.088356736486886689e-11 7.383026828788885609e-11
1.810000000000000000e+02 3.784687500000000000e+03 4.145188359228058061e-11 7.362207371519602361e-11
1.816719999999999970e+02 3.784843750000000000e+03 4.076470064284798411e-11 7.364112791785615286e-11
1.823120000000000118e+02 3.781875000000000000e+03 4.068670400592111491e-11 7.321680067784441803e-11
1.829689999999999941e+02 3.782187500000000000e+03 4.127930983144345589e-11 7.349559155711560265e-11
1.836090000000000089e+02 3.780312500000000000e+03 4.134933367927473569e-11 7.337705443255515547e-11
1.842659999999999911e+02 3.779843750000000000e+03 4.080644849802084195e-11 7.394265061355653756e-11
1.849219999999999970e+02 3.779687500000000000e+03 4.147216250971474949e-11 7.313322863966575937e-11
1.855620000000000118e+02 3.778437500000000000e+03 4.174236303833289696e-11 7.440696669913648975e-11
1.862189999999999941e+02 3.776875000000000000e+03 4.158731345405008994e-11 7.353977149460177998e-11
1.868590000000000089e+02 3.778125000000000000e+03 4.151022581222463259e-11 7.331256435261224169e-11
1.875159999999999911e+02 3.777500000000000000e+03 4.080708340681304946e-11 7.673990609635694682e-11
1.881560000000000059e+02 3.777031250000000000e+03 4.322482649588010872e-11 7.624127024152826948e-11
1.888280000000000030e+02 3.776093750000000000e+03 4.210529494508286064e-11 7.732702672624824913e-11
1.894689999999999941e+02 3.775000000000000000e+03 4.252165980433986192e-11 7.669939683374593642e-11
1.901250000000000000e+02 3.775312500000000000e+03 4.205124790046532723e-11 7.669635759821602505e-11
1.907810000000000059e+02 3.775312500000000000e+03 4.247008647539907145e-11 7.627688758393702528e-11
1.914219999999999970e+02 3.774218750000000000e+03 4.224162339361292595e-11 7.755548286914049072e-11
1.920780000000000030e+02 3.772812500000000000e+03 4.217160995412250202e-11 7.633093462855455869e-11
1.927189999999999941e+02 3.774218750000000000e+03 4.246638457550133694e-11 7.695487996839389666e-11
1.933750000000000000e+02 3.772343750000000000e+03 4.310814205599200477e-11 7.665702794756867888e-11
1.940159999999999911e+02 3.772500000000000000e+03 4.283734825194507323e-11 7.584825129081096406e-11
1.946870000000000118e+02 3.772343750000000000e+03 4.244183129942236121e-11 7.582983546638999428e-11
1.953280000000000030e+02 3.772968750000000000e+03 4.299207517766134856e-11 7.592868001005115275e-11
1.959840000000000089e+02 3.772968750000000000e+03 4.267457220930026551e-11 7.655630296365956156e-11
1.966250000000000000e+02 3.771718750000000000e+03 4.303138401162698301e-11 7.617986796937259442e-11
1.972810000000000059e+02 3.772500000000000000e+03 4.269178413562890739e-11 7.663309570249410285e-11
1.979370000000000118e+02 3.772031250000000000e+03 4.198554004464227773e-11 7.555532588465752042e-11
1.985780000000000030e+02 3.772343750000000000e+03 4.300620623509665563e-11 7.638067955895166961e-11
1.992340000000000089e+02 3.772343750000000000e+03 4.234232756084033156e-11 7.608408347792305904e-11
1.998909999999999911e+02 3.771875000000000000e+03 4.265307551598596092e-11 7.627259240861050671e-11
2.005469999999999970e+02 3.772656250000000000e+03 4.218084215246165058e-11 7.499032644853187435e-11
2.011870000000000118e+02 3.771875000000000000e+03 4.288274943475833823e-11 7.624743891820884301e-11
2.018439999999999941e+02 3.770468750000000000e+03 4.276485068843705051e-11 7.533608459286966763e-11
2.024840000000000089e+02 3.772031250000000000e+03 4.237796918937775104e-11 7.564680826188663332e-11
2.031409999999999911e+02 3.771718750000000000e+03 4.232945244320163170e-11 7.525623180182350325e-11
2.037969999999999970e+02 3.773281250000000000e+03 4.243076723309258114e-11 7.563576154279161301e-11
2.044370000000000118e+02 3.771250000000000000e+03 4.288092103621465867e-11 7.575304272755545298e-11
2.050939999999999941e+02 3.771093750000000000e+03 4.307313186679984085e-11 7.527406475915654482e-11
2.057340000000000089e+02 3.770312500000000000e+03 4.179639967460957450e-11 7.280284708421902451e-11
2.063909999999999911e+02 3.770000000000000000e+03 4.173437290200254779e-11 7.310809596594580739e-11
2.070469999999999970e+02 3.772031250000000000e+03 4.192597310992418613e-11 7.246508948455243626e-11
2.076870000000000118e+02 3.770781250000000000e+03 4.136590028847031419e-11 7.301903526268915812e-11
2.083439999999999941e+02 3.771718750000000000e+03 4.186088628510553633e-11 7.297481369183955735e-11
2.089840000000000089e+02 3.772031250000000000e+03 4.165944672562815754e-11 7.354224867972547486e-11
2.096409999999999911e+02 3.770468750000000000e+03 4.172086287557164042e-11 7.374306720819845395e-11
2.102969999999999970e+02 3.771718750000000000e+03 4.162874905899727196e-11 7.334636370481817380e-11
2.109370000000000118e+02 3.772343750000000000e+03 4.172392639723021546e-11 7.257933143378636487e-11
2.115939999999999941e+02 3.772343750000000000e+03 4.171657116969207379e-11 7.373327642890004086e-11
2.122340000000000089e+02 3.772656250000000000e+03 4.120500815552041729e-11 7.328863210753766566e-11
2.128909999999999911e+02 3.772031250000000000e+03 4.150961518956108875e-11 7.268249890834965754e-11
2.135469999999999970e+02 3.771093750000000000e+03 4.181804555414281310e-11 7.337950386210323472e-11
2.142030000000000030e+02 3.772500000000000000e+03 4.185535598666412227e-11 7.279613023492004231e-11
2.148590000000000089e+02 3.770000000000000000e+03 4.203407413805315684e-11 7.326651091377200942e-11
2.155159999999999911e+02 3.772343750000000000e+03 4.212433873940213402e-11 7.302517618379411601e-11
2.161560000000000059e+02 3.772500000000000000e+03 4.187437896430168394e-11 7.376272509462822313e-11
2.168120000000000118e+02 3.772343750000000000e+03 4.155322266830019373e-11 7.354965247952094387e-11
2.174530000000000030e+02 3.770937500000000000e+03 4.185166796455419558e-11 7.330891449441878649e-11
2.181090000000000089e+02 3.772343750000000000e+03 4.143960175007066482e-11 7.355824976906788493e-11
2.187659999999999911e+02 3.772187500000000000e+03 4.178472845506320255e-11 7.311853900127118777e-11
2.194060000000000059e+02 3.772031250000000000e+03 4.152189703177100455e-11 7.314431699212420313e-11
2.200620000000000118e+02 3.772031250000000000e+03 4.194009722846558930e-11 7.338936403034068690e-11
2.207030000000000030e+02 3.772343750000000000e+03 4.178534948606760224e-11 7.318971123604356421e-11
2.213590000000000089e+02 3.771562500000000000e+03 4.164041680909669196e-11 7.337337681878608464e-11
2.220159999999999911e+02 3.772343750000000000e+03 4.185351024088568295e-11 7.312715710749984055e-11
2.226560000000000059e+02 3.772343750000000000e+03 4.212615672960495772e-11 7.402249646570879804e-11
2.233120000000000118e+02 3.772500000000000000e+03 4.211757678729277643e-11 7.408576530032462415e-11
2.239689999999999941e+02 3.772343750000000000e+03 4.241663964510422602e-11 7.386526806874016415e-11
2.246250000000000000e+02 3.772187500000000000e+03 4.206660020322772198e-11 7.384930861276117753e-11
2.252659999999999911e+02 3.772500000000000000e+03 4.183570503912825700e-11 7.365893311961357881e-11
2.259219999999999970e+02 3.772343750000000000e+03 4.208134188332657288e-11 7.368964466403227220e-11
2.265620000000000118e+02 3.772500000000000000e+03 4.241112322445061977e-11 7.419074382619683661e-11
2.272189999999999941e+02 3.772343750000000000e+03 4.222381472240854805e-11 7.433016702140804455e-11
2.278590000000000089e+02 3.771093750000000000e+03 4.184000368390172753e-11 7.289007591948504228e-11
2.285159999999999911e+02 3.772343750000000000e+03 4.199905354052013706e-11 7.384869799009763369e-11
2.291719999999999970e+02 3.772343750000000000e+03 4.171410786235618673e-11 7.403049007148609917e-11
2.298120000000000118e+02 3.773593750000000000e+03 4.183755078490669632e-11 7.398812812420274554e-11
2.304689999999999941e+02 3.772343750000000000e+03 4.208871098865252236e-11 7.405259738746394760e-11
2.311090000000000089e+02 3.772656250000000000e+03 4.206660714212162588e-11 7.337334212431656510e-11
2.317659999999999911e+02 3.772343750000000000e+03 4.215812768326721027e-11 7.323090744915106143e-11
2.324219999999999970e+02 3.772500000000000000e+03 4.184922547390002023e-11 7.418155673066806344e-11
2.330780000000000030e+02 3.772500000000000000e+03 4.213845938849658523e-11 7.251240580208317965e-11
2.337189999999999941e+02 3.772500000000000000e+03 4.146951879113736084e-11 7.332484619482215749e-11
2.343909999999999911e+02 3.771093750000000000e+03 4.220109678376715578e-11 7.360610038142922917e-11
2.350310000000000059e+02 3.772656250000000000e+03 4.222198632386486850e-11 7.354903491796349613e-11
2.356870000000000118e+02 3.772031250000000000e+03 4.227723726657472980e-11 7.439588528557194991e-11
2.363280000000000030e+02 3.772343750000000000e+03 4.185106775023150760e-11 7.303806864866757564e-11
2.369840000000000089e+02 3.772031250000000000e+03 4.230979802621881447e-11 7.330951123929452251e-11
2.376409999999999911e+02 3.773281250000000000e+03 4.223303651240684076e-11 7.261863332885809541e-11
2.382810000000000059e+02 3.772343750000000000e+03 4.279247789451545714e-11 7.301043797314221706e-11
2.389370000000000118e+02 3.771875000000000000e+03 4.192721170248603357e-11 7.405503293922421904e-11
2.395780000000000030e+02 3.772812500000000000e+03 4.261193134458274301e-11 7.329107459819184101e-11
2.402340000000000089e+02 3.772187500000000000e+03 4.235154935083862426e-11 7.282312947110014534e-11
2.408909999999999911e+02 3.772812500000000000e+03 4.242218729078039985e-11 7.293548404119221118e-11
2.415469999999999970e+02 3.772343750000000000e+03 4.215442231392252381e-11 7.339733681943627630e-11
2.422030000000000030e+02 3.772500000000000000e+03 4.226190578049404678e-11 7.348822245178965318e-11
2.428590000000000089e+02 3.771406250000000000e+03 4.267212624919913821e-11 7.330522300286190784e-11
2.435000000000000000e+02 3.771875000000000000e+03 4.224901331562058715e-11 7.404584584369544586e-11
2.441560000000000059e+02 3.772031250000000000e+03 4.219434177055170210e-11 7.380817484969881548e-11
2.447969999999999970e+02 3.771250000000000000e+03 4.263649849844952655e-11 7.379650363015244352e-11
2.454530000000000030e+02 3.772187500000000000e+03 4.235891151727066983e-11 7.417726849423544877e-11
2.461090000000000089e+02 3.770937500000000000e+03 4.217162383191030983e-11 7.259467332820790375e-11
2.467500000000000000e+02 3.772187500000000000e+03 4.219005700356603938e-11 7.358466613816005975e-11
2.474060000000000059e+02 3.772500000000000000e+03 4.204388573403328166e-11 7.407406632520263656e-11
2.480469999999999970e+02 3.773750000000000000e+03 4.212556345417617365e-11 7.374245658553491012e-11
2.487189999999999941e+02 3.772812500000000000e+03 4.252717969444042012e-11 7.336233009969106433e-11
2.493750000000000000e+02 3.772656250000000000e+03 4.144451448695463114e-11 7.382907479813738405e-11
2.500159999999999911e+02 3.771718750000000000e+03 4.166067490984914912e-11 7.318300132563848592e-11
2.506870000000000118e+02 3.771562500000000000e+03 4.215012019970210133e-11 7.437195304049737388e-11
2.513280000000000030e+02 3.772500000000000000e+03 4.265738456910028731e-11 7.323948392201629076e-11
2.519840000000000089e+02 3.772343750000000000e+03 4.175639695125354933e-11 7.311362626438722145e-11
2.526250000000000000e+02 3.772968750000000000e+03 4.240436474178821413e-11 7.363990667252906519e-11
2.532810000000000059e+02 3.771093750000000000e+03 4.209486231809833612e-11 7.332365964396458935e-11
2.539370000000000118e+02 3.772656250000000000e+03 4.260298711034060659e-11 7.373631566442995222e-11
2.545780000000000030e+02 3.772343750000000000e+03 4.170673528758328530e-11 7.326100143201230708e-11
2.552340000000000089e+02 3.772343750000000000e+03 4.199782188685219353e-11 7.377437549749288337e-11
2.558750000000000000e+02 3.772343750000000000e+03 4.248421406338742656e-11 7.458134804183558231e-11
2.565310000000000059e+02 3.772500000000000000e+03 4.245288148796433347e-11 7.269478075055957333e-11
2.571870000000000118e+02 3.772031250000000000e+03 4.160602071201502383e-11 7.353792574882334065e-11
2.578279999999999745e+02 3.772031250000000000e+03 4.204449288724987355e-11 7.431480431030479394e-11
2.584839999999999804e+02 3.771718750000000000e+03 4.207152334845254416e-11 7.275373359316716915e-11
2.591250000000000000e+02 3.772187500000000000e+03 4.259597882749766029e-11 7.321494799317207480e-11
2.597970000000000255e+02 3.772343750000000000e+03 4.294046715425103855e-11 7.331014267863977807e-11
2.604370000000000118e+02 3.772031250000000000e+03 4.245963997062673911e-11 7.243927679922990137e-11
2.610939999999999941e+02 3.772343750000000000e+03 4.234909992129054501e-11 7.341265789717610346e-11
2.617339999999999804e+02 3.772343750000000000e+03 4.296198119480010291e-11 7.331994733572599898e-11
2.623910000000000196e+02 3.772343750000000000e+03 4.306761197669928265e-11 7.307865423911152902e-11
2.630470000000000255e+02 3.772187500000000000e+03 4.242156625977600015e-11 7.350782482706819110e-11
2.637029999999999745e+02 3.772187500000000000e+03 4.226496930215262182e-11 7.318300132563848592e-11
2.643439999999999941e+02 3.772031250000000000e+03 4.205371814669511821e-11 7.398748974596358607e-11
2.650000000000000000e+02 3.772500000000000000e+03 4.237918696525788675e-11 7.359383935590102510e-11
2.656560000000000059e+02 3.772187500000000000e+03 4.244551585208533595e-11 7.262786205775029202e-11
2.662970000000000255e+02 3.772500000000000000e+03 4.252412658112270094e-11 7.354224174083157095e-11
2.669529999999999745e+02 3.772500000000000000e+03 4.252474414268014868e-11 7.372157051488414936e-11
2.675939999999999941e+02 3.772031250000000000e+03 4.218451976623072142e-11 7.351279307510338867e-11
2.682500000000000000e+02 3.771718750000000000e+03 4.210590903719335643e-11 7.272118324186394034e-11
2.689060000000000059e+02 3.770781250000000000e+03 4.237181785993193728e-11 7.281022312843887789e-11
2.695470000000000255e+02 3.772343750000000000e+03 4.251919649700397486e-11 7.266958562679448619e-11
2.702029999999999745e+02 3.772031250000000000e+03 4.266474673553233288e-11 7.320510864161633435e-11
2.708439999999999941e+02 3.772343750000000000e+03 4.255482077830663457e-11 7.294779363897774260e-11
2.715000000000000000e+02 3.772343750000000000e+03 4.230057623622052176e-11 7.342862429204899399e-11
2.721560000000000059e+02 3.772031250000000000e+03 4.253456267755417741e-11 7.358156445258501321e-11
2.728120000000000118e+02 3.772031250000000000e+03 4.227294903014211513e-11 7.362945669830978090e-11
2.734529999999999745e+02 3.772343750000000000e+03 4.263586705910427099e-11 7.247677458188661603e-11
2.741250000000000000e+02 3.771718750000000000e+03 4.205432183046475814e-11 7.394634904400732012e-11
2.747660000000000196e+02 3.772187500000000000e+03 4.269114228794279597e-11 7.286122399863259602e-11
2.754220000000000255e+02 3.772500000000000000e+03 4.284100851847938429e-11 7.373510829689067236e-11
2.760779999999999745e+02 3.771875000000000000e+03 4.191369126771427034e-11 7.350476477485656801e-11
2.767339999999999804e+02 3.772187500000000000e+03 4.202054676438748970e-11 7.329047785331610498e-11
2.773910000000000196e+02 3.772343750000000000e+03 4.184490254299788603e-11 7.305343135977082625e-11
