Start time (s) =
1547807391
'Reltime', 'DEFAU[mV]', '44.00[A]', '28.00[A]'
0.000000000000000000e+00 2.099843750000000000e+03 2.368196437563252488e-11 4.061240232999807631e-11
6.410000000000000142e-01 2.100312500000000000e+03 2.341728547183841158e-11 4.086171331851851107e-11
1.296999999999999931e+00 2.100156250000000000e+03 2.371880469809184433e-11 4.065046216306100746e-11
1.937999999999999945e+00 2.100625000000000000e+03 2.373170757130615982e-11 4.108218626397430739e-11
2.593999999999999861e+00 2.100000000000000000e+03 2.321094184909444635e-11 4.146848489594567866e-11
3.233999999999999986e+00 2.100000000000000000e+03 2.359415093855510293e-11 4.110246171196152432e-11
3.891000000000000014e+00 2.099843750000000000e+03 2.368011689513060958e-11 4.118842419909007901e-11
4.546999999999999709e+00 2.100000000000000000e+03 2.313233979367446125e-11 4.073828427375580929e-11
5.187999999999999723e+00 2.100000000000000000e+03 2.347931224444543830e-11 4.162568206789174496e-11
5.844000000000000306e+00 2.100000000000000000e+03 2.372618941592907760e-11 4.083285098932520896e-11
6.483999999999999986e+00 2.099687500000000000e+03 2.363530031412874877e-11 4.091762345614924357e-11
7.141000000000000014e+00 2.100000000000000000e+03 2.338411755897773503e-11 4.131554473540965944e-11
7.796999999999999709e+00 2.099375000000000000e+03 2.366415396970467100e-11 4.094831765333317719e-11
8.468999999999999417e+00 2.100312500000000000e+03 2.322507117180627745e-11 4.068363354536863596e-11
9.108999999999999986e+00 2.100000000000000000e+03 2.377408513110079724e-11 4.140583362288730029e-11
9.766000000000000014e+00 2.100312500000000000e+03 2.371758865693518459e-11 4.142180695665409473e-11
1.042200000000000060e+01 2.100312500000000000e+03 2.365678486437872152e-11 4.110184761985102853e-11
1.107799999999999940e+01 2.100468750000000000e+03 2.363405998684342535e-11 4.094340144700225892e-11
1.171899999999999942e+01 2.101093750000000000e+03 2.316120038814428739e-11 4.134748446404934441e-11
1.237500000000000000e+01 2.100312500000000000e+03 2.332026759199745669e-11 4.137142711746477630e-11
1.301600000000000001e+01 2.099843750000000000e+03 2.309302922498535082e-11 4.135485356937529389e-11
1.367200000000000060e+01 2.099843750000000000e+03 2.326682596587303919e-11 4.077390161616456510e-11
1.431300000000000061e+01 2.087343750000000000e+03 2.279764745038992402e-11 4.134564912661176095e-11
1.496899999999999942e+01 2.099843750000000000e+03 2.321523702442096493e-11 4.092374009112553779e-11
1.562500000000000000e+01 2.100000000000000000e+03 2.359353337699765518e-11 4.119211222120000571e-11
1.626599999999999824e+01 2.100000000000000000e+03 2.365310204643922276e-11 4.109816653663500574e-11
1.692200000000000060e+01 2.100000000000000000e+03 2.357449478684880972e-11 4.147644727670041220e-11
1.756299999999999883e+01 2.100000000000000000e+03 2.328586108657493270e-11 4.139784348655695112e-11
1.821900000000000119e+01 2.099843750000000000e+03 2.361195093614210094e-11 4.017269156220137916e-11
1.887500000000000000e+01 2.100000000000000000e+03 2.353212416594807621e-11 4.096121011820663682e-11
1.951599999999999824e+01 2.100156250000000000e+03 2.314584808538189264e-11 4.071986151044093560e-11
2.017200000000000060e+01 2.100000000000000000e+03 2.333438650636843192e-11 4.139845410922049496e-11
2.081299999999999883e+01 2.099687500000000000e+03 2.319498586256241168e-11 4.069651907134819169e-11
2.146900000000000119e+01 2.100468750000000000e+03 2.293949925846749949e-11 4.104165965412853723e-11
2.212500000000000000e+01 2.100625000000000000e+03 2.342588449610882861e-11 4.172761094989319020e-11
2.276599999999999824e+01 2.101250000000000000e+03 2.313960308086837614e-11 4.127932370923126371e-11
2.342200000000000060e+01 2.101250000000000000e+03 2.370653326422278440e-11 4.122834018627230535e-11
2.406299999999999883e+01 2.100937500000000000e+03 2.311698055201816260e-11 4.080891180535672902e-11
2.473400000000000176e+01 2.099687500000000000e+03 2.329999214401023977e-11 4.082794866078209850e-11
2.537500000000000000e+01 2.100000000000000000e+03 2.288239736580877093e-11 4.102199829825181610e-11
2.603099999999999881e+01 2.101406250000000000e+03 2.335894845606478754e-11 4.056326455281755727e-11
2.667200000000000060e+01 2.099843750000000000e+03 2.361874064382707417e-11 4.103489770201917963e-11
2.732799999999999940e+01 2.101250000000000000e+03 2.330920005622072466e-11 4.073767018164531351e-11
2.798400000000000176e+01 2.100000000000000000e+03 2.318576060311716702e-11 4.106990095231743965e-11
2.864099999999999824e+01 2.100000000000000000e+03 2.353641587182764283e-11 4.126458202913241280e-11
2.928099999999999881e+01 2.100312500000000000e+03 2.329139658918677469e-11 4.133337769274270102e-11
2.993799999999999883e+01 2.095937500000000000e+03 2.324779431461809764e-11 4.083961641088151850e-11
3.059400000000000119e+01 2.099843750000000000e+03 2.350879040047271218e-11 4.144389692539718340e-11
3.123400000000000176e+01 2.100156250000000000e+03 2.288730142907535736e-11 4.100664946493637331e-11
3.189099999999999824e+01 2.099843750000000000e+03 2.326682596587303919e-11 4.081319657234239173e-11
3.253099999999999881e+01 2.099843750000000000e+03 2.318822911462348202e-11 4.044167778438634286e-11
3.318800000000000239e+01 2.099843750000000000e+03 2.322567659029939335e-11 4.066950248793332889e-11
3.384400000000000119e+01 2.099843750000000000e+03 2.341113934656302575e-11 4.095323732911104742e-11
3.448400000000000176e+01 2.100000000000000000e+03 2.290143075178718846e-11 4.098761607895795578e-11
3.514099999999999824e+01 2.100000000000000000e+03 2.333254249531346858e-11 4.066643549682780190e-11
3.579699999999999704e+01 2.100000000000000000e+03 2.324348873095072321e-11 4.087216329273779536e-11
3.645300000000000296e+01 2.099843750000000000e+03 2.312865177156453456e-11 4.131001443696824538e-11
3.709400000000000119e+01 2.099843750000000000e+03 2.289221243123584770e-11 4.096920025453698599e-11
3.775000000000000000e+01 2.100312500000000000e+03 2.298740885142702695e-11 4.096489120142265961e-11
3.839099999999999824e+01 2.100000000000000000e+03 2.334358921440848889e-11 4.043859691549300805e-11
3.904699999999999704e+01 2.100000000000000000e+03 2.336753880671782468e-11 3.993074620955994192e-11
3.970300000000000296e+01 2.100000000000000000e+03 2.290879465294271000e-11 4.055465685492976036e-11
4.034400000000000119e+01 2.100000000000000000e+03 2.306048234312907397e-11 4.126581715224730829e-11
4.100000000000000000e+01 2.100156250000000000e+03 2.351000817635284790e-11 4.106130366277049859e-11
4.165599999999999881e+01 2.103593750000000000e+03 2.285659855827404385e-11 4.063572395240910851e-11
4.231300000000000239e+01 2.110781250000000000e+03 2.298064863404114533e-11 4.074317966340501584e-11
4.296900000000000119e+01 2.114843750000000000e+03 2.319575607978574538e-11 4.127132316456005867e-11
4.360900000000000176e+01 2.122500000000000000e+03 2.336017143611535118e-11 4.140153150866687781e-11
4.428099999999999881e+01 2.127500000000000000e+03 2.330060276667378361e-11 4.112824664170844358e-11
4.492199999999999704e+01 2.135156250000000000e+03 2.335708883249854040e-11 4.145495752228001152e-11
4.557800000000000296e+01 2.141718750000000000e+03 2.326068851421503325e-11 4.081936177957601330e-11
4.621900000000000119e+01 2.150156250000000000e+03 2.319804764949751075e-11 4.099313249961156203e-11
4.687500000000000000e+01 2.155312500000000000e+03 2.340745652862352699e-11 4.083040155977712971e-11
4.753099999999999881e+01 2.167656250000000000e+03 2.321155767592841812e-11 4.104042453101364174e-11
4.817199999999999704e+01 2.177343750000000000e+03 2.326621707793297134e-11 4.138679329801497886e-11
4.882800000000000296e+01 2.187031250000000000e+03 2.357388763363221784e-11 4.041343648619744044e-11
4.946900000000000119e+01 2.196093750000000000e+03 2.382567060310591955e-11 4.156119892684273509e-11
5.014099999999999824e+01 2.210156250000000000e+03 2.311943692046014576e-11 4.100235428960985473e-11
5.078099999999999881e+01 2.221250000000000000e+03 2.313350032367988973e-11 4.166805442351595445e-11
5.143800000000000239e+01 2.235625000000000000e+03 2.339394650219261962e-11 4.174603371320806389e-11
5.207800000000000296e+01 2.241250000000000000e+03 2.305127269619511310e-11 4.189281560540436544e-11
5.273400000000000176e+01 2.255000000000000000e+03 2.338411755897773503e-11 4.155073507483564299e-11
5.339099999999999824e+01 2.266093750000000000e+03 2.338741700302904292e-11 4.141503806565083323e-11
5.403099999999999881e+01 2.278906250000000000e+03 2.346518465645708318e-11 4.155690028206926456e-11
5.468800000000000239e+01 2.292812500000000000e+03 2.307154120528842611e-11 4.190264801806620198e-11
5.534400000000000119e+01 2.302656250000000000e+03 2.330121165461385147e-11 4.150223914534123537e-11
5.600000000000000000e+01 2.317968750000000000e+03 2.325313032403020230e-11 4.136775297314265742e-11
5.664099999999999824e+01 2.328125000000000000e+03 2.309549079759776191e-11 4.208319109855196416e-11
5.729699999999999704e+01 2.340468750000000000e+03 2.312619713784602737e-11 4.146232662760596099e-11
5.793800000000000239e+01 2.353125000000000000e+03 2.315383301754181389e-11 4.173253409511801237e-11
5.859400000000000119e+01 2.363593750000000000e+03 2.319742835321658703e-11 4.180007728837864533e-11
5.923400000000000176e+01 2.377031250000000000e+03 2.291739888138355496e-11 4.213969798105843267e-11
5.989099999999999824e+01 2.387812500000000000e+03 2.308136667905635875e-11 4.157899718970625713e-11
6.054699999999999704e+01 2.399218750000000000e+03 2.321769859703337602e-11 4.208440887443209988e-11
6.118800000000000239e+01 2.412187500000000000e+03 2.317348049563072721e-11 4.146109497393801746e-11
6.184400000000000119e+01 2.425000000000000000e+03 2.318269534673511600e-11 4.195853040012131885e-11
6.248400000000000176e+01 2.435312500000000000e+03 2.335280233078940171e-11 4.294908872992664328e-11
6.315599999999999881e+01 2.447656250000000000e+03 2.313725079583495159e-11 4.213538198905020238e-11
6.379699999999999704e+01 2.464687500000000000e+03 2.324963138677915708e-11 4.159374580869901195e-11
6.445300000000000296e+01 2.473906250000000000e+03 2.281115400737387944e-11 4.195606709278543178e-11
6.509399999999999409e+01 2.484687500000000000e+03 2.325822694160262216e-11 4.186824498209062995e-11
6.575000000000000000e+01 2.495156250000000000e+03 2.318883279839312195e-11 4.242280485233784759e-11
6.640600000000000591e+01 2.508593750000000000e+03 2.347378888489792814e-11 4.198800682142511675e-11
6.704699999999999704e+01 2.519687500000000000e+03 2.335157761601536208e-11 4.214766383126011817e-11
6.770300000000000296e+01 2.532656250000000000e+03 2.338473685525865875e-11 4.179456086772503909e-11
6.834399999999999409e+01 2.542343750000000000e+03 2.349649641519846455e-11 4.229935152144648214e-11
6.900000000000000000e+01 2.545156250000000000e+03 2.358370790322972255e-11 4.219926144632957232e-11
6.965600000000000591e+01 2.573593750000000000e+03 2.372679656914566948e-11 4.293434011093388847e-11
7.029699999999999704e+01 2.581718750000000000e+03 2.367766226141210240e-11 4.235277059616571194e-11
7.095300000000000296e+01 2.589062500000000000e+03 2.342895669138478354e-11 4.300127962042488150e-11
7.159399999999999409e+01 2.600156250000000000e+03 2.330920352566767662e-11 4.262606240201805008e-11
7.225000000000000000e+01 2.607968750000000000e+03 2.414316316312614674e-11 4.344591353344640083e-11
7.290600000000000591e+01 2.620625000000000000e+03 2.356807804471117151e-11 4.300926975675523067e-11
7.354699999999999704e+01 2.634843750000000000e+03 2.364696459478121682e-11 4.354170149434288817e-11
7.420300000000000296e+01 2.645156250000000000e+03 2.366415917387509893e-11 4.273414608291226102e-11
7.484399999999999409e+01 2.657500000000000000e+03 2.301442716956536572e-11 4.499836961380232481e-11
7.550000000000000000e+01 2.666093750000000000e+03 2.339824514696609015e-11 4.441741419114464406e-11
7.615600000000000591e+01 2.676875000000000000e+03 2.340999616379235704e-11 4.453409169213884411e-11
7.679699999999999704e+01 2.686406250000000000e+03 2.354685890715302321e-11 4.501556419289620692e-11
7.745300000000000296e+01 2.700625000000000000e+03 2.338903896947908123e-11 4.532815442437332365e-11
7.810899999999999466e+01 2.712031250000000000e+03 2.335157067712145817e-11 4.471158165930688710e-11
7.876600000000000534e+01 2.726718750000000000e+03 2.350940449258320797e-11 4.465263228614624325e-11
7.940600000000000591e+01 2.734687500000000000e+03 2.308873925382926018e-11 4.450891738505546869e-11
8.006300000000000239e+01 2.745000000000000000e+03 2.323980591301122445e-11 4.501127248701664030e-11
8.070300000000000296e+01 2.752187500000000000e+03 2.331722315229711739e-11 4.456173624545201051e-11
8.135899999999999466e+01 2.769531250000000000e+03 2.279763877677254413e-11 4.414476770242536929e-11
8.201600000000000534e+01 2.780468750000000000e+03 2.318821350211219823e-11 4.340044643114104872e-11
8.267199999999999704e+01 2.787656250000000000e+03 2.381462041456394729e-11 4.217346957768874915e-11
8.331300000000000239e+01 2.796406250000000000e+03 2.408174527845918789e-11 4.281766954883359233e-11
8.396899999999999409e+01 2.806562500000000000e+03 2.366968426814608506e-11 4.260088809493467465e-11
8.462500000000000000e+01 2.818437500000000000e+03 2.372248925075481907e-11 4.253026750222765884e-11
8.526600000000000534e+01 2.827343750000000000e+03 2.356221641408584588e-11 4.168033626572587025e-11
8.592199999999999704e+01 2.834218750000000000e+03 2.359966909393218515e-11 4.165700076552703024e-11
8.656300000000000239e+01 2.839687500000000000e+03 2.332086954104362064e-11 4.193456693002417524e-11
8.721899999999999409e+01 2.860781250000000000e+03 2.390120219797342571e-11 4.182895002591280331e-11
8.785899999999999466e+01 2.872812500000000000e+03 2.357204362257725450e-11 4.247437818127863807e-11
8.853100000000000591e+01 2.882187500000000000e+03 2.342648991460194452e-11 4.244060658464832159e-11
8.917199999999999704e+01 2.893125000000000000e+03 2.387233292988621969e-11 4.199537592675106623e-11
8.982800000000000296e+01 2.899375000000000000e+03 2.382812523682442674e-11 4.169998027436783161e-11
9.046899999999999409e+01 2.915625000000000000e+03 2.382935515576889429e-11 4.218513038889426525e-11
9.112500000000000000e+01 2.928125000000000000e+03 2.371819581015177647e-11 4.205616757624319746e-11
9.178100000000000591e+01 2.937031250000000000e+03 2.372126280125730347e-11 4.158084987437860036e-11
9.243800000000000239e+01 2.949375000000000000e+03 2.346333717595516788e-11 4.178779891561568149e-11
9.309399999999999409e+01 2.957656250000000000e+03 2.361687061191997117e-11 4.170244358170371868e-11
9.373399999999999466e+01 2.968281250000000000e+03 2.389813520686789872e-11 4.118043406275972984e-11
9.439100000000000534e+01 2.975156250000000000e+03 2.290818749972611812e-11 4.168095035783636604e-11
9.503100000000000591e+01 2.993125000000000000e+03 2.356282703674938972e-11 4.300252515188063285e-11
9.568800000000000239e+01 3.008437500000000000e+03 2.347808232550097074e-11 4.127747796345282438e-11
9.632800000000000296e+01 3.019687500000000000e+03 2.380846908511813353e-11 4.151759491755058207e-11
9.698399999999999466e+01 3.025468750000000000e+03 2.365248275015829904e-11 4.203959402815371504e-11
9.764100000000000534e+01 3.035156250000000000e+03 2.412534928775134091e-11 4.258675009860546368e-11
9.828100000000000591e+01 3.044375000000000000e+03 2.393007146606063174e-11 4.187070828942651701e-11
9.893800000000000239e+01 3.055000000000000000e+03 2.341851018661245121e-11 4.219065027899482345e-11
9.957800000000000296e+01 3.065468750000000000e+03 2.340193316907601684e-11 4.235463021973195907e-11
1.002339999999999947e+02 3.072343750000000000e+03 2.361203073342199588e-11 4.176201051642181028e-11
1.008910000000000053e+02 3.080156250000000000e+03 2.408728078107102988e-11 4.185965810088454475e-11
1.015469999999999970e+02 3.097187500000000000e+03 2.378513358491929353e-11 4.215565743703741930e-11
1.022030000000000030e+02 3.126562500000000000e+03 2.390795721118887940e-11 4.218022112145725089e-11
1.028589999999999947e+02 3.127968750000000000e+03 2.345351517163418720e-11 4.242523693465116708e-11
1.035160000000000053e+02 3.134843750000000000e+03 2.403928618666117956e-11 4.200766470785488593e-11
1.041719999999999970e+02 3.142968750000000000e+03 2.369854486261591120e-11 4.195913755333791073e-11
1.048130000000000024e+02 3.152656250000000000e+03 2.408789660790500164e-11 4.190079880284081071e-11
1.054689999999999941e+02 3.162187500000000000e+03 2.402095189424358068e-11 4.236875433827336224e-11
1.061089999999999947e+02 3.176250000000000000e+03 2.440184512786380822e-11 4.235339856606401554e-11
1.067660000000000053e+02 3.186718750000000000e+03 2.377837683698036386e-11 4.238103618048327803e-11
1.074060000000000059e+02 3.199843750000000000e+03 2.398902430866822755e-11 4.251982099745532651e-11
1.080780000000000030e+02 3.212500000000000000e+03 2.390242691274746534e-11 4.238043249671363810e-11
1.087189999999999941e+02 3.219843750000000000e+03 2.372433846598021034e-11 4.227601949069459408e-11
1.093910000000000053e+02 3.230000000000000000e+03 2.406639644514374510e-11 4.282626683838053339e-11
1.100310000000000059e+02 3.240781250000000000e+03 2.380908838139905725e-11 4.301172612519721383e-11
1.106880000000000024e+02 3.251093750000000000e+03 2.432186570200389752e-11 4.211635554196568876e-11
1.113280000000000030e+02 3.264375000000000000e+03 2.392453943289574170e-11 4.232698913586574463e-11
1.119839999999999947e+02 3.273437500000000000e+03 2.408383908969469189e-11 4.305041739760540054e-11
1.126250000000000000e+02 3.285937500000000000e+03 2.394419558460203490e-11 4.284100851847938429e-11
1.132810000000000059e+02 3.292187500000000000e+03 2.376241738100137724e-11 4.259596494970985248e-11
1.139380000000000024e+02 3.310781250000000000e+03 2.407806592996664108e-11 4.224039520939193437e-11
1.146880000000000024e+02 3.321718750000000000e+03 2.408421725941245484e-11 4.327271874160487641e-11
1.153439999999999941e+02 3.330937500000000000e+03 2.387725087094061394e-11 4.309523918277768928e-11
1.159839999999999947e+02 3.340312500000000000e+03 2.447293930007976570e-11 4.264387107322242798e-11
1.166410000000000053e+02 3.342812500000000000e+03 2.384961672596830340e-11 4.221891239386543759e-11
1.172969999999999970e+02 3.364375000000000000e+03 2.430467285763349139e-11 4.285759594435667452e-11
1.179380000000000024e+02 3.370937500000000000e+03 2.432555198939034824e-11 4.178043327973668397e-11
1.185939999999999941e+02 3.383906250000000000e+03 2.415974365010953306e-11 4.281705892617004849e-11
1.192339999999999947e+02 3.392656250000000000e+03 2.408444624291128378e-11 4.284592472481030256e-11
1.198910000000000053e+02 3.402187500000000000e+03 2.429361919964456717e-11 4.221521743286160699e-11
1.205469999999999970e+02 3.414375000000000000e+03 2.449873984233796875e-11 4.242831086465059798e-11
1.211880000000000024e+02 3.423125000000000000e+03 2.399270886133120229e-11 4.278143117542043683e-11
1.218439999999999941e+02 3.433437500000000000e+03 2.457365040620107521e-11 4.312533663508588688e-11
1.224839999999999947e+02 3.442656250000000000e+03 2.439064922254985390e-11 4.275748852200500494e-11
1.231410000000000053e+02 3.450468750000000000e+03 2.458471100308390334e-11 4.366022821056247949e-11
1.237969999999999970e+02 3.467500000000000000e+03 2.446249799947786130e-11 4.268685405151018131e-11
1.244530000000000030e+02 3.477031250000000000e+03 2.443486732395250272e-11 4.291652450083560666e-11
1.250939999999999941e+02 3.485156250000000000e+03 2.451715740148241451e-11 4.293618238726537584e-11
1.257500000000000000e+02 3.497812500000000000e+03 2.466209354790027675e-11 4.306760156835842679e-11
1.264060000000000059e+02 3.514843750000000000e+03 2.436485735390903073e-11 4.353373217469425072e-11
1.270469999999999970e+02 3.527187500000000000e+03 2.436486082335598269e-11 4.364732533734816400e-11
1.277030000000000030e+02 3.537656250000000000e+03 2.420088955623622695e-11 4.387516738812990980e-11
1.283590000000000089e+02 3.547343750000000000e+03 2.415053400317557220e-11 4.279494120185134420e-11
1.290159999999999911e+02 3.557187500000000000e+03 2.508336767459429240e-11 4.263956202010810159e-11
1.296719999999999970e+02 3.573125000000000000e+03 2.444039241822348885e-11 4.286250174234673693e-11
1.303439999999999941e+02 3.587031250000000000e+03 2.488869353667322315e-11 4.285204482923354874e-11
1.310000000000000000e+02 3.594531250000000000e+03 2.485552909325949855e-11 4.361170799493940820e-11
1.316560000000000059e+02 3.607968750000000000e+03 2.421317139844614275e-11 4.401149930610692707e-11
1.323129999999999882e+02 3.617500000000000000e+03 2.441398472274869391e-11 4.359389932373503029e-11
1.329840000000000089e+02 3.625000000000000000e+03 2.521969438840088173e-11 4.396360012148825547e-11
1.336409999999999911e+02 3.641093750000000000e+03 2.453373615374232486e-11 4.353680263524672966e-11
1.342969999999999970e+02 3.656250000000000000e+03 2.453557496062686027e-11 4.386288901536694596e-11
1.349530000000000030e+02 3.670156250000000000e+03 2.443117583239562407e-11 4.397712055626001870e-11
1.356250000000000000e+02 3.679531250000000000e+03 2.448952325651010398e-11 4.389849941888179785e-11
1.362810000000000059e+02 3.687031250000000000e+03 2.492615835958389425e-11 4.417301593950817562e-11
1.369379999999999882e+02 3.697343750000000000e+03 2.435933399436152058e-11 4.381559351451791429e-11
1.375939999999999941e+02 3.706875000000000000e+03 2.472043229839737677e-11 4.398202982369703307e-11
1.382500000000000000e+02 3.728593750000000000e+03 2.471980606322254914e-11 4.339063136571397195e-11
1.388909999999999911e+02 3.740937500000000000e+03 2.527865243517890548e-11 4.381006321607650023e-11
1.395469999999999970e+02 3.747812500000000000e+03 2.528663736733882672e-11 4.363934560935867069e-11
1.402030000000000030e+02 3.755781250000000000e+03 2.513556376926295854e-11 4.374312717603245915e-11
1.408590000000000089e+02 3.760000000000000000e+03 2.495071510510982193e-11 4.323771896075356835e-11
1.415000000000000000e+02 3.767500000000000000e+03 2.489115337456215826e-11 4.321928231965088685e-11
1.421560000000000059e+02 3.774218750000000000e+03 2.447662385274274044e-11 4.344589618621164107e-11
1.428129999999999882e+02 3.780156250000000000e+03 2.487702752129727912e-11 4.411160325901164470e-11
1.434530000000000030e+02 3.783125000000000000e+03 2.500244802861040228e-11 4.400720760022736044e-11
1.441090000000000089e+02 3.789218750000000000e+03 2.502256908620825726e-11 4.456847044198575247e-11
1.447500000000000000e+02 3.792343750000000000e+03 2.485552909325949855e-11 4.390280500254917229e-11
1.454060000000000059e+02 3.795625000000000000e+03 2.515705872785378716e-11 4.395253258571152344e-11
1.460629999999999882e+02 3.797343750000000000e+03 2.457795425514497367e-11 4.360556013494054639e-11
1.467030000000000030e+02 3.797500000000000000e+03 2.478982297215992503e-11 4.346863147208779310e-11
1.473590000000000089e+02 3.799218750000000000e+03 2.486084255126641551e-11 4.404097572741072497e-11
1.480000000000000000e+02 3.799375000000000000e+03 2.502625190414775602e-11 4.361846994704876579e-11
1.486560000000000059e+02 3.799843750000000000e+03 2.508950339152882236e-11 4.330650768546995266e-11
1.493129999999999882e+02 3.799843750000000000e+03 2.533269427562601095e-11 4.410668358323377447e-11
1.499530000000000030e+02 3.800312500000000000e+03 2.508152539826280503e-11 4.417485127694575908e-11
1.506090000000000089e+02 3.800468750000000000e+03 2.493905255918082986e-11 4.400904987655884781e-11
1.512500000000000000e+02 3.800000000000000000e+03 2.463805028052323820e-11 4.413370710554254117e-11
1.519060000000000059e+02 3.798906250000000000e+03 2.520127162508600804e-11 4.387332511179842243e-11
1.525629999999999882e+02 3.799062500000000000e+03 2.540945405471450869e-11 4.387946256345642837e-11
1.532030000000000030e+02 3.797500000000000000e+03 2.558228628934955395e-11 4.342563808545918391e-11
1.538590000000000089e+02 3.797968750000000000e+03 2.531243097070312587e-11 4.388866006732605740e-11
1.545000000000000000e+02 3.797031250000000000e+03 2.512574176494197786e-11 4.361540295594323879e-11
1.551719999999999970e+02 3.797031250000000000e+03 2.514416452825685155e-11 4.350731927504902785e-11
1.558129999999999882e+02 3.795312500000000000e+03 2.531427151231113726e-11 4.323892979773980016e-11
1.564689999999999941e+02 3.794531250000000000e+03 2.533761048195692922e-11 4.385673768592113220e-11
1.571090000000000089e+02 3.793906250000000000e+03 2.491755760059000124e-11 4.399920705555615541e-11
1.577659999999999911e+02 3.792812500000000000e+03 2.515644463574329137e-11 4.356195959509534532e-11
1.584219999999999970e+02 3.791406250000000000e+03 2.500476041500387936e-11 4.343239309867463760e-11
1.590780000000000030e+02 3.789687500000000000e+03 2.465225766579148825e-11 4.364611103091498023e-11
1.597189999999999941e+02 3.786406250000000000e+03 2.515214252152286889e-11 4.382849291828527782e-11
1.603750000000000000e+02 3.785312500000000000e+03 2.574660623588798103e-11 4.475519607693989599e-11
1.610310000000000059e+02 3.784375000000000000e+03 2.577731604558319845e-11 4.392490537963311681e-11
1.616719999999999970e+02 3.782812500000000000e+03 2.565879453353403505e-11 4.357486246830966081e-11
1.623280000000000030e+02 3.782187500000000000e+03 2.535848961371378607e-11 4.358224198197646615e-11
1.629689999999999941e+02 3.782343750000000000e+03 2.554026434786749178e-11 4.375111384291585637e-11
1.636250000000000000e+02 3.779687500000000000e+03 2.515706393202421509e-11 4.328930269803521469e-11
1.642810000000000059e+02 3.779843750000000000e+03 2.548008332103890439e-11 4.374682213703628975e-11
1.649219999999999970e+02 3.780312500000000000e+03 2.484496636201427577e-11 4.386348922968963393e-11
1.655780000000000030e+02 3.779843750000000000e+03 2.523132744403078220e-11 4.380883503185550865e-11
1.662500000000000000e+02 3.776718750000000000e+03 2.524425633809723735e-11 4.428846872572833604e-11
1.668909999999999911e+02 3.777031250000000000e+03 2.523566772216767617e-11 4.427309560628422958e-11
1.675469999999999970e+02 3.775781250000000000e+03 2.596645988506285363e-11 4.336115494441017404e-11
1.682030000000000030e+02 3.776562500000000000e+03 2.542052159049124072e-11 4.372654321960212087e-11
1.688590000000000089e+02 3.777656250000000000e+03 2.542727313425974245e-11 4.366576197845084550e-11
1.695000000000000000e+02 3.775781250000000000e+03 2.526245532208371003e-11 4.302954173529549564e-11
1.701560000000000059e+02 3.774843750000000000e+03 2.601313262018400962e-11 4.363995276257526257e-11
1.707969999999999970e+02 3.772812500000000000e+03 2.584301869723582001e-11 4.381006668552345218e-11
1.714530000000000030e+02 3.774218750000000000e+03 2.561949437318578049e-11 4.381620760662841008e-11
1.721090000000000089e+02 3.775937500000000000e+03 2.583257913135739159e-11 4.371119785573363004e-11
1.727500000000000000e+02 3.774843750000000000e+03 2.540454652200097030e-11 4.391999611219610244e-11
