Start time (s) =
1547807880
'Reltime', 'DEFAU[mV]', '44.00[A]', '28.00[A]'
0.000000000000000000e+00 2.100000000000000000e+03 2.312128440096206106e-11 4.007873199984857138e-11
6.560000000000000275e-01 2.100000000000000000e+03 2.276117835875446360e-11 4.003635964422436189e-11
1.296999999999999931e+00 2.099843750000000000e+03 2.275404344109777099e-11 3.957208172256088119e-11
1.952999999999999847e+00 2.099687500000000000e+03 2.328709447496635221e-11 3.997740333216981412e-11
2.608999999999999986e+00 2.099843750000000000e+03 2.300338045047034541e-11 3.977719889580733081e-11
3.250000000000000000e+00 2.099843750000000000e+03 2.346580395273800690e-11 3.915632748596742374e-11
3.906000000000000139e+00 2.099687500000000000e+03 2.255998686473414949e-11 3.941917972594133346e-11
4.546999999999999709e+00 2.100000000000000000e+03 2.297941698037320180e-11 4.008057427618005875e-11
5.219000000000000306e+00 2.099687500000000000e+03 2.311207648875157616e-11 3.987485688861092115e-11
5.858999999999999986e+00 2.099375000000000000e+03 2.302302445911230677e-11 3.970166903566330063e-11
6.514999999999999680e+00 2.100312500000000000e+03 2.300153123524495413e-11 3.975570567193997817e-11
7.187000000000000277e+00 2.100000000000000000e+03 2.325515474632666724e-11 3.983553764630443084e-11
7.828000000000000291e+00 2.099843750000000000e+03 2.317532624140916653e-11 4.006644321874475168e-11
8.483999999999999986e+00 2.099843750000000000e+03 2.272825157245694783e-11 3.968016193400814018e-11
9.140000000000000568e+00 2.099843750000000000e+03 2.280071617621892699e-11 3.901446180010204046e-11
9.797000000000000597e+00 2.100000000000000000e+03 2.288914717485379668e-11 3.972746784319802771e-11
1.043699999999999939e+01 2.100000000000000000e+03 2.267938788158563312e-11 3.930617983871620424e-11
1.109399999999999942e+01 2.100156250000000000e+03 2.262446306688925546e-11 3.956041744190841314e-11
1.173399999999999999e+01 2.099375000000000000e+03 2.242303565047620850e-11 3.997800701593945405e-11
1.239000000000000057e+01 2.099687500000000000e+03 2.236162470470315355e-11 3.913361301677298343e-11
1.304700000000000060e+01 2.100000000000000000e+03 2.327480742858600848e-11 3.954077690271340373e-11
1.368699999999999939e+01 2.099843750000000000e+03 2.266622133040296916e-11 3.979378285223766909e-11
1.434399999999999942e+01 2.099843750000000000e+03 2.287625124053338510e-11 4.002836950789401271e-11
1.498399999999999999e+01 2.100000000000000000e+03 2.326498368954155183e-11 3.916248228486018945e-11
1.564000000000000057e+01 2.100000000000000000e+03 2.271719791446802361e-11 3.937312281765414923e-11
1.629700000000000060e+01 2.099687500000000000e+03 2.271965775235695872e-11 3.905315654195717912e-11
1.693700000000000117e+01 2.100312500000000000e+03 2.292292050620758914e-11 3.946830015588709273e-11
1.759400000000000119e+01 2.099843750000000000e+03 2.309241860232180699e-11 3.950269972241571281e-11
1.823400000000000176e+01 2.099843750000000000e+03 2.270553016436860361e-11 3.926196520676050739e-11
1.889000000000000057e+01 2.099843750000000000e+03 2.266230432479421353e-11 3.946585072633901348e-11
1.953099999999999881e+01 2.100156250000000000e+03 2.268096301050182007e-11 4.005479628532704339e-11
2.020299999999999940e+01 2.101250000000000000e+03 2.255568475051372701e-11 3.922819361013019090e-11
2.084400000000000119e+01 2.101875000000000000e+03 2.279273124405900575e-11 3.985457797117675227e-11
2.151500000000000057e+01 2.100000000000000000e+03 2.312558651518248354e-11 3.964701830727612730e-11
2.215599999999999881e+01 2.099843750000000000e+03 2.320002523426012431e-11 3.984537005896626738e-11
2.281200000000000117e+01 2.100000000000000000e+03 2.295954051878545954e-11 3.928837810640573025e-11
2.345299999999999940e+01 2.099843750000000000e+03 2.301565535378635730e-11 3.893648944930383493e-11
2.410900000000000176e+01 2.100312500000000000e+03 2.284418140763300187e-11 3.943267934403138497e-11
2.475000000000000000e+01 2.099843750000000000e+03 2.256735076588967104e-11 3.937741452353371585e-11
2.540599999999999881e+01 2.100000000000000000e+03 2.314585328955232058e-11 3.921897528957885015e-11
2.606200000000000117e+01 2.100000000000000000e+03 2.264166111543008952e-11 4.008426229828998544e-11
2.671900000000000119e+01 2.099843750000000000e+03 2.252928225920936001e-11 4.016715432486606119e-11
2.737500000000000000e+01 2.100000000000000000e+03 2.310408461769775101e-11 3.995530989397977351e-11
2.801500000000000057e+01 2.100312500000000000e+03 2.273615497261349816e-11 3.907343198994439604e-11
2.867200000000000060e+01 2.100000000000000000e+03 2.252559076765248136e-11 3.951742752472675591e-11
2.931200000000000117e+01 2.100000000000000000e+03 2.276693764069470660e-11 3.978334328635924066e-11
2.996900000000000119e+01 2.100000000000000000e+03 2.300337004212948955e-11 3.938662937463810465e-11
3.060900000000000176e+01 2.100156250000000000e+03 2.263482803965821688e-11 3.885971752715100536e-11
3.126500000000000057e+01 2.099843750000000000e+03 2.291186684821866493e-11 3.983431293153039121e-11
3.192200000000000060e+01 2.100000000000000000e+03 2.297942912343753363e-11 3.893402614196794786e-11
3.257800000000000296e+01 2.100000000000000000e+03 2.291002110244022560e-11 3.954507554748687426e-11
3.323400000000000176e+01 2.100000000000000000e+03 2.216941213939449540e-11 3.880506679876383203e-11
3.389000000000000057e+01 2.100625000000000000e+03 2.244329722067561761e-11 3.930066688750954995e-11
3.454699999999999704e+01 2.099843750000000000e+03 2.271719444502107166e-11 3.995897362996103652e-11
3.520300000000000296e+01 2.100156250000000000e+03 2.255691293473471859e-11 3.983615173841492663e-11
3.585900000000000176e+01 2.100312500000000000e+03 2.300091540841098237e-11 3.927915978585438950e-11
3.650000000000000000e+01 2.100000000000000000e+03 2.268710219688330199e-11 3.928099512329197296e-11
3.717199999999999704e+01 2.096718750000000000e+03 2.303530977076917452e-11 3.950822308196322297e-11
3.781199999999999761e+01 2.099843750000000000e+03 2.260788431462934511e-11 3.980913168555311188e-11
3.846900000000000119e+01 2.099843750000000000e+03 2.220503295125020315e-11 3.944865961669208332e-11
3.912500000000000000e+01 2.099843750000000000e+03 2.279457352039049312e-11 4.008240961361764221e-11
3.978099999999999881e+01 2.100000000000000000e+03 2.252558729820552941e-11 3.931108563670626665e-11
4.042199999999999704e+01 2.100000000000000000e+03 2.278044593240213800e-11 3.939828671639666879e-11
4.107800000000000296e+01 2.100156250000000000e+03 2.277246620441264469e-11 3.938908227363313586e-11
4.171900000000000119e+01 2.100000000000000000e+03 2.234749711671479844e-11 3.999581915659078390e-11
4.237500000000000000e+01 2.099687500000000000e+03 2.274851661210330889e-11 3.972990686440525110e-11
4.303099999999999881e+01 2.099843750000000000e+03 2.184699990359639798e-11 3.954382654658417096e-11
4.367199999999999704e+01 2.100000000000000000e+03 2.246848020137637292e-11 3.869820089374975680e-11
4.432800000000000296e+01 2.099843750000000000e+03 2.263238901845099349e-11 3.917353247340216171e-11
4.496900000000000119e+01 2.099843750000000000e+03 2.220687349285821455e-11 3.919194829782313150e-11
4.562500000000000000e+01 2.100312500000000000e+03 2.264032537835358738e-11 3.965008182893470234e-11
4.628099999999999881e+01 2.102968750000000000e+03 2.274360214049586659e-11 3.945049148468271483e-11
4.692199999999999704e+01 2.110000000000000000e+03 2.212945625357232160e-11 3.924291794299428204e-11
4.757800000000000296e+01 2.114843750000000000e+03 2.295608148017436179e-11 3.959296432376468999e-11
4.823400000000000176e+01 2.120000000000000000e+03 2.295793416484670502e-11 3.980298382555425007e-11
4.889000000000000057e+01 2.125312500000000000e+03 2.246970491615041254e-11 3.976001125560735261e-11
4.954699999999999704e+01 2.132968750000000000e+03 2.222714026722805158e-11 3.939277376519001450e-11
5.018699999999999761e+01 2.140312500000000000e+03 2.231740660330050474e-11 3.960463207386411000e-11
5.084400000000000119e+01 2.149375000000000000e+03 2.222897907411258700e-11 3.890701996689394093e-11
5.150000000000000000e+01 2.154375000000000000e+03 2.295179324374174712e-11 3.971088735621464139e-11
5.214000000000000057e+01 2.160156250000000000e+03 2.249059445624812525e-11 3.955612573602884652e-11
5.279699999999999704e+01 2.177812500000000000e+03 2.265741934348586284e-11 3.918396856983363818e-11
5.343699999999999761e+01 2.186250000000000000e+03 2.286826804309693983e-11 3.968753797822799356e-11
5.409400000000000119e+01 2.196093750000000000e+03 2.269017265743578093e-11 3.989142349780649965e-11
5.475000000000000000e+01 2.207968750000000000e+03 2.265701515291596024e-11 3.999275563493220886e-11
5.540599999999999881e+01 2.218125000000000000e+03 2.290204310917420827e-11 3.942899479136841023e-11
5.604699999999999704e+01 2.235625000000000000e+03 2.290695758078165056e-11 4.005047335442490919e-11
5.671900000000000119e+01 2.241250000000000000e+03 2.264043293120909794e-11 3.966298470214901783e-11
5.735900000000000176e+01 2.254843750000000000e+03 2.274790078526933712e-11 3.976675932992890239e-11
5.801500000000000057e+01 2.265156250000000000e+03 2.266806881090488446e-11 3.992395997132192065e-11
5.865599999999999881e+01 2.277968750000000000e+03 2.246479564871339818e-11 4.045580537237469798e-11
5.931199999999999761e+01 2.290000000000000000e+03 2.221546557823472767e-11 3.997433634106428713e-11
5.996900000000000119e+01 2.299843750000000000e+03 2.260604550774480970e-11 4.018005025918647277e-11
6.060900000000000176e+01 2.317656250000000000e+03 2.245619315499602919e-11 3.980053439600617082e-11
6.126500000000000057e+01 2.325781250000000000e+03 2.321040755426384550e-11 4.087830074439580130e-11
6.190599999999999881e+01 2.337968750000000000e+03 2.297542017748455123e-11 3.995529601619196569e-11
6.256199999999999761e+01 2.350781250000000000e+03 2.295161283250024553e-11 4.017514793064336232e-11
6.320300000000000296e+01 2.360468750000000000e+03 2.252866296292843629e-11 4.017085622476379569e-11
6.385900000000000176e+01 2.374375000000000000e+03 2.230328768892952951e-11 4.023225502747251880e-11
6.451500000000000057e+01 2.385781250000000000e+03 2.283817059078874223e-11 4.010760126793577740e-11
6.515600000000000591e+01 2.397968750000000000e+03 2.239049223806688360e-11 3.984106794474584490e-11
6.581199999999999761e+01 2.405312500000000000e+03 2.293696482746909737e-11 4.063818032085109166e-11
6.645300000000000296e+01 2.423125000000000000e+03 2.279273471350595770e-11 3.996697764407919351e-11
6.710899999999999466e+01 2.432343750000000000e+03 2.274298804838537080e-11 3.999153438960512119e-11
6.776500000000000057e+01 2.445156250000000000e+03 2.247552317868883875e-11 3.989142696725345161e-11
6.842199999999999704e+01 2.456250000000000000e+03 2.258823857126390777e-11 3.954691782381836163e-11
6.906199999999999761e+01 2.472656250000000000e+03 2.275650154426323013e-11 3.962675326762976624e-11
6.971899999999999409e+01 2.481718750000000000e+03 2.279948972672141139e-11 3.953217267427255877e-11
7.037500000000000000e+01 2.490000000000000000e+03 2.278536734290348420e-11 3.967341732913354235e-11
7.101500000000000057e+01 2.503437500000000000e+03 2.264474024959994836e-11 4.010022175426897206e-11
7.167199999999999704e+01 2.517031250000000000e+03 2.234750058616175039e-11 4.005355422331824400e-11
7.231199999999999761e+01 2.527187500000000000e+03 2.291002630661065353e-11 3.982879998032373692e-11
7.296899999999999409e+01 2.540000000000000000e+03 2.266868290301538025e-11 4.042508341961514873e-11
7.362500000000000000e+01 2.545468750000000000e+03 2.238188627490256266e-11 3.983921872952045362e-11
7.428100000000000591e+01 2.569687500000000000e+03 2.279273818295290965e-11 4.042016721328423046e-11
7.492199999999999704e+01 2.580625000000000000e+03 2.250410101323208067e-11 3.992335975699923267e-11
7.557800000000000296e+01 2.587656250000000000e+03 2.251761277438646403e-11 4.031455030917285853e-11
7.623399999999999466e+01 2.597968750000000000e+03 2.270859889019760658e-11 4.122036392772976399e-11
7.689000000000000057e+01 2.606093750000000000e+03 2.283625545607126384e-11 4.110675341784109094e-11
7.754699999999999704e+01 2.619687500000000000e+03 2.265579043814192062e-11 4.102261239036231188e-11
7.820300000000000296e+01 2.633437500000000000e+03 2.273004701125458382e-11 4.110367254894775613e-11
7.885899999999999466e+01 2.643437500000000000e+03 2.246909429348686871e-11 4.223610697295931971e-11
7.951500000000000057e+01 2.656562500000000000e+03 2.334052048857948591e-11 4.133274972284439741e-11
8.015600000000000591e+01 2.665000000000000000e+03 2.278352159712504488e-11 4.256772365152095006e-11
8.081199999999999761e+01 2.677031250000000000e+03 2.235179923093522092e-11 4.215012019970210133e-11
8.145300000000000296e+01 2.685625000000000000e+03 2.306171573152049348e-11 4.251366966800951275e-11
8.210899999999999466e+01 2.701562500000000000e+03 2.266962485786283565e-11 4.225945288149901558e-11
8.275000000000000000e+01 2.711406250000000000e+03 2.287563714842288931e-11 4.274888776301111193e-11
8.340600000000000591e+01 2.725312500000000000e+03 2.269525886666734493e-11 4.210530188397676454e-11
8.406199999999999761e+01 2.735000000000000000e+03 2.300582988001842466e-11 4.289259572520798258e-11
8.470300000000000296e+01 2.743437500000000000e+03 2.281913547008684873e-11 4.206660367267467393e-11
8.535899999999999466e+01 2.750312500000000000e+03 2.266962138841588370e-11 4.224531835461675655e-11
8.600000000000000000e+01 2.764531250000000000e+03 2.290449947761619143e-11 4.183017821013379489e-11
8.665600000000000591e+01 2.779843750000000000e+03 2.262200669844727230e-11 4.124677335792803490e-11
8.731199999999999761e+01 2.787031250000000000e+03 2.289118547493806943e-11 4.118535373853760007e-11
8.796899999999999409e+01 2.795312500000000000e+03 2.295485676540032216e-11 4.082241836234068444e-11
8.860899999999999466e+01 2.805468750000000000e+03 2.274851487737983291e-11 4.080276394535786721e-11
8.926500000000000057e+01 2.815312500000000000e+03 2.352413229489425106e-11 4.035139930524955787e-11
8.992199999999999704e+01 2.826093750000000000e+03 2.271050882074465704e-11 4.075609641440713915e-11
9.056199999999999761e+01 2.833125000000000000e+03 2.229775912521159142e-11 4.032253697605625575e-11
9.121899999999999409e+01 2.840312500000000000e+03 2.267174815939743127e-11 4.033728906449596252e-11
9.187500000000000000e+01 2.857812500000000000e+03 2.283080495490974471e-11 4.021075833415821421e-11
9.253100000000000591e+01 2.876406250000000000e+03 2.261218469412629162e-11 3.956533017879237946e-11
9.317199999999999704e+01 2.880468750000000000e+03 2.303462282027268770e-11 3.995285005609083839e-11
9.382800000000000296e+01 2.892343750000000000e+03 2.290449947761619143e-11 4.050860688553648004e-11
9.446899999999999409e+01 2.900781250000000000e+03 2.316673068658570145e-11 4.070635148401002823e-11
9.512500000000000000e+01 2.917187500000000000e+03 2.282405167641776700e-11 3.946707197166610115e-11
9.578100000000000591e+01 2.928437500000000000e+03 2.341060678645590087e-11 4.011498078160258274e-11
9.642199999999999704e+01 2.937656250000000000e+03 2.280317254466091015e-11 4.006091638975028957e-11
9.707800000000000296e+01 2.951093750000000000e+03 2.300775889252371087e-11 3.993501362931084486e-11
9.771899999999999409e+01 2.956406250000000000e+03 2.282773275963378978e-11 3.993134989332958185e-11
9.837500000000000000e+01 2.967500000000000000e+03 2.318637816467461477e-11 4.025988917244482934e-11
9.903100000000000591e+01 2.975156250000000000e+03 2.330489794200030218e-11 4.111658236105597553e-11
9.967199999999999704e+01 2.992031250000000000e+03 2.283633525335115877e-11 4.030717426495300515e-11
1.003280000000000030e+02 3.008125000000000000e+03 2.291187031766561688e-11 4.027218489244255295e-11
1.009689999999999941e+02 3.017968750000000000e+03 2.269877341642967394e-11 4.024148028691776346e-11
1.016250000000000000e+02 3.023125000000000000e+03 2.337060753254682766e-11 4.060380157100418330e-11
1.022810000000000059e+02 3.035312500000000000e+03 2.297634998926767480e-11 4.015242652255501810e-11
1.029369999999999976e+02 3.044531250000000000e+03 2.299723085574800763e-11 4.041957046840849443e-11
1.035780000000000030e+02 3.055156250000000000e+03 2.276632528330768679e-11 4.051229490764640673e-11
1.042500000000000000e+02 3.066093750000000000e+03 2.298494727881461586e-11 3.999399075804710435e-11
1.048900000000000006e+02 3.075000000000000000e+03 2.276849889182308573e-11 4.047788493277693078e-11
1.055469999999999970e+02 3.080625000000000000e+03 2.336938281777278803e-11 4.038516743243292240e-11
1.061869999999999976e+02 3.089218750000000000e+03 2.252620485976297715e-11 4.029367811630990559e-11
1.068439999999999941e+02 3.124687500000000000e+03 2.331043344461214417e-11 4.069774725556918327e-11
1.075000000000000000e+02 3.127968750000000000e+03 2.314891854593437159e-11 4.015855009642521622e-11
1.081400000000000006e+02 3.133593750000000000e+03 2.281913547008684873e-11 4.056509295136123683e-11
1.087969999999999970e+02 3.142968750000000000e+03 2.317716851774065390e-11 4.024823183068626520e-11
1.094530000000000030e+02 3.152343750000000000e+03 2.344859723057979295e-11 4.061116720688318082e-11
1.101089999999999947e+02 3.161093750000000000e+03 2.343877696098228824e-11 4.043000656483997091e-11
1.107500000000000000e+02 3.177187500000000000e+03 2.332516818581709117e-11 4.053499549905303923e-11
1.114060000000000059e+02 3.185000000000000000e+03 2.295362858117933058e-11 4.066214032150128332e-11
1.120469999999999970e+02 3.198437500000000000e+03 2.351738422057270128e-11 4.079049251148880728e-11
1.127030000000000030e+02 3.209062500000000000e+03 2.377469575376434108e-11 4.083346855088265670e-11
1.133589999999999947e+02 3.218125000000000000e+03 2.324594683411618234e-11 4.100788111860431684e-11
1.140000000000000000e+02 3.229375000000000000e+03 2.366391110841803425e-11 4.071801229521554433e-11
1.148439999999999941e+02 3.242656250000000000e+03 2.382996577843243813e-11 4.115095764145593193e-11
1.154839999999999947e+02 3.252500000000000000e+03 2.312066163523418538e-11 4.040605350308368315e-11
1.161400000000000006e+02 3.266875000000000000e+03 2.380601098195267440e-11 4.122220620406125136e-11
1.167969999999999970e+02 3.275625000000000000e+03 2.366968600286956104e-11 4.107297835176382250e-11
1.174369999999999976e+02 3.285468750000000000e+03 2.349282400559982165e-11 4.073829121264971320e-11
1.180939999999999941e+02 3.293437500000000000e+03 2.352966432805914110e-11 4.078739082591376075e-11
1.187339999999999947e+02 3.311406250000000000e+03 2.376056816577598596e-11 4.123694094526619836e-11
1.193900000000000006e+02 3.366875000000000000e+03 2.372986529497467245e-11 4.102567591202088693e-11
1.200469999999999970e+02 3.331875000000000000e+03 2.386926940822764465e-11 4.056633154392308427e-11
1.206869999999999976e+02 3.338906250000000000e+03 2.326252385165261671e-11 4.071003256722605101e-11
1.213439999999999941e+02 3.342656250000000000e+03 2.373232339814013159e-11 4.110061943563003695e-11
1.220000000000000000e+02 3.362656250000000000e+03 2.347316785389352845e-11 4.099069000895738668e-11
1.226560000000000059e+02 3.372187500000000000e+03 2.346027191957311686e-11 4.101095504860374774e-11
1.232969999999999970e+02 3.385937500000000000e+03 2.379208462188753259e-11 4.091145131002171809e-11
1.239530000000000030e+02 3.392656250000000000e+03 2.328853082600446101e-11 4.145985291192921807e-11
1.245939999999999941e+02 3.403281250000000000e+03 2.342649338404889647e-11 4.070574780024038830e-11
1.252500000000000000e+02 3.414531250000000000e+03 2.361993933774897414e-11 4.090655592037251154e-11
1.259060000000000059e+02 3.423750000000000000e+03 2.342894801776740366e-11 4.109815612829414988e-11
1.265619999999999976e+02 3.432968750000000000e+03 2.350325489786087019e-11 4.179639273571567060e-11
1.272030000000000030e+02 3.443593750000000000e+03 2.361072795609153729e-11 4.081565987967827880e-11
1.278589999999999947e+02 3.450312500000000000e+03 2.374951797723401370e-11 4.098576686373256450e-11
1.285149999999999864e+02 3.469375000000000000e+03 2.393928111299459260e-11 4.165393030497455129e-11
1.291719999999999970e+02 3.477968750000000000e+03 2.388523406837705920e-11 4.147030635559545431e-11
1.298280000000000030e+02 3.485312500000000000e+03 2.360104126020168280e-11 4.159987979091006594e-11
1.305000000000000000e+02 3.497500000000000000e+03 2.383180805476392550e-11 4.146233009705291295e-11
1.311560000000000059e+02 3.514375000000000000e+03 2.373108654030176012e-11 4.163980618643314813e-11
1.318120000000000118e+02 3.526406250000000000e+03 2.425001345562893817e-11 4.125474614702362430e-11
1.324840000000000089e+02 3.537500000000000000e+03 2.403507427806150787e-11 4.144942722383859746e-11
1.331399999999999864e+02 3.548437500000000000e+03 2.379681174335956939e-11 4.105640133422738813e-11
1.337969999999999970e+02 3.558593750000000000e+03 2.420457237417572571e-11 4.125536370858107205e-11
1.344530000000000030e+02 3.572656250000000000e+03 2.370836686693689188e-11 4.091638139414044417e-11
1.351250000000000000e+02 3.583906250000000000e+03 2.433169811466573407e-11 4.196405722911578096e-11
1.357810000000000059e+02 3.594531250000000000e+03 2.397367200590583280e-11 4.132537020917759207e-11
1.364530000000000030e+02 3.607968750000000000e+03 2.393497726405069415e-11 4.122096414205245196e-11
1.371090000000000089e+02 3.618437500000000000e+03 2.420887101894919624e-11 4.189220151329386965e-11
1.377649999999999864e+02 3.629375000000000000e+03 2.397428262856937664e-11 4.114114604547580711e-11
1.384219999999999970e+02 3.641093750000000000e+03 2.426817254097546339e-11 4.195177191745891321e-11
1.390780000000000030e+02 3.653593750000000000e+03 2.426107405251176630e-11 4.222687824406712309e-11
1.397340000000000089e+02 3.667968750000000000e+03 2.420703221206466083e-11 4.204327511136973783e-11
1.403750000000000000e+02 3.680625000000000000e+03 2.342526173038095294e-11 4.207460421734587896e-11
1.410310000000000059e+02 3.689375000000000000e+03 2.368687537779301522e-11 4.248480039992230672e-11
1.416719999999999970e+02 3.697500000000000000e+03 2.407069682464069160e-11 4.201378828172508406e-11
1.423439999999999941e+02 3.717812500000000000e+03 2.438635404722333533e-11 4.243324094876932406e-11
1.429840000000000089e+02 3.717656250000000000e+03 2.420703047734118485e-11 4.219495933210914984e-11
1.436399999999999864e+02 3.739375000000000000e+03 2.401849205635464557e-11 4.147153800926339784e-11
1.442969999999999970e+02 3.747656250000000000e+03 2.440968954742217534e-11 4.173806439355942643e-11
1.449530000000000030e+02 3.752187500000000000e+03 2.413267155554343901e-11 4.194439587323905982e-11
1.455939999999999941e+02 3.760156250000000000e+03 2.405473042976780107e-11 4.267766001708750423e-11
1.462500000000000000e+02 3.767343750000000000e+03 2.425492966195985645e-11 4.155751437417976035e-11
1.468899999999999864e+02 3.773125000000000000e+03 2.406762809881168863e-11 4.213907001116012907e-11
1.475469999999999970e+02 3.780000000000000000e+03 2.361011559870451748e-11 4.195054026379096968e-11
1.482030000000000030e+02 3.782500000000000000e+03 2.431573171979284353e-11 4.244243498319200114e-11
1.488439999999999941e+02 3.788906250000000000e+03 2.432310082511879301e-11 4.211879803261986410e-11
1.495000000000000000e+02 3.793593750000000000e+03 2.456014731866407175e-11 4.269054207362010800e-11
1.501399999999999864e+02 3.795312500000000000e+03 2.401788837258500564e-11 4.202239944905983293e-11
1.508120000000000118e+02 3.797500000000000000e+03 2.439740597048878357e-11 4.155751784362671231e-11
1.514530000000000030e+02 3.799375000000000000e+03 2.418368803824844093e-11 4.172578949024341455e-11
1.521090000000000089e+02 3.798281250000000000e+03 2.415728034277364600e-11 4.228215347290564807e-11
1.527500000000000000e+02 3.799375000000000000e+03 2.410153673859660728e-11 4.166066797095524521e-11
1.534060000000000059e+02 3.800312500000000000e+03 2.468174276071266604e-11 4.248542836982061033e-11
1.540469999999999970e+02 3.800000000000000000e+03 2.426536575839133292e-11 4.161216510256693368e-11
1.547030000000000030e+02 3.800468750000000000e+03 2.429791957914151368e-11 4.170613160381364537e-11
1.553590000000000089e+02 3.800000000000000000e+03 2.384839374591773975e-11 4.217715066090477194e-11
1.560000000000000000e+02 3.800000000000000000e+03 2.422177215744003576e-11 4.252535823479064447e-11
1.566719999999999970e+02 3.798281250000000000e+03 2.404735785499489964e-11 4.205493592257525393e-11
1.573120000000000118e+02 3.798593750000000000e+03 2.402402235479605963e-11 4.213047272161318801e-11
1.579689999999999941e+02 3.798125000000000000e+03 2.447969084384826743e-11 4.221153288019863226e-11
1.586090000000000089e+02 3.797343750000000000e+03 2.434520293692621351e-11 4.194562405746005140e-11
1.592649999999999864e+02 3.797187500000000000e+03 2.458900791313389789e-11 4.229873395988903440e-11
1.599060000000000059e+02 3.795468750000000000e+03 2.459759999851041101e-11 4.169260423014797823e-11
1.605620000000000118e+02 3.795000000000000000e+03 2.417816467870093078e-11 4.208502990543649958e-11
1.612189999999999941e+02 3.795000000000000000e+03 2.478675077688397010e-11 4.179273246918135953e-11
1.618590000000000089e+02 3.795312500000000000e+03 2.436301334285406739e-11 4.249588181348684657e-11
1.625149999999999864e+02 3.793906250000000000e+03 2.418492663081028837e-11 4.235033157495848855e-11
1.631560000000000059e+02 3.790625000000000000e+03 2.489379882786302289e-11 4.185536639500497813e-11
1.638280000000000030e+02 3.786562500000000000e+03 2.509196322941775747e-11 4.165084249718731257e-11
1.644689999999999941e+02 3.787500000000000000e+03 2.430467459235696737e-11 4.242524040409811903e-11
1.651250000000000000e+02 3.786093750000000000e+03 2.457918590881291721e-11 4.246334187052447362e-11
1.657810000000000059e+02 3.786406250000000000e+03 2.464856964368156156e-11 4.184737625867462896e-11
1.664370000000000118e+02 3.782656250000000000e+03 2.512328366177651873e-11 4.158942981669078165e-11
1.670780000000000030e+02 3.781718750000000000e+03 2.443670786556051411e-11 4.152250418498759643e-11
1.677340000000000089e+02 3.780156250000000000e+03 2.480762817391735098e-11 4.234788214541040929e-11
1.683750000000000000e+02 3.780312500000000000e+03 2.433046993044474249e-11 4.220908345065055300e-11
1.690310000000000059e+02 3.780312500000000000e+03 2.479411814748644360e-11 4.220356009110304285e-11
1.696870000000000118e+02 3.781875000000000000e+03 2.456813051610051701e-11 4.167665518250984746e-11
1.703280000000000030e+02 3.777656250000000000e+03 2.435441605330712633e-11 4.163672878698676527e-11
1.709840000000000089e+02 3.777343750000000000e+03 2.498879575485446480e-11 4.162383979156025759e-11
1.716399999999999864e+02 3.775312500000000000e+03 2.483219879723108647e-11 4.163120195799230316e-11
1.722969999999999970e+02 3.777968750000000000e+03 2.463076791137108756e-11 4.213293602894907508e-11
1.729530000000000030e+02 3.777343750000000000e+03 2.472227110528191218e-11 4.190879587806506379e-11
1.736090000000000089e+02 3.777343750000000000e+03 2.439740943993573552e-11 4.241910295244011309e-11
1.742649999999999864e+02 3.775000000000000000e+03 2.468296747548670567e-11 4.190447988605683349e-11
1.749060000000000059e+02 3.774687500000000000e+03 2.489013335715828390e-11 4.174788292843345516e-11
1.755780000000000030e+02 3.775156250000000000e+03 2.466760823383040702e-11 4.154400434774885298e-11
1.762189999999999941e+02 3.775000000000000000e+03 2.447846786379770379e-11 4.169814493693024815e-11
1.768750000000000000e+02 3.776093750000000000e+03 2.469709159402810883e-11 4.228891889446195762e-11
1.775149999999999864e+02 3.774843750000000000e+03 2.461111869855869827e-11 4.164348380020221896e-11
1.781719999999999970e+02 3.772656250000000000e+03 2.474682958553131584e-11 4.150715882111910560e-11
1.788280000000000030e+02 3.772343750000000000e+03 2.440845615903075583e-11 4.200950698418637330e-11
1.794689999999999941e+02 3.773437500000000000e+03 2.524549319593560881e-11 4.242464712866933496e-11
1.801250000000000000e+02 3.773593750000000000e+03 2.497282762525809829e-11 4.218207033668264216e-11
1.807649999999999864e+02 3.772812500000000000e+03 2.483403933883909787e-11 4.209178491865195326e-11
1.814219999999999970e+02 3.772968750000000000e+03 2.522891444367569846e-11 4.185413821078398655e-11
1.820620000000000118e+02 3.772500000000000000e+03 2.508337114404124435e-11 4.159068575648738886e-11
1.827189999999999941e+02 3.772500000000000000e+03 2.519452181604098229e-11 4.220661320442076203e-11
1.833750000000000000e+02 3.772656250000000000e+03 2.487149375340891311e-11 4.191676866716065319e-11
1.840310000000000059e+02 3.772812500000000000e+03 2.492247380692091951e-11 4.192843294781312125e-11
1.846719999999999970e+02 3.772656250000000000e+03 2.456813051610051701e-11 4.230856984199782289e-11
1.853280000000000030e+02 3.773125000000000000e+03 2.477630600683511375e-11 4.220294252954559511e-11
1.859840000000000089e+02 3.772343750000000000e+03 2.492492497119247474e-11 4.176017864843117877e-11
1.866250000000000000e+02 3.772187500000000000e+03 2.532901319240998816e-11 4.199721473363560165e-11
1.872810000000000059e+02 3.772343750000000000e+03 2.465409820739949964e-11 4.207705017744700626e-11
