Start time (s) =
1547810682
'Reltime', 'DEFAU[mV]', '44.00[A]', '28.00[A]'
0.000000000000000000e+00 2.100000000000000000e+03 2.008020485999573168e-11 3.373496273995080230e-11
6.410000000000000142e-01 2.100312500000000000e+03 1.990211120905804876e-11 3.336159126732241020e-11
1.296999999999999931e+00 2.099531250000000000e+03 1.963976030416869634e-11 3.322463831834099324e-11
1.937999999999999945e+00 2.100000000000000000e+03 1.985912302659986750e-11 3.367785911256859777e-11
2.608999999999999986e+00 2.100312500000000000e+03 1.993212886408635143e-11 3.303304504931325880e-11
3.250000000000000000e+00 2.099687500000000000e+03 2.029224878408175670e-11 3.348073554509944927e-11
3.906000000000000139e+00 2.100000000000000000e+03 1.982227749997012012e-11 3.341624546515653549e-11
4.562999999999999723e+00 2.100312500000000000e+03 1.974367197510318306e-11 3.329955755582147958e-11
5.219000000000000306e+00 2.099843750000000000e+03 1.993884050921490569e-11 3.314050076030916614e-11
5.858999999999999986e+00 2.100000000000000000e+03 2.012500235903935675e-11 3.328666509094801995e-11
6.516000000000000014e+00 2.100000000000000000e+03 2.013116930099645430e-11 3.305637361061819490e-11
7.155999999999999694e+00 2.100156250000000000e+03 2.018030360873002138e-11 3.364960046714493558e-11
7.812999999999999723e+00 2.100000000000000000e+03 1.989795134216265637e-11 3.416667990197019833e-11
8.468999999999999417e+00 2.100000000000000000e+03 2.020793775370233192e-11 3.378530441522364924e-11
9.108999999999999986e+00 2.100000000000000000e+03 1.969023902259614545e-11 3.338245999073841119e-11
9.766000000000000014e+00 2.099375000000000000e+03 1.963681300898301174e-11 3.355379515901368848e-11
1.040600000000000058e+01 2.100468750000000000e+03 1.993834611302425230e-11 3.341685608782007932e-11
1.106300000000000061e+01 2.100000000000000000e+03 2.017382441654724801e-11 3.290714228887381410e-11
1.171899999999999942e+01 2.100000000000000000e+03 1.990149711694755297e-11 3.363362713337814114e-11
1.235899999999999999e+01 2.100312500000000000e+03 2.005993635090241867e-11 3.387374755692285078e-11
1.301600000000000001e+01 2.100000000000000000e+03 1.982657614474359065e-11 3.369872436653764680e-11
1.365600000000000058e+01 2.100000000000000000e+03 1.999483738301943703e-11 3.385594235516542483e-11
1.431300000000000061e+01 2.100468750000000000e+03 1.947959675507870969e-11 3.320805436191065496e-11
1.496899999999999942e+01 2.100000000000000000e+03 2.005932052406844690e-11 3.345431570656032250e-11
1.562500000000000000e+01 2.100000000000000000e+03 2.006055738190681836e-11 3.320374530879632857e-11
1.626599999999999824e+01 2.099531250000000000e+03 2.002247499743869952e-11 3.276835053300786171e-11
1.692200000000000060e+01 2.100468750000000000e+03 1.959628813386071755e-11 3.326455777497017152e-11
1.757799999999999940e+01 2.101093750000000000e+03 1.992667315875440437e-11 3.351265445705742252e-11
1.821900000000000119e+01 2.102031250000000000e+03 2.015327661697430273e-11 3.312514498809981944e-11
1.887500000000000000e+01 2.101562500000000000e+03 1.984315489700350099e-11 3.349914790007346710e-11
1.953099999999999881e+01 2.101562500000000000e+03 1.966322243918128265e-11 3.366311049357584295e-11
2.018799999999999883e+01 2.100781250000000000e+03 1.978358275811498146e-11 3.286109578892748573e-11
2.082799999999999940e+01 2.100625000000000000e+03 1.988921700946111315e-11 3.329832590215353605e-11
2.148400000000000176e+01 2.101250000000000000e+03 1.975166037671005625e-11 3.350833846504919222e-11
2.212500000000000000e+01 2.100156250000000000e+03 1.942433887347494448e-11 3.368645640211553882e-11
2.278099999999999881e+01 2.101562500000000000e+03 2.006362957718277329e-11 3.334130541099433742e-11
2.343799999999999883e+01 2.100625000000000000e+03 1.943476803101251704e-11 3.296977968414438465e-11
2.407799999999999940e+01 2.100000000000000000e+03 1.983456281162698787e-11 3.323384969999843008e-11
2.473400000000000176e+01 2.100000000000000000e+03 1.984484451766910240e-11 3.264922013301863046e-11
2.537500000000000000e+01 2.100000000000000000e+03 2.001572345367019778e-11 3.372390214306797418e-11
2.604700000000000060e+01 2.100000000000000000e+03 1.996475207377557126e-11 3.361705011584170677e-11
2.670299999999999940e+01 2.099843750000000000e+03 1.975657137887054660e-11 3.349729521540112387e-11
2.734400000000000119e+01 2.099687500000000000e+03 2.023188734601166772e-11 3.306004775494031378e-11
2.801599999999999824e+01 2.099843750000000000e+03 1.999545494457688477e-11 3.342054410993000602e-11
2.865599999999999881e+01 2.100000000000000000e+03 1.956926287682847487e-11 3.357776209855778404e-11
2.931299999999999883e+01 2.099062500000000000e+03 1.983640335323499926e-11 3.357284936167381773e-11
2.995299999999999940e+01 2.099843750000000000e+03 2.004748450579185715e-11 3.332227549446287185e-11
3.060900000000000176e+01 2.100000000000000000e+03 1.991009787594144598e-11 3.387744251792668138e-11
3.126599999999999824e+01 2.100625000000000000e+03 2.021838078902771230e-11 3.370487222653650861e-11
3.190599999999999881e+01 2.100781250000000000e+03 1.997424621535959233e-11 3.315218585764334591e-11
3.256300000000000239e+01 2.100156250000000000e+03 1.970988997013201072e-11 3.381112403944008804e-11
3.320300000000000296e+01 2.099218750000000000e+03 2.010416139119897139e-11 3.313006813332464162e-11
3.385900000000000176e+01 2.100000000000000000e+03 1.987386817614567036e-11 3.325718520019727009e-11
3.451599999999999824e+01 2.101093750000000000e+03 1.986526394770482540e-11 3.294214553917207411e-11
3.515599999999999881e+01 2.099687500000000000e+03 1.950969767683385925e-11 3.365450973458194994e-11
3.581300000000000239e+01 2.100000000000000000e+03 2.001326881995169060e-11 3.350467472906792921e-11
3.645300000000000296e+01 2.100000000000000000e+03 1.957356846049584931e-11 3.370365445065637289e-11
3.710900000000000176e+01 2.099687500000000000e+03 1.967857647666715337e-11 3.286293459581202114e-11
3.775000000000000000e+01 2.099218750000000000e+03 1.968348574410416774e-11 3.343526844279409715e-11
3.840599999999999881e+01 2.099843750000000000e+03 1.973323240922475463e-11 3.309811452689714883e-11
3.906300000000000239e+01 2.100000000000000000e+03 1.958830493642427228e-11 3.366005044136421986e-11
3.970300000000000296e+01 2.099843750000000000e+03 1.963129311888245354e-11 3.352431179881598666e-11
4.035900000000000176e+01 2.100000000000000000e+03 1.974121040249077197e-11 3.316937002839637216e-11
4.100000000000000000e+01 2.100000000000000000e+03 1.973314567305095579e-11 3.355442312891199208e-11
4.165599999999999881e+01 2.099843750000000000e+03 1.973998221826978039e-11 3.305576298795465107e-11
4.231300000000000239e+01 2.100312500000000000e+03 1.989842839111855000e-11 3.303610857097183384e-11
4.296900000000000119e+01 2.099531250000000000e+03 1.991009267177101805e-11 3.364222095347813024e-11
4.360900000000000176e+01 2.100156250000000000e+03 1.957690259901667673e-11 3.294091041605717862e-11
4.425000000000000000e+01 2.100000000000000000e+03 1.953364033024929114e-11 3.295995074092950006e-11
4.490599999999999881e+01 2.100000000000000000e+03 2.010537916707910711e-11 3.319087366060458066e-11
4.556300000000000239e+01 2.100000000000000000e+03 2.011029884285697733e-11 3.312269208910478824e-11
4.620300000000000296e+01 2.099375000000000000e+03 1.979832617293730834e-11 3.321850086668298729e-11
4.685900000000000176e+01 2.100312500000000000e+03 1.982350568419111170e-11 3.335667159154453998e-11
4.750000000000000000e+01 2.099843750000000000e+03 1.979586633504837323e-11 3.367906994955482958e-11
4.815599999999999881e+01 2.100000000000000000e+03 1.963067555732500580e-11 3.361767461629305842e-11
4.881300000000000239e+01 2.100468750000000000e+03 1.992176389131739001e-11 3.325718866964422205e-11
4.945300000000000296e+01 2.102812500000000000e+03 2.010722144341059447e-11 3.372146312186075079e-11
5.010900000000000176e+01 2.110000000000000000e+03 2.023188734601166772e-11 3.349484231640609266e-11
5.076599999999999824e+01 2.114375000000000000e+03 1.986587803981532119e-11 3.305759138649833062e-11
5.142199999999999704e+01 2.121250000000000000e+03 1.995553722267118246e-11 3.373250290206186719e-11
5.207800000000000296e+01 2.125625000000000000e+03 1.982652063359235939e-11 3.346106725032882423e-11
5.271900000000000119e+01 2.134843750000000000e+03 1.977253430429648517e-11 3.321112135301618196e-11
5.337500000000000000e+01 2.142031250000000000e+03 1.996905071854904179e-11 3.317735322583281743e-11
5.403099999999999881e+01 2.150000000000000000e+03 1.990088822900748511e-11 3.352063418504691583e-11
5.467199999999999704e+01 2.154843750000000000e+03 1.991194015227293335e-11 3.371224133186245808e-11
5.532800000000000296e+01 2.167500000000000000e+03 2.005133732663200163e-11 3.321850433612993925e-11
5.598400000000000176e+01 2.179218750000000000e+03 1.952996271648022031e-11 3.342730259259241166e-11
5.664099999999999824e+01 2.188906250000000000e+03 1.986526915187525333e-11 3.350283939163034574e-11
5.728099999999999881e+01 2.195000000000000000e+03 1.994448529940573422e-11 3.376198279281261705e-11
5.793800000000000239e+01 2.210000000000000000e+03 1.979280281338979819e-11 3.350712068916905650e-11
5.857800000000000296e+01 2.215468750000000000e+03 1.966690178767382946e-11 3.319637967291733105e-11
5.923400000000000176e+01 2.235468750000000000e+03 2.009924345014457714e-11 3.401192869012525932e-11
5.989099999999999824e+01 2.243125000000000000e+03 1.980630937037375361e-11 3.346598345665974250e-11
6.053099999999999881e+01 2.256875000000000000e+03 1.978911132183291954e-11 3.291020927997934109e-11
6.118800000000000239e+01 2.264218750000000000e+03 1.925177552097867562e-11 3.365144274347642295e-11
6.182800000000000296e+01 2.277500000000000000e+03 2.004212941442151674e-11 3.456217256836424667e-11
6.248400000000000176e+01 2.291406250000000000e+03 2.029834633709981517e-11 3.492019173823024403e-11
6.314099999999999824e+01 2.300000000000000000e+03 1.975103934570565656e-11 3.436257875466530720e-11
6.378099999999999881e+01 2.315937500000000000e+03 2.048060332437984243e-11 3.478877949603109698e-11
6.443800000000000239e+01 2.326250000000000000e+03 2.057517697884314600e-11 3.437486753576912690e-11
6.509399999999999409e+01 2.338906250000000000e+03 2.033996929218240268e-11 3.482562502266084437e-11
6.575000000000000000e+01 2.350156250000000000e+03 1.990457104694698387e-11 3.437487447466303081e-11
6.640600000000000591e+01 2.360312500000000000e+03 2.052052104628554474e-11 3.454988725670737892e-11
6.706300000000000239e+01 2.373281250000000000e+03 2.034488896796027291e-11 3.481151131246029706e-11
6.771899999999999409e+01 2.385937500000000000e+03 2.018398295722256819e-11 3.465613213071705445e-11
6.837500000000000000e+01 2.399375000000000000e+03 2.043024603659571170e-11 3.500863487992944556e-11
6.901600000000000534e+01 2.405781250000000000e+03 2.015205190220026310e-11 3.502398718269184030e-11
6.967199999999999704e+01 2.423125000000000000e+03 1.978604259600391657e-11 3.516092625388544946e-11
7.032800000000000296e+01 2.432031250000000000e+03 2.045419215945809555e-11 3.569889175936147296e-11
7.096899999999999409e+01 2.445625000000000000e+03 2.033506175946886430e-11 3.529910738708785800e-11
7.162500000000000000e+01 2.460781250000000000e+03 2.022815248636788965e-11 3.492880290556499290e-11
7.226600000000000534e+01 2.473281250000000000e+03 2.030742934922002974e-11 3.453392086183448839e-11
7.293800000000000239e+01 2.482187500000000000e+03 2.016126675330465190e-11 3.492326219878272298e-11
7.357800000000000296e+01 2.491250000000000000e+03 2.082266130354337719e-11 3.518917449096825578e-11
7.423399999999999466e+01 2.505625000000000000e+03 2.048060505910331841e-11 3.451243457686103966e-11
7.487500000000000000e+01 2.519218750000000000e+03 2.025891780721433832e-11 3.484404778597571806e-11
7.553100000000000591e+01 2.530781250000000000e+03 2.033199129891638535e-11 3.486062827295910438e-11
7.618800000000000239e+01 2.540937500000000000e+03 1.996966654538301356e-11 3.510872842449330733e-11
7.682800000000000296e+01 2.545156250000000000e+03 1.992053917654335038e-11 3.468745429779929168e-11
7.748399999999999466e+01 2.573437500000000000e+03 2.054938164075537088e-11 3.519777524996214879e-11
7.812500000000000000e+01 2.583281250000000000e+03 2.059315218350121768e-11 3.536665404979544292e-11
7.878100000000000591e+01 2.589531250000000000e+03 2.003844139231159005e-11 3.548638813355431409e-11
7.943800000000000239e+01 2.599531250000000000e+03 2.027425970163587721e-11 3.585364297120641197e-11
8.007800000000000296e+01 2.607968750000000000e+03 2.066791009169843818e-11 3.566756959227923574e-11
8.073399999999999466e+01 2.620312500000000000e+03 2.034734533640225607e-11 3.624360533915904625e-11
8.139100000000000534e+01 2.632968750000000000e+03 2.058009318517406427e-11 3.632465855885058659e-11
8.204699999999999704e+01 2.643281250000000000e+03 2.005441125663143254e-11 3.660532293947582616e-11
8.268800000000000239e+01 2.655781250000000000e+03 2.033557523761775343e-11 3.648863849958772221e-11
8.334399999999999409e+01 2.667656250000000000e+03 2.033690056635339971e-11 3.678647664262513217e-11
8.398399999999999466e+01 2.677500000000000000e+03 2.038664029258008270e-11 3.702228107416161151e-11
8.464100000000000534e+01 2.688593750000000000e+03 2.011279337521543198e-11 3.701124476340744707e-11
8.529699999999999704e+01 2.700000000000000000e+03 2.023496127601109862e-11 3.763456907224238535e-11
8.593800000000000239e+01 2.710781250000000000e+03 2.014959379903480396e-11 3.700632161818262489e-11
8.659399999999999409e+01 2.723750000000000000e+03 2.043086186342968347e-11 3.792749794784278095e-11
8.723399999999999466e+01 2.743593750000000000e+03 2.026075140992844581e-11 3.778440060830945413e-11
8.789100000000000534e+01 2.743125000000000000e+03 2.071150889682016327e-11 3.711810372952761838e-11
8.854699999999999704e+01 2.748750000000000000e+03 2.046647053222105939e-11 3.686139588010561852e-11
8.920300000000000296e+01 2.762812500000000000e+03 2.006915293673028344e-11 3.659672911937583706e-11
8.984399999999999409e+01 2.773906250000000000e+03 2.009431683547280301e-11 3.537772158557217494e-11
9.050000000000000000e+01 2.786093750000000000e+03 2.056167042185919058e-11 3.552387203842322094e-11
9.114100000000000534e+01 2.794843750000000000e+03 2.052481795633553929e-11 3.543235843617154046e-11
9.179699999999999704e+01 2.805781250000000000e+03 2.037129492871159187e-11 3.543667789762672271e-11
9.245300000000000296e+01 2.814843750000000000e+03 2.046741942596241870e-11 3.509399021384140838e-11
9.309399999999999409e+01 2.824218750000000000e+03 2.014223163260275840e-11 3.476175250427537833e-11
9.375000000000000000e+01 2.832812500000000000e+03 2.036515227288315799e-11 3.529111031186360492e-11
9.440600000000000591e+01 2.840937500000000000e+03 2.054877101809182705e-11 3.469481993367828920e-11
9.506300000000000239e+01 2.861718750000000000e+03 2.057272407984811480e-11 3.453638069972342350e-11
9.570300000000000296e+01 2.872500000000000000e+03 2.081836092404643068e-11 3.507986956474695717e-11
9.635899999999999466e+01 2.880156250000000000e+03 2.052113513839604053e-11 3.476727586382288848e-11
9.700000000000000000e+01 2.890468750000000000e+03 2.047692744533424758e-11 3.491221894913465462e-11
9.765600000000000591e+01 2.898281250000000000e+03 2.051744885100958982e-11 3.469114578935617033e-11
9.831300000000000239e+01 2.916093750000000000e+03 2.058705289575968322e-11 3.444119642259657610e-11
9.895300000000000296e+01 2.926562500000000000e+03 2.076309089937833363e-11 3.501170187103497256e-11
9.960899999999999466e+01 2.936093750000000000e+03 2.060895724909084237e-11 3.467333017925788852e-11
1.002500000000000000e+02 2.947187500000000000e+03 2.071519518420661399e-11 3.489011163315680619e-11
1.009060000000000059e+02 2.955625000000000000e+03 2.028347628746374198e-11 3.439820650541491887e-11
1.015630000000000024e+02 2.965312500000000000e+03 2.070414326094116575e-11 3.507988344253476498e-11
1.022030000000000030e+02 2.973750000000000000e+03 2.062793685864150461e-11 3.369689943744091920e-11
1.028589999999999947e+02 2.990156250000000000e+03 1.898117774068452945e-11 3.392778766264648027e-11
1.035000000000000000e+02 3.006562500000000000e+03 1.944950971111136795e-11 3.445779078736777024e-11
1.041560000000000059e+02 3.018281250000000000e+03 2.034961608943230971e-11 3.387436164903334657e-11
1.048130000000000024e+02 3.022500000000000000e+03 2.030810762609913667e-11 3.407762960705440491e-11
1.054530000000000030e+02 3.035312500000000000e+03 2.034057991484594652e-11 3.363056708116651805e-11
1.061089999999999947e+02 3.043281250000000000e+03 2.002001862899671636e-11 3.387742517069192161e-11
1.067660000000000053e+02 3.055625000000000000e+03 2.008450003532225026e-11 3.396218375972814840e-11
1.074219999999999970e+02 3.064062500000000000e+03 1.999852540512936372e-11 3.391428457510947680e-11
1.080780000000000030e+02 3.073125000000000000e+03 1.976884801691003446e-11 3.312269902799869215e-11
1.087339999999999947e+02 3.079843750000000000e+03 1.960242385079524752e-11 3.324182595854097144e-11
1.093910000000000053e+02 3.090937500000000000e+03 1.998439781714100860e-11 3.353169131248279200e-11
1.100310000000000059e+02 3.125312500000000000e+03 2.033813048529786727e-11 3.377120111336395780e-11
1.106880000000000024e+02 3.128125000000000000e+03 1.998035070727155471e-11 3.304775897383649408e-11
1.113280000000000030e+02 3.134531250000000000e+03 1.985851066921284769e-11 3.378163720979543427e-11
1.119839999999999947e+02 3.141093750000000000e+03 1.976577755635755551e-11 3.336588991209588073e-11
1.126410000000000053e+02 3.150781250000000000e+03 1.991381191890351232e-11 3.357836578232742397e-11
1.132969999999999970e+02 3.162031250000000000e+03 1.994570827945629787e-11 3.393332836942875019e-11
1.139380000000000024e+02 3.175000000000000000e+03 2.011275000712853256e-11 3.357775169021692818e-11
1.145939999999999941e+02 3.183750000000000000e+03 2.006607206783694863e-11 3.320130975703605714e-11
1.152500000000000000e+02 3.197343750000000000e+03 2.002739293849309377e-11 3.317918856327040089e-11
1.158910000000000053e+02 3.208125000000000000e+03 2.054631291492636791e-11 3.425083480723678520e-11
1.165469999999999970e+02 3.225156250000000000e+03 2.023987227817158896e-11 3.384673444295493994e-11
1.171880000000000024e+02 3.229531250000000000e+03 2.009387274626295294e-11 3.402789161555119790e-11
1.178439999999999941e+02 3.237812500000000000e+03 2.013731889571879208e-11 3.360355049775165526e-11
1.185000000000000000e+02 3.247968750000000000e+03 2.015021483003920366e-11 3.359064415509038781e-11
1.191560000000000059e+02 3.255625000000000000e+03 1.989044519368210473e-11 3.383567037662515986e-11
1.197969999999999970e+02 3.272500000000000000e+03 2.016985536923421307e-11 3.411508575634769613e-11
1.204689999999999941e+02 3.282343750000000000e+03 2.015758220064167716e-11 3.435522005768021359e-11
1.211089999999999947e+02 3.292187500000000000e+03 2.072072374792455207e-11 3.394621736485525787e-11
1.217660000000000053e+02 3.307187500000000000e+03 2.035900614760777216e-11 3.430116607416877628e-11
1.224219999999999970e+02 3.317343750000000000e+03 2.064518347943966603e-11 3.442276672038779850e-11
1.230780000000000030e+02 3.325937500000000000e+03 2.078336287791859860e-11 3.437856249677295750e-11
1.237189999999999941e+02 3.335937500000000000e+03 2.004335412919555637e-11 3.384120067506657392e-11
1.243750000000000000e+02 3.341562500000000000e+03 2.028186472935455953e-11 3.432388748225712050e-11
1.250160000000000053e+02 3.358750000000000000e+03 2.021407347063686188e-11 3.371593282341933673e-11
1.256719999999999970e+02 3.368593750000000000e+03 2.022144778013323929e-11 3.380988891632519255e-11
1.263280000000000030e+02 3.380312500000000000e+03 2.016003856908366032e-11 3.386207633737647882e-11
1.269839999999999947e+02 3.390312500000000000e+03 2.030926121721066124e-11 3.441601517661929677e-11
1.276410000000000053e+02 3.400468750000000000e+03 2.024969775193952159e-11 3.429872011406764898e-11
1.282969999999999970e+02 3.412031250000000000e+03 2.063782131300762046e-11 3.404754256308706317e-11
1.289689999999999941e+02 3.421093750000000000e+03 2.028532376796565728e-11 3.395666040018063825e-11
1.296090000000000089e+02 3.431093750000000000e+03 2.053333371387910944e-11 3.462419934097127339e-11
1.302659999999999911e+02 3.438437500000000000e+03 1.992298860609142963e-11 3.421028738070930331e-11
1.309060000000000059e+02 3.449218750000000000e+03 2.052604614055653087e-11 3.478078589025379586e-11
1.315629999999999882e+02 3.459531250000000000e+03 2.040882740583782606e-11 3.429442146929417845e-11
1.322030000000000030e+02 3.474843750000000000e+03 2.076003258189018652e-11 3.478387369804103457e-11
1.328590000000000089e+02 3.482968750000000000e+03 2.024969601721604562e-11 3.438160520174982082e-11
1.335159999999999911e+02 3.494062500000000000e+03 2.056964841512520792e-11 3.472920215297214952e-11
1.341719999999999970e+02 3.509531250000000000e+03 1.992114806448341824e-11 3.479984356236087706e-11
1.348280000000000030e+02 3.519531250000000000e+03 2.096944146101620277e-11 3.569028753092062800e-11
1.354689999999999941e+02 3.530000000000000000e+03 2.131395580862172068e-11 3.599428741174470758e-11
1.361250000000000000e+02 3.543125000000000000e+03 2.127158171827403521e-11 3.632220912930250734e-11
1.367810000000000059e+02 3.560625000000000000e+03 2.151538842920519556e-11 3.563931441630252550e-11
1.374379999999999882e+02 3.575312500000000000e+03 2.147729910584317281e-11 3.623500804961210520e-11
1.380780000000000030e+02 3.582812500000000000e+03 2.124990114427127708e-11 3.640818896366582180e-11
1.387340000000000089e+02 3.590000000000000000e+03 2.178068489455675660e-11 3.605630377601087844e-11
1.393750000000000000e+02 3.599062500000000000e+03 2.163513639075187456e-11 3.571241219413323620e-11
1.400310000000000059e+02 3.613125000000000000e+03 2.088735261140950428e-11 3.634063189261738103e-11
1.406719999999999970e+02 3.630781250000000000e+03 2.142941032956535707e-11 3.639958820467192879e-11
1.413280000000000030e+02 3.642343750000000000e+03 2.138764512715773947e-11 3.619447450087243112e-11
1.419840000000000089e+02 3.651875000000000000e+03 2.151415504081377605e-11 3.641618256944312293e-11
1.426250000000000000e+02 3.658125000000000000e+03 2.134895558947302874e-11 3.583030747100757196e-11
1.432810000000000059e+02 3.673281250000000000e+03 2.135755287901996979e-11 3.588495126050084139e-11
1.439219999999999970e+02 3.685312500000000000e+03 2.185989930736376152e-11 3.663663469821720753e-11
1.445780000000000030e+02 3.698281250000000000e+03 2.115408542779917411e-11 3.619755190031881398e-11
1.452340000000000089e+02 3.705000000000000000e+03 2.120954974149658057e-11 3.713530871696235636e-11
1.458750000000000000e+02 3.711406250000000000e+03 2.157556772131030698e-11 3.676744325664671464e-11
1.465310000000000059e+02 3.720000000000000000e+03 2.178865594892887003e-11 3.561845263178042842e-11
1.471719999999999970e+02 3.741093750000000000e+03 2.090003864418932267e-11 3.544466803395707188e-11
1.478280000000000030e+02 3.751875000000000000e+03 2.057395052934563040e-11 3.511179541559883432e-11
1.484840000000000089e+02 3.762812500000000000e+03 2.073055269113943666e-11 3.496441677852679675e-11
1.491409999999999911e+02 3.770312500000000000e+03 2.112967439904522848e-11 3.535929882225730125e-11
1.497969999999999970e+02 3.773437500000000000e+03 2.093074151499063618e-11 3.500740322626150203e-11
1.504530000000000030e+02 3.775625000000000000e+03 2.094118628503949253e-11 3.517997351765167480e-11
1.511090000000000089e+02 3.780625000000000000e+03 2.079809761912354560e-11 3.523891595191841475e-11
1.517500000000000000e+02 3.788281250000000000e+03 2.046218056106496874e-11 3.509951704283587048e-11
1.524060000000000059e+02 3.793281250000000000e+03 2.107997283673501698e-11 3.461374936675198910e-11
1.530629999999999882e+02 3.795156250000000000e+03 2.106802406143248874e-11 3.510505081072423650e-11
1.537030000000000030e+02 3.795156250000000000e+03 2.039585167423751955e-11 3.527146977266859551e-11
1.543590000000000089e+02 3.797343750000000000e+03 2.115591556106632964e-11 3.497239303706933811e-11
1.550000000000000000e+02 3.798437500000000000e+03 2.090802357634924391e-11 3.498774880927868480e-11
1.556560000000000059e+02 3.799375000000000000e+03 2.147977282151991574e-11 3.557545924515181923e-11
1.563129999999999882e+02 3.799843750000000000e+03 2.114797399699330782e-11 3.562089165298765181e-11
1.569530000000000030e+02 3.800000000000000000e+03 2.153983241770518475e-11 3.517137275865778179e-11
1.576090000000000089e+02 3.800468750000000000e+03 2.136492371906939525e-11 3.412736759855761193e-11
1.582659999999999911e+02 3.800000000000000000e+03 2.103872978609366839e-11 3.501109818726533263e-11
1.589219999999999970e+02 3.799375000000000000e+03 2.114814573461742953e-11 3.442399490460879008e-11
1.595629999999999882e+02 3.799062500000000000e+03 2.088653035248189127e-11 3.463033679262927933e-11
1.602189999999999941e+02 3.799687500000000000e+03 2.058561480999809845e-11 3.490976605013962342e-11
1.608590000000000089e+02 3.797500000000000000e+03 2.077907117203903198e-11 3.519776484162129293e-11
1.615310000000000059e+02 3.797343750000000000e+03 2.114919524232039549e-11 3.511979596027003936e-11
1.621719999999999970e+02 3.797031250000000000e+03 2.133236989831921449e-11 3.501660766902503497e-11
1.628280000000000030e+02 3.795000000000000000e+03 2.163144663391847189e-11 3.537341600190480051e-11
1.634840000000000089e+02 3.795000000000000000e+03 2.131764209600817139e-11 3.458795749811116593e-11
1.641409999999999911e+02 3.795625000000000000e+03 2.116779494742981882e-11 3.509827151138011914e-11
1.647969999999999970e+02 3.793750000000000000e+03 2.141221401574799899e-11 3.502704723490346339e-11
1.654379999999999882e+02 3.792343750000000000e+03 2.107321782351956330e-11 3.477281310115820645e-11
1.660939999999999941e+02 3.790156250000000000e+03 2.133544556304212136e-11 3.486860800094859769e-11
1.667500000000000000e+02 3.788593750000000000e+03 2.063659139406315290e-11 3.470218556955728673e-11
1.673909999999999911e+02 3.786718750000000000e+03 2.102777847678982681e-11 3.471999424076166463e-11
1.680469999999999970e+02 3.785000000000000000e+03 2.139071558771021841e-11 3.472367879342463937e-11
1.687030000000000030e+02 3.784687500000000000e+03 2.158109281558129311e-11 3.480596019733717128e-11
1.693590000000000089e+02 3.782500000000000000e+03 2.109348633261287631e-11 3.482502133889120444e-11
1.700000000000000000e+02 3.782031250000000000e+03 2.128693749048338191e-11 3.493370523410810335e-11
1.706560000000000059e+02 3.781562500000000000e+03 2.087608037826260698e-11 3.453330676972399260e-11
1.712969999999999970e+02 3.782500000000000000e+03 2.105233869176270645e-11 3.449092400575892725e-11
1.719530000000000030e+02 3.780937500000000000e+03 2.136492545379287122e-11 3.394806311063369719e-11
1.726090000000000089e+02 3.781562500000000000e+03 2.117823451330824724e-11 3.459041733600010105e-11
1.732500000000000000e+02 3.777968750000000000e+03 2.103391419372435678e-11 3.483544702698182505e-11
1.739060000000000059e+02 3.776718750000000000e+03 2.139579138860092655e-11 3.490483249657394538e-11
1.745469999999999970e+02 3.777187500000000000e+03 2.111498129120370493e-11 3.512838631092307651e-11
1.752030000000000030e+02 3.777968750000000000e+03 2.135061918928649050e-11 3.479799781658243774e-11
1.758590000000000089e+02 3.777187500000000000e+03 2.161977194492514798e-11 3.527145589488078770e-11
1.765000000000000000e+02 3.777031250000000000e+03 2.158170517296831292e-11 3.518180885508925826e-11
1.771560000000000059e+02 3.775000000000000000e+03 2.128877456264444135e-11 3.535866738291204570e-11
1.778129999999999882e+02 3.774218750000000000e+03 2.129184155374996834e-11 3.534883843969716111e-11
1.784689999999999941e+02 3.774062500000000000e+03 2.134588339419707381e-11 3.465612519182315054e-11
1.791090000000000089e+02 3.775468750000000000e+03 2.136098763150240387e-11 3.494169537043845253e-11
1.797659999999999911e+02 3.774687500000000000e+03 2.158907427829426240e-11 3.486800084773200581e-11
1.804060000000000059e+02 3.772343750000000000e+03 2.177207893139243566e-11 3.556009653404856863e-11
1.810629999999999882e+02 3.773281250000000000e+03 2.220686655396431064e-11 3.582109261990318316e-11
1.817189999999999941e+02 3.773437500000000000e+03 2.141405108790905842e-11 3.491283304124515041e-11
1.823590000000000089e+02 3.772812500000000000e+03 2.151353574453285233e-11 3.529173828176190852e-11
1.830159999999999911e+02 3.774375000000000000e+03 2.152827395518475129e-11 3.498958414671626826e-11
1.836560000000000059e+02 3.773437500000000000e+03 2.162101227221047139e-11 3.521375552262284714e-11
1.843129999999999882e+02 3.772968750000000000e+03 2.175979708918251987e-11 3.579837815070874285e-11
1.849689999999999941e+02 3.774843750000000000e+03 2.128201781470551168e-11 3.535559345291261479e-11
1.856090000000000089e+02 3.772500000000000000e+03 2.154424208478111780e-11 3.549685198556140620e-11
1.862659999999999911e+02 3.772812500000000000e+03 2.179664955470617116e-11 3.550790217410337846e-11
1.869060000000000059e+02 3.772500000000000000e+03 2.178558722309986706e-11 3.529111725075750883e-11
1.875629999999999882e+02 3.772812500000000000e+03 2.172908727948730245e-11 3.539921480943952758e-11
1.882189999999999941e+02 3.771562500000000000e+03 2.185192304882122016e-11 3.508231552484808446e-11
1.888750000000000000e+02 3.773125000000000000e+03 2.153319363096262151e-11 3.498468528762010976e-11
1.895159999999999911e+02 3.772812500000000000e+03 2.208404986658862867e-11 3.562029490811191579e-11
1.901879999999999882e+02 3.772343750000000000e+03 2.178190440516036830e-11 3.586163657698371310e-11
1.908280000000000030e+02 3.772812500000000000e+03 2.154715642022075883e-11 3.562703951298651361e-11
1.914840000000000089e+02 3.772031250000000000e+03 2.162776034653202117e-11 3.528006706221553657e-11
1.921250000000000000e+02 3.772343750000000000e+03 2.188199968444770604e-11 3.545017751571677422e-11
1.927810000000000059e+02 3.772656250000000000e+03 2.147484447212466563e-11 3.471447782010805838e-11
1.934379999999999882e+02 3.772031250000000000e+03 2.149204945955940360e-11 3.541025805908759594e-11
1.940939999999999941e+02 3.771718750000000000e+03 2.151599731714526342e-11 3.564669392996933084e-11
1.947340000000000089e+02 3.772500000000000000e+03 2.216757159778648401e-11 3.534454673381759449e-11
1.953909999999999911e+02 3.772343750000000000e+03 2.177944630199490916e-11 3.564914335951741009e-11
1.960469999999999970e+02 3.772343750000000000e+03 2.190411046987250643e-11 3.590338443215657094e-11
1.967030000000000030e+02 3.771250000000000000e+03 2.133545076721254929e-11 3.566451300951456460e-11
1.973439999999999941e+02 3.770468750000000000e+03 2.197228163303144299e-11 3.564606942951797919e-11
1.980000000000000000e+02 3.772656250000000000e+03 2.143739352700180234e-11 3.521741925860411015e-11
1.986560000000000059e+02 3.772812500000000000e+03 2.186972304640821818e-11 3.622394398328232512e-11
1.992969999999999970e+02 3.772656250000000000e+03 2.198763046634688578e-11 3.547473773068965386e-11
1.999530000000000030e+02 3.772031250000000000e+03 2.212642048748936219e-11 3.555396949073141855e-11
2.005939999999999941e+02 3.772968750000000000e+03 2.225599565752744979e-11 3.596726041998898893e-11
2.012500000000000000e+02 3.772343750000000000e+03 2.211230157311838695e-11 3.524751671091230776e-11
2.019060000000000059e+02 3.772343750000000000e+03 2.164188966924385227e-11 3.521128874584000812e-11
2.025469999999999970e+02 3.772187500000000000e+03 2.172479904305468779e-11 3.544155940948812145e-11
2.032030000000000030e+02 3.771250000000000000e+03 2.250543154613815489e-11 3.524383562769628497e-11
2.038439999999999941e+02 3.771562500000000000e+03 2.197595924680051382e-11 3.533349654527562222e-11
2.045159999999999911e+02 3.772343750000000000e+03 2.164249682246044415e-11 3.587638172652951596e-11
2.051560000000000059e+02 3.771718750000000000e+03 2.184146960515498392e-11 3.567493522815823326e-11
2.058129999999999882e+02 3.772968750000000000e+03 2.188015567339274270e-11 3.503872886279069121e-11
2.064689999999999941e+02 3.772656250000000000e+03 2.213194731648382430e-11 3.534700310225957764e-11
2.071250000000000000e+02 3.772500000000000000e+03 2.207298926970580055e-11 3.572100254478627335e-11
2.077810000000000059e+02 3.770937500000000000e+03 2.153932761317367550e-11 3.563133815775998414e-11
2.084219999999999970e+02 3.770937500000000000e+03 2.170882397456441737e-11 3.544527518717366377e-11
2.090780000000000030e+02 3.771562500000000000e+03 2.197044282614690758e-11 3.545140223049081385e-11
2.097340000000000089e+02 3.772343750000000000e+03 2.163268002230989140e-11 3.514495985901255892e-11
2.103750000000000000e+02 3.772500000000000000e+03 2.185681843847042671e-11 3.541457058164887428e-11
2.110310000000000059e+02 3.772500000000000000e+03 2.184638581148590220e-11 3.506145027087903543e-11
2.116879999999999882e+02 3.770000000000000000e+03 2.172172511305525688e-11 3.537710055456777525e-11
2.123439999999999941e+02 3.770937500000000000e+03 2.166829216054821927e-11 3.559596020719091314e-11
2.130000000000000000e+02 3.772343750000000000e+03 2.185173743340929065e-11 3.503933948545423505e-11
2.136409999999999911e+02 3.772500000000000000e+03 2.200973431287778226e-11 3.540166076954065488e-11
2.142969999999999970e+02 3.772500000000000000e+03 2.211843902477639290e-11 3.586347191442129656e-11
2.149530000000000030e+02 3.772500000000000000e+03 2.190718093042498538e-11 3.515663107855893088e-11
2.155939999999999941e+02 3.772343750000000000e+03 2.209940216935102342e-11 3.542498586139863903e-11
2.162500000000000000e+02 3.772343750000000000e+03 2.185867459258972190e-11 3.575660600940722134e-11
2.168909999999999911e+02 3.772343750000000000e+03 2.226091880275227197e-11 3.546246282737364197e-11
2.175469999999999970e+02 3.772187500000000000e+03 2.231003749797455527e-11 3.525427866302166535e-11
2.182030000000000030e+02 3.772500000000000000e+03 2.239785787394588112e-11 3.569336839981396281e-11
2.188439999999999941e+02 3.773593750000000000e+03 2.189613594605344105e-11 3.555150618339553148e-11
2.195000000000000000e+02 3.772343750000000000e+03 2.220379782813530767e-11 3.545508331370683663e-11
2.201409999999999911e+02 3.772500000000000000e+03 2.189489908821506958e-11 3.539244938788321804e-11
2.207969999999999970e+02 3.771718750000000000e+03 2.155509451484682870e-11 3.564484471474393956e-11
2.214530000000000030e+02 3.771562500000000000e+03 2.219397408909085101e-11 3.534578532637944193e-11
2.221090000000000089e+02 3.772343750000000000e+03 2.272763748034645204e-11 3.619755190031881398e-11
2.227500000000000000e+02 3.772656250000000000e+03 2.227288145584260803e-11 3.533840234326568464e-11
2.234060000000000059e+02 3.772343750000000000e+03 2.216019902301358258e-11 3.547902249767531657e-11
2.240629999999999882e+02 3.772500000000000000e+03 2.233276064078637546e-11 3.567372092172504949e-11
2.247030000000000030e+02 3.772812500000000000e+03 2.207115393226821709e-11 3.533778478170823689e-11
2.253590000000000089e+02 3.772812500000000000e+03 2.226827403029041363e-11 3.574556275975915298e-11
2.260159999999999911e+02 3.772343750000000000e+03 2.228670026305223928e-11 3.553062011274477072e-11
2.266719999999999970e+02 3.772343750000000000e+03 2.180954722375005872e-11 3.625159200604244347e-11
2.273129999999999882e+02 3.772968750000000000e+03 2.203361972041850692e-11 3.640326581844099962e-11
2.279689999999999941e+02 3.772343750000000000e+03 2.193973301645169016e-11 3.535683204547446223e-11
2.286090000000000089e+02 3.771562500000000000e+03 2.243409277791208467e-11 3.533410716793916606e-11
2.292659999999999911e+02 3.771406250000000000e+03 2.235487142621117584e-11 3.590216665627643522e-11
2.299060000000000059e+02 3.772500000000000000e+03 2.216326948356606152e-11 3.567186823705270626e-11
2.305629999999999882e+02 3.772500000000000000e+03 2.260788604935282109e-11 3.559940189856725112e-11
2.312189999999999941e+02 3.772500000000000000e+03 2.213625290015119873e-11 3.554722141640986877e-11
2.318590000000000089e+02 3.772343750000000000e+03 2.202018602182054252e-11 3.593408903768136042e-11
2.325159999999999911e+02 3.772343750000000000e+03 2.205272943422986742e-11 3.572468362800229613e-11
2.331560000000000059e+02 3.772500000000000000e+03 2.231188324375299459e-11 3.598323375375578337e-11
2.338129999999999882e+02 3.772343750000000000e+03 2.248751358735479045e-11 3.663480629967352797e-11
2.344689999999999941e+02 3.772500000000000000e+03 2.200667773011311112e-11 3.569766704458743334e-11
2.351250000000000000e+02 3.772343750000000000e+03 2.230144888204499409e-11 3.571240178579238034e-11
2.357659999999999911e+02 3.772031250000000000e+03 2.231495370430547354e-11 3.614290811082554455e-11
2.364219999999999970e+02 3.772500000000000000e+03 2.218353105376547063e-11 3.562212677610254730e-11
2.370780000000000030e+02 3.772343750000000000e+03 2.260297678191580673e-11 3.570134465835650417e-11
2.377189999999999941e+02 3.772500000000000000e+03 2.256305732528662844e-11 3.566264644705441356e-11
2.383750000000000000e+02 3.772031250000000000e+03 2.229469213410606443e-11 3.621043395685141775e-11
2.390310000000000059e+02 3.771406250000000000e+03 2.287195433048339055e-11 3.589417651994608605e-11
2.396879999999999882e+02 3.772187500000000000e+03 2.233705928555984599e-11 3.590645142326209793e-11
2.403280000000000030e+02 3.772500000000000000e+03 2.263971649041351952e-11 3.565160666685329716e-11
2.409840000000000089e+02 3.772500000000000000e+03 2.234627240194075881e-11 3.579039148382534563e-11
2.416250000000000000e+02 3.771718750000000000e+03 2.250471163589562451e-11 3.576028709262324412e-11
2.422810000000000059e+02 3.772343750000000000e+03 2.216388531040003329e-11 3.570564677257692665e-11
2.429379999999999882e+02 3.772343750000000000e+03 2.232416682068638636e-11 3.641002083165645331e-11
2.435780000000000030e+02 3.771875000000000000e+03 2.214852606874373464e-11 3.592181760381230049e-11
2.442340000000000089e+02 3.772500000000000000e+03 2.244453060906703712e-11 3.582171018146063091e-11
2.448750000000000000e+02 3.772343750000000000e+03 2.262078371839670865e-11 3.614290464137859260e-11
