Start time (s) =
1547810078
'Reltime', 'DEFAU[mV]', '44.00[A]', '28.00[A]'
0.000000000000000000e+00 2.100000000000000000e+03 2.125315201606525761e-11 3.488457092637453627e-11
6.560000000000000275e-01 2.100000000000000000e+03 2.088735608085645623e-11 3.510873536338721124e-11
1.312000000000000055e+00 2.100312500000000000e+03 2.145150723720234964e-11 3.466964215714796183e-11
1.952999999999999847e+00 2.099687500000000000e+03 2.079871518068099334e-11 3.475315868417538923e-11
2.608999999999999986e+00 2.100000000000000000e+03 2.120534997596124072e-11 3.501475845379964369e-11
3.265000000000000124e+00 2.100312500000000000e+03 2.124578464546278411e-11 3.538630846677826014e-11
3.922000000000000153e+00 2.100312500000000000e+03 2.108205797435314111e-11 3.524259356568748558e-11
4.562000000000000277e+00 2.100000000000000000e+03 2.100382368031006308e-11 3.435829051823269253e-11
5.217999999999999972e+00 2.098437500000000000e+03 2.044130316403158787e-11 3.486062480351215243e-11
5.858999999999999986e+00 2.100781250000000000e+03 2.081897675088040245e-11 3.538140266878819773e-11
6.514999999999999680e+00 2.095937500000000000e+03 2.064703095994158133e-11 3.515295346478986005e-11
7.171999999999999709e+00 2.099843750000000000e+03 2.081038466550388932e-11 3.480105439934710887e-11
7.812000000000000277e+00 2.099531250000000000e+03 2.093627701760247817e-11 3.479430979447251104e-11
8.467999999999999972e+00 2.100000000000000000e+03 2.064027594672612764e-11 3.526287248312165445e-11
9.108999999999999986e+00 2.099843750000000000e+03 2.078090130530618751e-11 3.515540636378489125e-11
9.765000000000000568e+00 2.100000000000000000e+03 2.054509166959928024e-11 3.471324963588706680e-11
1.042200000000000060e+01 2.099843750000000000e+03 2.074466640133998396e-11 3.509767823595133507e-11
1.106199999999999939e+01 2.099843750000000000e+03 2.053894380960041843e-11 3.467700085413305544e-11
1.171799999999999997e+01 2.100000000000000000e+03 2.048736007231877210e-11 3.489502090059382056e-11
1.235899999999999999e+01 2.100000000000000000e+03 2.086442303650404284e-11 3.445654525591201889e-11
1.301500000000000057e+01 2.099375000000000000e+03 2.087514536230905549e-11 3.435951870245368411e-11
1.365600000000000058e+01 2.099375000000000000e+03 2.086074368801149603e-11 3.489317515481538123e-11
1.432799999999999940e+01 2.100312500000000000e+03 2.064026900783222374e-11 3.499450035304718654e-11
1.496799999999999997e+01 2.100156250000000000e+03 2.056141541750822199e-11 3.470280660056168642e-11
1.564000000000000057e+01 2.099843750000000000e+03 2.083924352525023949e-11 3.430116260472182432e-11
1.628099999999999881e+01 2.100312500000000000e+03 2.078335767374817067e-11 3.459902503388789796e-11
1.693700000000000117e+01 2.100000000000000000e+03 2.052604787528000685e-11 3.401314299655844309e-11
1.757799999999999940e+01 2.100000000000000000e+03 2.070844364043811225e-11 3.445469951013357957e-11
1.823400000000000176e+01 2.100156250000000000e+03 2.084416320102810971e-11 3.460332020921441654e-11
1.887500000000000000e+01 2.100000000000000000e+03 2.094655872364459270e-11 3.500371173470462338e-11
1.953099999999999881e+01 2.099531250000000000e+03 2.076248374616174175e-11 3.446821994490534280e-11
2.018700000000000117e+01 2.100000000000000000e+03 2.054981358690088911e-11 3.479184995658357593e-11
2.082799999999999940e+01 2.100000000000000000e+03 2.039707985845851113e-11 3.404018386610196956e-11
2.148400000000000176e+01 2.100000000000000000e+03 2.097803528111619187e-11 3.487046068562094092e-11
2.212500000000000000e+01 2.100000000000000000e+03 2.083126032781379422e-11 3.490115835225182650e-11
2.278099999999999881e+01 2.099843750000000000e+03 2.081406748344338808e-11 3.487473504426574777e-11
2.343700000000000117e+01 2.100937500000000000e+03 2.085622646808005243e-11 3.441600476827844091e-11
2.407799999999999940e+01 2.100000000000000000e+03 2.059298391532404793e-11 3.471263901322352297e-11
2.473400000000000176e+01 2.100000000000000000e+03 2.053157470427446896e-11 3.451734384429805402e-11
2.540599999999999881e+01 2.100000000000000000e+03 2.065439312637362690e-11 3.487414176883696371e-11
2.604700000000000060e+01 2.100000000000000000e+03 2.091170986373569463e-11 3.512593341192804530e-11
2.671799999999999997e+01 2.100000000000000000e+03 2.088406877986948018e-11 3.489315780758062147e-11
2.735900000000000176e+01 2.100625000000000000e+03 2.074528743234438366e-11 3.497853742762124796e-11
2.801500000000000057e+01 2.100156250000000000e+03 2.080678511429123745e-11 3.486370567240548723e-11
2.865599999999999881e+01 2.100000000000000000e+03 2.088407571876338409e-11 3.461743738886191579e-11
2.931200000000000117e+01 2.100156250000000000e+03 2.080791788872105030e-11 3.480106480768796473e-11
2.995299999999999940e+01 2.100000000000000000e+03 2.086319138283609931e-11 3.479922600080342932e-11
3.060900000000000176e+01 2.100000000000000000e+03 2.050946738829662053e-11 3.485264507552265911e-11
3.126500000000000057e+01 2.100312500000000000e+03 2.086135257595156389e-11 3.471447088121415447e-11
3.190599999999999881e+01 2.099531250000000000e+03 2.107321435407261134e-11 3.470340334543742244e-11
3.256199999999999761e+01 2.100000000000000000e+03 2.058807291316355759e-11 3.476789342538033623e-11
3.320300000000000296e+01 2.094375000000000000e+03 2.110945099276229087e-11 3.486860800094859769e-11
3.387500000000000000e+01 2.100000000000000000e+03 2.103269121367379313e-11 3.490852398813082402e-11
3.451500000000000057e+01 2.100000000000000000e+03 2.110638400165676387e-11 3.485265548386351497e-11
3.517199999999999704e+01 2.099843750000000000e+03 2.036884202971656066e-11 3.475931001362120298e-11
3.581199999999999761e+01 2.099843750000000000e+03 2.076862119781974769e-11 3.482930957532381910e-11
3.646800000000000352e+01 2.100000000000000000e+03 2.039647097051844327e-11 3.461498795931383654e-11
3.712500000000000000e+01 2.099531250000000000e+03 2.035470923755777761e-11 3.483299759743374580e-11
3.776500000000000057e+01 2.100312500000000000e+03 2.082327192620692102e-11 3.450074254063295598e-11
3.842199999999999704e+01 2.099843750000000000e+03 2.055060288608245855e-11 3.425573713577989565e-11
3.906199999999999761e+01 2.099843750000000000e+03 2.084477382369165355e-11 3.477158144749026292e-11
3.973400000000000176e+01 2.100312500000000000e+03 2.082696168304032369e-11 3.480413526824044368e-11
4.037500000000000000e+01 2.100000000000000000e+03 2.068633112028983589e-11 3.438162601843153254e-11
4.103099999999999881e+01 2.100000000000000000e+03 2.067220873647190871e-11 3.539798315577158405e-11
4.167199999999999704e+01 2.100000000000000000e+03 2.088775333253245492e-11 3.446760238334789506e-11
4.232800000000000296e+01 2.100000000000000000e+03 2.095408568880685607e-11 3.448479696244177717e-11
4.298400000000000176e+01 2.100156250000000000e+03 2.062308483707919748e-11 3.472429982442903906e-11
4.362500000000000000e+01 2.100312500000000000e+03 2.059728949899142236e-11 3.488580258004247980e-11
4.428099999999999881e+01 2.099843750000000000e+03 2.060895204492041444e-11 3.486247054929059175e-11
4.492199999999999704e+01 2.100156250000000000e+03 2.049902608769471613e-11 3.513942956057114486e-11
4.557800000000000296e+01 2.100000000000000000e+03 2.108919289200983371e-11 3.489624908481481214e-11
4.623400000000000176e+01 2.099843750000000000e+03 2.102778021151330279e-11 3.480107174658186864e-11
4.689000000000000057e+01 2.101562500000000000e+03 2.083495008464719689e-11 3.494599401521192306e-11
4.753099999999999881e+01 2.100312500000000000e+03 2.044498251252413468e-11 3.465858849915903761e-11
4.818699999999999761e+01 2.100000000000000000e+03 2.065052989719262655e-11 3.416238125719672780e-11
4.884300000000000352e+01 2.100000000000000000e+03 2.039524452102092766e-11 3.470586318332635756e-11
4.948400000000000176e+01 2.100000000000000000e+03 2.066729426486446641e-11 3.463832692895962850e-11
5.014000000000000057e+01 2.102968750000000000e+03 2.050885329618612474e-11 3.523216787759686497e-11
5.078099999999999881e+01 2.107187500000000000e+03 2.051745232045654177e-11 3.481149049577858534e-11
5.143699999999999761e+01 2.113281250000000000e+03 2.066115681320646047e-11 3.473228649131243628e-11
5.209300000000000352e+01 2.112500000000000000e+03 2.083546703224303798e-11 3.479922600080342932e-11
5.275000000000000000e+01 2.125000000000000000e+03 2.045358674096497964e-11 3.488151434360986514e-11
5.339000000000000057e+01 2.131562500000000000e+03 2.058827067163981894e-11 3.477097429427367103e-11
5.406199999999999761e+01 2.139687500000000000e+03 2.121756242923211744e-11 3.509829232806183086e-11
5.470300000000000296e+01 2.146562500000000000e+03 2.078458585796916225e-11 3.505405687942442228e-11
5.535900000000000176e+01 2.154687500000000000e+03 2.062369892918969327e-11 3.498653797229245299e-11
5.600000000000000000e+01 2.161250000000000000e+03 2.079502368912411470e-11 3.525980202256917551e-11
5.665599999999999881e+01 2.176406250000000000e+03 2.087056395760900074e-11 3.462113581931269835e-11
5.731199999999999761e+01 2.184062500000000000e+03 2.090250021680173376e-11 3.441787133073859195e-11
5.795300000000000296e+01 2.193125000000000000e+03 2.038480495514249924e-11 3.456339728313828630e-11
5.860900000000000176e+01 2.204687500000000000e+03 2.034734013223182814e-11 3.515724517066942667e-11
5.925000000000000000e+01 2.214218750000000000e+03 2.023741764445308178e-11 3.461252118253099752e-11
5.990599999999999881e+01 2.226718750000000000e+03 2.065747226054348573e-11 3.499513526183939405e-11
6.056199999999999761e+01 2.238593750000000000e+03 2.059114510843951251e-11 3.505530588032712558e-11
6.121800000000000352e+01 2.249062500000000000e+03 2.064702228632420145e-11 3.522294955704552422e-11
6.185900000000000176e+01 2.260468750000000000e+03 2.045972592734646156e-11 3.507004062153207258e-11
6.251500000000000057e+01 2.272343750000000000e+03 2.082021013927182196e-11 3.528007053166248852e-11
6.317199999999999704e+01 2.285468750000000000e+03 2.078847337327882627e-11 3.447251165078490942e-11
6.381199999999999761e+01 2.297812500000000000e+03 2.084108580158172686e-11 3.477835033849352442e-11
6.446800000000000352e+01 2.310625000000000000e+03 2.092214942961412305e-11 3.519225535986159059e-11
6.512500000000000000e+01 2.322812500000000000e+03 2.049288516658975823e-11 3.495703379541303946e-11
6.578100000000000591e+01 2.332656250000000000e+03 2.043024603659571170e-11 3.512594035082194921e-11
6.643699999999999761e+01 2.345468750000000000e+03 2.044253308297605543e-11 3.535191236969659201e-11
6.709300000000000352e+01 2.356406250000000000e+03 2.084906379484774419e-11 3.548333502023659491e-11
6.775000000000000000e+01 2.366093750000000000e+03 2.075326542561040100e-11 3.532612050105576884e-11
6.839000000000000057e+01 2.380468750000000000e+03 2.045603790523653487e-11 3.543236884451239632e-11
6.904699999999999704e+01 2.392500000000000000e+03 2.077414976153768578e-11 3.492817146621973734e-11
6.968699999999999761e+01 2.401406250000000000e+03 2.058929589321412124e-11 3.595742800732715239e-11
7.034300000000000352e+01 2.419531250000000000e+03 2.079441653590752281e-11 3.567677750448972063e-11
7.100000000000000000e+01 2.426718750000000000e+03 1.998094918687076671e-11 3.484527597019670964e-11
7.165600000000000591e+01 2.439843750000000000e+03 2.047168337626636969e-11 3.566511322383725258e-11
7.229699999999999704e+01 2.451718750000000000e+03 2.103514758211577629e-11 3.549560992355260680e-11
7.295300000000000296e+01 2.470312500000000000e+03 2.032093243675703320e-11 3.583154259412246745e-11
7.360899999999999466e+01 2.478750000000000000e+03 2.046586164428099153e-11 3.539551984843569699e-11
7.425000000000000000e+01 2.487656250000000000e+03 2.032032528354044132e-11 3.539244244898931413e-11
7.490600000000000591e+01 2.497968750000000000e+03 2.039050699120803500e-11 3.491528940968713357e-11
7.554699999999999704e+01 2.514218750000000000e+03 2.047998402809891871e-11 3.598506909119336683e-11
7.620300000000000296e+01 2.525937500000000000e+03 2.078765978796859315e-11 3.507679910419447822e-11
7.685899999999999466e+01 2.538906250000000000e+03 2.066484310059291118e-11 3.560799918811419218e-11
7.750000000000000000e+01 2.544062500000000000e+03 2.098662910121618097e-11 3.510013807384027018e-11
7.815600000000000591e+01 2.562500000000000000e+03 2.091969132644866392e-11 3.598077738531380021e-11
7.879699999999999704e+01 2.580000000000000000e+03 2.061816516130132726e-11 3.550789870465642650e-11
7.945300000000000296e+01 2.587031250000000000e+03 2.055674727663436840e-11 3.582231733467722279e-11
8.010899999999999466e+01 2.596718750000000000e+03 2.068633112028983589e-11 3.626816555413192589e-11
8.076500000000000057e+01 2.605625000000000000e+03 2.121328807058731059e-11 3.604524317912805031e-11
8.140600000000000591e+01 2.615937500000000000e+03 2.091110617996605470e-11 3.605506518344903100e-11
8.206199999999999761e+01 2.628750000000000000e+03 2.112111874286171087e-11 3.637809845025152811e-11
8.271800000000000352e+01 2.640312500000000000e+03 2.046094890739702521e-11 3.677112780930968938e-11
8.335899999999999466e+01 2.661406250000000000e+03 2.062307269401486565e-11 3.679077181795165075e-11
8.401500000000000057e+01 2.663593750000000000e+03 2.054065945111815950e-11 3.732199271855307643e-11
8.465600000000000591e+01 2.675468750000000000e+03 2.045542207840256310e-11 3.711195586952875658e-11
8.531199999999999761e+01 2.681093750000000000e+03 2.053096234688744914e-11 3.756639443963649683e-11
8.595300000000000296e+01 2.697968750000000000e+03 2.084218214681854420e-11 3.727041245071838205e-11
8.660899999999999466e+01 2.707187500000000000e+03 2.041182153855736203e-11 3.764808950701414858e-11
8.726500000000000057e+01 2.717031250000000000e+03 2.073669014279744260e-11 3.752648192190122245e-11
8.790600000000000591e+01 2.730312500000000000e+03 2.058193199205859969e-11 3.802452103185416377e-11
8.856199999999999761e+01 2.741875000000000000e+03 2.069001567295281063e-11 3.759955194415631752e-11
8.920300000000000296e+01 2.749062500000000000e+03 2.091355560951413395e-11 3.724277136685216760e-11
8.985899999999999466e+01 2.758437500000000000e+03 2.086319311755957528e-11 3.692588942949548425e-11
9.051500000000000057e+01 2.777968750000000000e+03 2.053279594960155663e-11 3.650460489446061274e-11
9.115600000000000591e+01 2.784062500000000000e+03 2.076739127887528014e-11 3.615394442157970900e-11
9.181199999999999761e+01 2.793281250000000000e+03 2.059483486527291518e-11 3.604955223224237670e-11
9.246800000000000352e+01 2.802656250000000000e+03 2.085152189801320333e-11 3.534393958060100260e-11
9.312500000000000000e+01 2.809531250000000000e+03 2.072563128063809046e-11 3.592241087924108456e-11
9.378100000000000591e+01 2.822812500000000000e+03 2.071028071259917169e-11 3.600469922204752038e-11
9.442199999999999704e+01 2.830781250000000000e+03 2.074098878757091313e-11 3.597770692476132126e-11
9.507800000000000296e+01 2.838593750000000000e+03 2.058807464788703356e-11 3.486615163250661453e-11
9.573399999999999466e+01 2.846562500000000000e+03 2.100505706870148259e-11 3.570256937313054380e-11
9.637500000000000000e+01 2.871093750000000000e+03 2.106953674030354051e-11 3.527761069377355341e-11
9.703100000000000591e+01 2.877500000000000000e+03 2.055859822658323566e-11 3.551526434053542403e-11
9.768699999999999761e+01 2.885156250000000000e+03 2.046709676739588701e-11 3.550850585787301839e-11
9.834300000000000352e+01 2.896406250000000000e+03 2.103207018266939343e-11 3.599489803440825142e-11
9.898399999999999466e+01 2.907968750000000000e+03 2.091846314222767234e-11 3.583338487045395482e-11
9.964000000000000057e+01 2.924218750000000000e+03 2.078152233631058721e-11 3.571853576800343433e-11
1.002810000000000059e+02 2.933906250000000000e+03 2.107383191563005909e-11 3.547536223114100551e-11
1.009369999999999976e+02 2.942500000000000000e+03 2.091970346951299575e-11 3.592304925748024402e-11
1.015930000000000035e+02 2.954843750000000000e+03 2.096022314046486201e-11 3.574065349232213862e-11
1.022339999999999947e+02 2.962343750000000000e+03 2.109287917939628443e-11 3.519470131996271789e-11
1.028900000000000006e+02 2.971406250000000000e+03 2.057886153150612074e-11 3.516215096865948908e-11
1.035310000000000059e+02 2.986093750000000000e+03 2.087916471660289375e-11 3.513882934624845689e-11
1.041869999999999976e+02 2.999218750000000000e+03 2.152582452563667204e-11 3.620676328197625082e-11
1.048430000000000035e+02 3.012656250000000000e+03 2.089635062207939598e-11 3.573144211066470177e-11
1.054839999999999947e+02 3.021406250000000000e+03 2.102040243256997343e-11 3.563685804786054234e-11
1.061400000000000006e+02 3.030625000000000000e+03 2.075326716033387697e-11 3.546124158204655430e-11
1.067969999999999970e+02 3.040312500000000000e+03 2.122797770898188219e-11 3.581986096623523963e-11
1.074530000000000030e+02 3.049687500000000000e+03 2.105172459965221066e-11 3.618097141333542766e-11
1.080930000000000035e+02 3.061093750000000000e+03 2.133974420781559189e-11 3.556931485459990938e-11
1.087500000000000000e+02 3.070312500000000000e+03 2.090810857779956677e-11 3.548763019556311349e-11
1.093900000000000006e+02 3.077343750000000000e+03 2.110638053220981192e-11 3.544341903305436858e-11
1.100619999999999976e+02 3.080625000000000000e+03 2.106401164603255438e-11 3.568107961871014311e-11
1.107030000000000030e+02 3.110625000000000000e+03 2.095039246252650145e-11 3.563380493454282316e-11
1.113589999999999947e+02 3.126875000000000000e+03 2.111191430009817793e-11 3.587759603296269972e-11
1.120150000000000006e+02 3.130781250000000000e+03 2.112419093813766580e-11 3.570441164946203116e-11
1.126719999999999970e+02 3.137812500000000000e+03 2.116778627381243894e-11 3.583890823000146497e-11
1.133119999999999976e+02 3.145937500000000000e+03 2.115674475888784656e-11 3.592426009446647583e-11
1.139680000000000035e+02 3.155468750000000000e+03 2.107445468135793476e-11 3.538201329145174157e-11
1.146089999999999947e+02 3.170468750000000000e+03 2.132986669234337995e-11 3.671095025192805394e-11
1.152650000000000006e+02 3.180468750000000000e+03 2.092337587911163865e-11 3.585549565587875520e-11
1.159219999999999970e+02 3.190625000000000000e+03 2.101797381970360590e-11 3.531875139572981936e-11
1.165619999999999976e+02 3.202812500000000000e+03 2.079933100751496511e-11 3.612201163183392794e-11
1.172180000000000035e+02 3.212656250000000000e+03 2.147731124890750465e-11 3.549253599355317590e-11
1.178589999999999947e+02 3.222968750000000000e+03 2.094978877875686152e-11 3.578733143161372254e-11
1.185150000000000006e+02 3.232500000000000000e+03 2.107383885452396299e-11 3.564606249062407528e-11
1.191719999999999970e+02 3.243906250000000000e+03 2.141467211891345812e-11 3.564915029841131400e-11
1.198119999999999976e+02 3.252500000000000000e+03 2.145642864770369584e-11 3.556932179349381329e-11
1.204680000000000035e+02 3.268750000000000000e+03 2.081467463665997997e-11 3.562827116665445715e-11
1.211250000000000000e+02 3.278125000000000000e+03 2.100136037297417602e-11 3.520882543850412105e-11
1.217810000000000059e+02 3.288593750000000000e+03 2.123719082536279501e-11 3.538139226044734187e-11
1.224219999999999970e+02 3.295000000000000000e+03 2.097065923689633848e-11 3.566756265338533183e-11
1.230780000000000030e+02 3.313750000000000000e+03 2.139273480583625542e-11 3.603051537681700722e-11
1.237180000000000035e+02 3.323281250000000000e+03 2.135694746052685389e-11 3.609622323264005672e-11
1.243750000000000000e+02 3.331718750000000000e+03 2.163758928974690576e-11 3.605630377601087844e-11
1.250310000000000059e+02 3.340625000000000000e+03 2.182120456550862286e-11 3.641125942421830075e-11
1.256869999999999976e+02 3.346406250000000000e+03 2.107533939033068293e-11 3.569458964514105048e-11
1.263280000000000030e+02 3.365000000000000000e+03 2.119253383892072407e-11 3.642292023542381685e-11
1.269839999999999947e+02 3.375468750000000000e+03 2.164188793452037629e-11 3.605384393812194332e-11
1.276400000000000006e+02 3.387656250000000000e+03 2.117849819127659572e-11 3.638791698512555683e-11
1.282969999999999970e+02 3.400781250000000000e+03 2.092946475851231725e-11 3.602130052571261842e-11
1.289370000000000118e+02 3.406250000000000000e+03 2.171803535622185422e-11 3.633142398040689613e-11
1.295929999999999893e+02 3.417500000000000000e+03 2.112111874286171087e-11 3.631914907709088425e-11
1.302500000000000000e+02 3.425625000000000000e+03 2.131273109384768105e-11 3.593040101557143373e-11
1.308899999999999864e+02 3.435000000000000000e+03 2.139747060092567210e-11 3.601393488983362090e-11
1.315469999999999970e+02 3.445781250000000000e+03 2.193543957584864756e-11 3.599734399450937872e-11
1.321870000000000118e+02 3.454531250000000000e+03 2.172970137159779824e-11 3.657584651817202825e-11
1.328429999999999893e+02 3.470937500000000000e+03 2.104128156432683028e-11 3.625404837448442663e-11
1.335000000000000000e+02 3.478281250000000000e+03 2.187217594540324939e-11 3.643645801743033985e-11
1.341399999999999864e+02 3.485312500000000000e+03 2.180400998641474075e-11 3.667286266328950717e-11
1.347969999999999970e+02 3.498281250000000000e+03 2.130289347701541658e-11 3.612815949183278974e-11
1.354370000000000118e+02 3.519375000000000000e+03 2.147853943312849623e-11 3.653531296943235418e-11
1.360929999999999893e+02 3.533593750000000000e+03 2.152459460669220448e-11 3.618773336544478525e-11
1.367340000000000089e+02 3.542187500000000000e+03 2.161302213588012222e-11 3.686262059487965814e-11
1.373899999999999864e+02 3.552656250000000000e+03 2.167136782527112615e-11 3.610789445218642868e-11
1.380469999999999970e+02 3.563281250000000000e+03 2.151354268342675624e-11 3.641003470944426113e-11
1.386870000000000118e+02 3.575000000000000000e+03 2.163199827598383251e-11 3.668760434338835807e-11
1.393429999999999893e+02 3.588281250000000000e+03 2.172295156255277249e-11 3.599796502551377841e-11
1.399840000000000089e+02 3.600156250000000000e+03 2.168426029014458578e-11 3.587822053341405137e-11
1.406399999999999864e+02 3.611250000000000000e+03 2.162776728542592508e-11 3.652117150365619125e-11
1.412969999999999970e+02 3.619531250000000000e+03 2.175427372963500972e-11 3.722679456363842121e-11
1.419370000000000118e+02 3.629687500000000000e+03 2.226275934436028336e-11 3.659979611048136405e-11
1.425929999999999893e+02 3.643750000000000000e+03 2.161179395165913064e-11 3.683254395925317226e-11
1.432340000000000089e+02 3.657812500000000000e+03 2.202754645352911211e-11 3.634737996693893081e-11
1.438899999999999864e+02 3.672187500000000000e+03 2.203737366202052073e-11 3.675885290599367750e-11
1.445469999999999970e+02 3.677812500000000000e+03 2.172172511305525688e-11 3.696149636356338419e-11
1.452030000000000030e+02 3.686718750000000000e+03 2.165908598306121036e-11 3.755718999687296389e-11
1.458429999999999893e+02 3.697343750000000000e+03 2.244882925384050765e-11 3.776845156067132336e-11
1.465149999999999864e+02 3.706250000000000000e+03 2.189183036238606661e-11 3.693817821059930395e-11
1.471560000000000059e+02 3.715937500000000000e+03 2.172908727948730245e-11 3.633204501141129583e-11
1.478120000000000118e+02 3.740000000000000000e+03 2.154178571633913464e-11 3.700695999642178435e-11
1.484679999999999893e+02 3.745312500000000000e+03 2.248321841202827187e-11 3.694615099969489336e-11
1.491250000000000000e+02 3.752031250000000000e+03 2.187524814067920431e-11 3.765483758133569836e-11
1.497810000000000059e+02 3.758593750000000000e+03 2.228793365144365879e-11 3.703396617149579129e-11
1.504370000000000118e+02 3.767343750000000000e+03 2.202751696323002051e-11 3.669867187916509010e-11
1.510929999999999893e+02 3.775000000000000000e+03 2.178374668149185567e-11 3.705975457068966250e-11
1.517340000000000089e+02 3.777500000000000000e+03 2.203860184624151231e-11 3.645116847250662317e-11
1.523899999999999864e+02 3.781562500000000000e+03 2.196798472298144844e-11 3.745032062241193671e-11
1.530310000000000059e+02 3.787031250000000000e+03 2.226951088812878510e-11 3.706468118536143663e-11
1.536870000000000118e+02 3.792656250000000000e+03 2.215650753145670393e-11 3.733672745975802343e-11
1.543429999999999893e+02 3.794843750000000000e+03 2.169040641541997161e-11 3.714881180449935982e-11
1.550000000000000000e+02 3.795937500000000000e+03 2.176286754973499882e-11 3.646898408260490498e-11
1.556560000000000059e+02 3.797031250000000000e+03 2.218660498376490153e-11 3.740426371412475248e-11
1.562969999999999970e+02 3.797812500000000000e+03 2.223450590310704911e-11 3.668452694394197522e-11
1.569530000000000030e+02 3.799843750000000000e+03 2.169715622446499736e-11 3.658998104505428728e-11
1.575929999999999893e+02 3.799531250000000000e+03 2.189735719138052872e-11 3.670111436981926545e-11
1.582500000000000000e+02 3.800000000000000000e+03 2.193168736897010973e-11 3.713345950173696508e-11
1.588899999999999864e+02 3.799531250000000000e+03 2.191277020946458265e-11 3.722619781876268519e-11
1.595469999999999970e+02 3.799843750000000000e+03 2.172848359571766252e-11 3.713161375595852576e-11
1.602030000000000030e+02 3.799062500000000000e+03 2.214470447292615773e-11 3.643766885441657166e-11
1.608590000000000089e+02 3.799375000000000000e+03 2.193604846378871542e-11 3.673795295755510892e-11
1.615000000000000000e+02 3.798281250000000000e+03 2.185805529630879818e-11 3.680551002860354970e-11
1.621560000000000059e+02 3.797812500000000000e+03 2.217461630982242582e-11 3.695658709612636983e-11
1.628120000000000118e+02 3.797656250000000000e+03 2.207176282020828495e-11 3.685279859055867746e-11
1.634530000000000030e+02 3.796406250000000000e+03 2.225968194491390051e-11 3.673121876102136696e-11
1.641090000000000089e+02 3.795468750000000000e+03 2.167135568220679431e-11 3.697070774522082104e-11
1.647649999999999864e+02 3.795312500000000000e+03 2.220687349285821455e-11 3.726549624438746378e-11
1.654219999999999970e+02 3.795156250000000000e+03 2.202019296071444643e-11 3.665751729942101633e-11
1.660620000000000118e+02 3.793906250000000000e+03 2.247462112248133081e-11 3.656540001339969592e-11
1.667179999999999893e+02 3.792343750000000000e+03 2.216326948356606152e-11 3.754122707144702531e-11
1.673590000000000089e+02 3.789687500000000000e+03 2.194895133700303091e-11 3.693203035060044215e-11
1.680149999999999864e+02 3.789687500000000000e+03 2.242426383469720008e-11 3.612877011449633358e-11
1.686719999999999970e+02 3.785625000000000000e+03 2.235610307987911938e-11 3.702783565873168925e-11
1.693120000000000118e+02 3.785000000000000000e+03 2.243716150374108764e-11 3.746261981185661227e-11
1.699679999999999893e+02 3.783125000000000000e+03 2.177945150616533709e-11 3.652671221043846117e-11
1.706090000000000089e+02 3.782500000000000000e+03 2.245172277259843696e-11 3.636580966914770841e-11
1.712649999999999864e+02 3.781875000000000000e+03 2.256829965963103035e-11 3.694860389868992456e-11
1.719219999999999970e+02 3.782187500000000000e+03 2.206657773173859027e-11 3.697378514466720389e-11
1.725620000000000118e+02 3.781875000000000000e+03 2.230144194315109019e-11 3.706712367601561198e-11
1.732179999999999893e+02 3.779843750000000000e+03 2.275649634009280220e-11 3.697071468411472495e-11
1.738750000000000000e+02 3.778750000000000000e+03 2.251207900649809801e-11 3.733119369186965741e-11
1.745310000000000059e+02 3.777343750000000000e+03 2.205764043639035776e-11 3.637317877447365788e-11
1.751870000000000118e+02 3.777343750000000000e+03 2.238803240017794849e-11 3.705669451847803941e-11
1.758429999999999893e+02 3.777812500000000000e+03 2.226336823230035122e-11 3.633817899362234982e-11
1.765000000000000000e+02 3.777500000000000000e+03 2.216449766778705310e-11 3.656540001339969592e-11
1.771560000000000059e+02 3.777031250000000000e+03 2.238373722485142991e-11 3.679815480106540804e-11
1.777969999999999970e+02 3.775625000000000000e+03 2.255875347634272998e-11 3.661759437334488609e-11
1.784530000000000030e+02 3.775312500000000000e+03 2.219213007803588766e-11 3.676069171287821291e-11
1.791090000000000089e+02 3.774843750000000000e+03 2.225968194491390051e-11 3.684543989357358384e-11
1.797500000000000000e+02 3.774687500000000000e+03 2.234812335188962606e-11 3.679078222629250661e-11
1.804060000000000059e+02 3.773906250000000000e+03 2.212028303583135624e-11 3.670727610760593507e-11
1.810469999999999970e+02 3.773125000000000000e+03 2.284002327546108546e-11 3.646407134572093867e-11
1.817030000000000030e+02 3.773437500000000000e+03 2.244257210626265930e-11 3.680306059905547045e-11
1.823590000000000089e+02 3.774375000000000000e+03 2.254831391046430156e-11 3.660039979425100398e-11
1.830000000000000000e+02 3.774531250000000000e+03 2.303469047448825080e-11 3.699588552175114842e-11
1.836560000000000059e+02 3.772968750000000000e+03 2.319374727000056424e-11 3.661944705801722932e-11
1.842969999999999970e+02 3.772656250000000000e+03 2.251760410076908414e-11 3.721267391454397000e-11
1.849530000000000030e+02 3.772812500000000000e+03 2.233829267395126550e-11 3.728513678358247319e-11
1.856090000000000089e+02 3.773125000000000000e+03 2.234995868932720953e-11 3.681165788860241150e-11
1.862500000000000000e+02 3.773281250000000000e+03 2.213809864592963805e-11 3.708739565455587694e-11
1.869060000000000059e+02 3.772343750000000000e+03 2.225907305697383265e-11 3.729987499423437214e-11
1.875469999999999970e+02 3.772812500000000000e+03 2.265270783452510983e-11 3.758972993983533684e-11
1.882030000000000030e+02 3.772656250000000000e+03 2.261285776683497062e-11 3.723907640584833700e-11
1.888590000000000089e+02 3.772812500000000000e+03 2.276816929436265013e-11 3.725075456428861287e-11
1.895000000000000000e+02 3.772343750000000000e+03 2.220134492914027646e-11 3.705545592591619197e-11
1.901560000000000059e+02 3.772500000000000000e+03 2.275650327898670611e-11 3.708493581666694183e-11
1.907969999999999970e+02 3.771718750000000000e+03 2.259437255347496176e-11 3.790785046975386763e-11
1.914530000000000030e+02 3.772500000000000000e+03 2.310716375186760985e-11 3.667470840906794649e-11
1.921090000000000089e+02 3.772500000000000000e+03 2.255506371950932731e-11 3.734839520985744343e-11
1.927649999999999864e+02 3.772812500000000000e+03 2.296468917806215870e-11 3.710827825575968575e-11
1.934060000000000059e+02 3.772343750000000000e+03 2.269448171055010732e-11 3.701431869340687797e-11
1.940620000000000118e+02 3.772343750000000000e+03 2.278536560818000822e-11 3.695659403502027374e-11
