Start time (s) =
1552312026
'Reltime', '44.00[A]', '28.00[A]'
0.000000000000000000e+00 4.045865205359877592e-12 4.688021672250020089e-12
2.650000000000000133e-01 4.252400948728807251e-12 5.030484709345195427e-12
5.310000000000000275e-01 4.131404853641162944e-12 5.001297119500147659e-12
7.970000000000000417e-01 3.585403892183980368e-12 4.862270742284069414e-12
1.078000000000000069e+00 3.863123362868314814e-12 5.129204352916083565e-12
1.358999999999999986e+00 3.982163990917664265e-12 4.927149833966470993e-12
1.625000000000000000e+00 3.729184062245538556e-12 4.676899926364663784e-12
1.890000000000000124e+00 3.994735965628937180e-12 4.971638552231372188e-12
2.156000000000000139e+00 3.978053129960468226e-12 4.802951005661304507e-12
2.436999999999999833e+00 4.026248084931793869e-12 4.993882911363822785e-12
2.702999999999999847e+00 3.898343453601071928e-12 4.988321387899841142e-12
2.967999999999999972e+00 3.850147197587139303e-12 4.817780722976561236e-12
3.250000000000000000e+00 4.028102504327613076e-12 4.797390783239929846e-12
3.515000000000000124e+00 3.825643794808097908e-12 4.810365213797629380e-12
3.781000000000000139e+00 3.749204072200917892e-12 4.813904483369491061e-12
4.062000000000000277e+00 3.674044575519008760e-12 4.825195364793755104e-12
4.328000000000000291e+00 4.074445208307464483e-12 4.717681106880533548e-12
4.608999999999999986e+00 3.722239964171203397e-12 5.095837380536538674e-12
4.875000000000000000e+00 3.994736399309806174e-12 4.849294577002893902e-12
5.139999999999999680e+00 3.826048419058869499e-12 4.927149400285601999e-12
5.421999999999999709e+00 4.002151474807869036e-12 4.984614717512547699e-12
5.687000000000000277e+00 3.801950074211468689e-12 4.752901197613290663e-12
5.967999999999999972e+00 4.027662751926452955e-12 5.154245519972677769e-12
6.250000000000000000e+00 3.777851729364067879e-12 4.904905908514889390e-12
6.514999999999999680e+00 3.714826189715747518e-12 4.873392054488556724e-12
6.780999999999999694e+00 3.870537137323770693e-12 4.808444874909723055e-12
7.046999999999999709e+00 3.905724268310484248e-12 4.912319682970345269e-12
7.328000000000000291e+00 3.933563978014698037e-12 4.875246907565244925e-12
7.592999999999999972e+00 3.853853867974432745e-12 5.045786705126786842e-12
7.858999999999999986e+00 3.725948369281972816e-12 4.835744218251170068e-12
8.125000000000000000e+00 3.945763420859504933e-12 5.066177512225156221e-12
8.406000000000000583e+00 3.940977752470153916e-12 4.799243034231404081e-12
8.672000000000000597e+00 3.864976047540658044e-12 5.077299258110512525e-12
8.936999999999999389e+00 3.675897693872220984e-12 4.710265597701601692e-12
9.217999999999999972e+00 3.499863376540957027e-12 4.778852660813903697e-12
9.483999999999999986e+00 3.883884533428805241e-12 4.869684950420394287e-12
9.765000000000000568e+00 3.623623753487570376e-12 4.678752177356138020e-12
1.003100000000000058e+01 4.145964387775036286e-12 4.977199642014484837e-12
1.029700000000000060e+01 3.690727844868346708e-12 4.802951873023042495e-12
1.057799999999999940e+01 3.814926673173513194e-12 5.047639823479999066e-12
1.085899999999999999e+01 3.681458783655333633e-12 4.972245705447964070e-12
1.112500000000000000e+01 3.763763606334791234e-12 4.867831398386313069e-12
1.139000000000000057e+01 3.790827894645243390e-12 4.563823277625722596e-12
1.165600000000000058e+01 3.835316612910144585e-12 4.788121288346047777e-12
1.193699999999999939e+01 3.889344141888573247e-12 4.458161270703975276e-12
1.221799999999999997e+01 3.871143856859493582e-12 4.853944503280249734e-12
1.248399999999999999e+01 3.785266804862130741e-12 4.943832669634939947e-12
1.275000000000000000e+01 3.862044364866257240e-12 4.773292872073398030e-12
1.301500000000000057e+01 3.712972204000797305e-12 4.631905536206515350e-12
1.329700000000000060e+01 3.863121628144838837e-12 4.576799009226029114e-12
1.356199999999999939e+01 3.823823202520060249e-12 4.799243901593142070e-12
1.382799999999999940e+01 3.683313636732021834e-12 4.841879067823962046e-12
1.409299999999999997e+01 3.629083795628207376e-12 4.827048483146967328e-12
1.437500000000000000e+01 3.861269377153364601e-12 4.758462287396403312e-12
1.464000000000000057e+01 4.020687428829550214e-12 5.038372496990461968e-12
1.490600000000000058e+01 3.649946230671607950e-12 4.765876929213597180e-12
1.520299999999999940e+01 3.525748052887744954e-12 4.873391620807687730e-12
1.546799999999999997e+01 3.775998177329986660e-12 4.697290299782164169e-12
1.573399999999999999e+01 3.645464138890552874e-12 4.736218361944821709e-12
1.601500000000000057e+01 3.670337471450846323e-12 4.891930176914582873e-12
1.628099999999999881e+01 3.675898561233958972e-12 4.908545358367488731e-12
1.656200000000000117e+01 3.805657611960500120e-12 4.765877362894466174e-12
1.682799999999999940e+01 3.796388984428356039e-12 5.092365331499371095e-12
1.709299999999999997e+01 3.831609942522851142e-12 4.754754749647371881e-12
1.737500000000000000e+01 3.641823821676215545e-12 4.801097019946354294e-12
1.764000000000000057e+01 3.612871937383466125e-12 4.815927604623349012e-12
1.792200000000000060e+01 3.724093949886153609e-12 4.932710490068714648e-12
1.820299999999999940e+01 3.674044575519008760e-12 4.769584466962628611e-12
1.848400000000000176e+01 3.635116513356351220e-12 4.555465379918466340e-12
1.876500000000000057e+01 3.757461789627436488e-12 4.702851389565276818e-12
1.903099999999999881e+01 3.667303440091362887e-12 4.795536363844110639e-12
1.929700000000000060e+01 3.718533727464778949e-12 4.838170662713192627e-12
1.956200000000000117e+01 3.559923623247529534e-12 4.770223712563526064e-12
1.984299999999999997e+01 3.800096955858256464e-12 4.903085316226851731e-12
2.010900000000000176e+01 3.674044141838139765e-12 4.869684516739525293e-12
2.037500000000000000e+01 3.887221274034846630e-12 4.840025082109011834e-12
2.065599999999999881e+01 3.579943633202908870e-12 5.114373334558219852e-12
2.092200000000000060e+01 3.699996906081359782e-12 4.819634275010642455e-12
2.118700000000000117e+01 3.564675898209967997e-12 4.864122559594674655e-12
2.145299999999999940e+01 3.714826189715747518e-12 4.869684950420394287e-12
2.173400000000000176e+01 3.568383869639868422e-12 4.762168957783696754e-12
2.200000000000000000e+01 3.777852596725805867e-12 5.008712628679079515e-12
2.226500000000000057e+01 3.900196138273415158e-12 4.890076191199632660e-12
2.254700000000000060e+01 3.552643639340158366e-12 4.678753044717876008e-12
2.281200000000000117e+01 3.603603526691756542e-12 4.888524047369502412e-12
2.309299999999999997e+01 3.824195300705657274e-12 4.712119583416551905e-12
2.337500000000000000e+01 3.736464262993344221e-12 4.669484417185731928e-12
2.364000000000000057e+01 3.518063444729602196e-12 4.799244335274011064e-12
2.392200000000000060e+01 3.579505615525224727e-12 4.636117878487056032e-12
2.418700000000000117e+01 3.738924534563148327e-12 4.901197503404119971e-12
2.445299999999999940e+01 3.651799782705689168e-12 4.748384845043585045e-12
2.473400000000000176e+01 3.757461355946567494e-12 4.775145556745741260e-12
2.500000000000000000e+01 3.638183504461878215e-12 5.001297986861885647e-12
2.526500000000000057e+01 3.657361739850539806e-12 4.708412045667520474e-12
2.553099999999999881e+01 3.438624168392023783e-12 4.832610873972686960e-12
2.581200000000000117e+01 3.447083764263059180e-12 4.732510390514921284e-12
2.607799999999999940e+01 3.642531155173545088e-12 4.915824691753556408e-12
2.634299999999999997e+01 3.788974776292031166e-12 4.819635142372380443e-12
2.662500000000000000e+01 3.572090756867596362e-12 4.736217928263952714e-12
2.689000000000000057e+01 3.711119519328454075e-12 4.346939475041722289e-12
2.715599999999999881e+01 3.701850458115441000e-12 4.673191521253894365e-12
2.743700000000000117e+01 3.863121628144838837e-12 4.782560198562935128e-12
2.770299999999999940e+01 3.549846180894711267e-12 4.814074052589267794e-12
2.798400000000000176e+01 3.527601388081391676e-12 4.736218361944821709e-12
2.825000000000000000e+01 3.733363011099166684e-12 4.762170258826303737e-12
2.853099999999999881e+01 3.668483919416765104e-12 4.725096182378596410e-12
2.879700000000000060e+01 3.568383435958999428e-12 4.771438886358447817e-12
2.906200000000000117e+01 3.716443385676226896e-12 4.734365677272478479e-12
2.934299999999999997e+01 3.790827460964374396e-12 4.587921188792254412e-12
2.960900000000000176e+01 3.677751679587171196e-12 4.825194931112886110e-12
2.989000000000000057e+01 3.405257412852913390e-12 4.513603900357932019e-12
3.015599999999999881e+01 3.638184371823616203e-12 4.560115739876691165e-12
3.042200000000000060e+01 9.101694224689094170e-12 7.446334347738226001e-12
3.070299999999999940e+01 9.598486935824546151e-12 7.160863915722792683e-12
3.098400000000000176e+01 9.724538882482924862e-12 7.273940564461733871e-12
3.125000000000000000e+01 9.972937406454995823e-12 7.394431421336999932e-12
3.151500000000000057e+01 9.934009344292338284e-12 7.320048213410590421e-12
3.178099999999999881e+01 9.882103815805898250e-12 7.466726022198333368e-12
3.206199999999999761e+01 9.913616802470492928e-12 7.505688778830510444e-12
3.232800000000000296e+01 1.012494168367572556e-11 7.343707239537700104e-12
3.259300000000000352e+01 1.003781519709479042e-11 7.600193911716512929e-12
3.285900000000000176e+01 1.006191484298479821e-11 7.511217342548448528e-12
3.314000000000000057e+01 1.031587142097389886e-11 7.372187062204549335e-12
3.340599999999999881e+01 9.904348174938348848e-12 7.258167157575545758e-12
3.367199999999999704e+01 9.921033612692031767e-12 7.381455689736693415e-12
3.395300000000000296e+01 9.837615964902735044e-12 7.446336082461701977e-12
3.421800000000000352e+01 1.008230478272142960e-11 7.663218150322226307e-12
3.448400000000000176e+01 1.016386714375316913e-11 7.544581279161910459e-12
3.475000000000000000e+01 9.974792693212553019e-12 7.409260704971387668e-12
3.503099999999999881e+01 1.011011326740307581e-11 7.342527627574035876e-12
3.531199999999999761e+01 1.036036013923880006e-11 7.626146242278863951e-12
3.557800000000000296e+01 9.290773012038400225e-12 6.931004815219354853e-12
3.584300000000000352e+01 9.720831778414762425e-12 7.487118564020178724e-12
3.610900000000000176e+01 9.665220880583635932e-12 7.253549323682495498e-12
3.639000000000000057e+01 9.287065040608499800e-12 7.074347184443663394e-12
3.665599999999999881e+01 9.533607410461275578e-12 7.503798797603433712e-12
3.692199999999999704e+01 9.429800690297085453e-12 7.329551028611991370e-12
3.720300000000000296e+01 9.553999084921382945e-12 7.555706060813349723e-12
3.746800000000000352e+01 9.370481821036058534e-12 7.325845659267304910e-12
3.773400000000000176e+01 9.524337915567393509e-12 7.398139392766900357e-12
3.800000000000000000e+01 9.578096128726176772e-12 7.153450574948205798e-12
3.828099999999999881e+01 9.461313676961680130e-12 7.624291822883044745e-12
3.854699999999999704e+01 9.668927984651798369e-12 7.479701753798639885e-12
3.881199999999999761e+01 9.858006772001104423e-12 7.537167938387323574e-12
3.907800000000000296e+01 9.476142093234329877e-12 7.453750290598026851e-12
3.935900000000000176e+01 9.958106388097132111e-12 7.388869030511280300e-12
3.962500000000000000e+01 9.613317086820671875e-12 7.433359483499657472e-12
3.989000000000000057e+01 9.574389892019752324e-12 7.537168805749061562e-12
4.017199999999999704e+01 9.832053574077015412e-12 7.639121106517432480e-12
4.043699999999999761e+01 1.006562368177643663e-11 7.090424601619016443e-12
4.070300000000000296e+01 9.630000789850878817e-12 7.236866921694895538e-12
4.098400000000000176e+01 9.759760707939157953e-12 7.928298642601028234e-12
4.125000000000000000e+01 9.845029305677321929e-12 7.361064015276586048e-12
4.153099999999999881e+01 9.898788386197843181e-12 7.750342902179685467e-12
4.179699999999999704e+01 1.000630307779193373e-11 7.546435698557729665e-12
4.206199999999999761e+01 9.759759840577419965e-12 7.585364628082125193e-12
4.232800000000000296e+01 9.843176621004978699e-12 7.485264144624359517e-12
4.260900000000000176e+01 9.980349879867844720e-12 7.659511046254063871e-12
4.289000000000000057e+01 9.900643672955400376e-12 7.848589833603369925e-12
4.315599999999999881e+01 1.016572243051072633e-11 7.377748585668530978e-12
4.342199999999999704e+01 1.005820600419315980e-11 7.438921874325377104e-12
4.368699999999999761e+01 9.863567428103348078e-12 7.919031749792360131e-12
4.396800000000000352e+01 9.661512909153735507e-12 7.425944408001594610e-12
4.423400000000000176e+01 9.922885430002637008e-12 7.596486807648350492e-12
4.450000000000000000e+01 1.005449890012499736e-11 7.620583851453144320e-12
4.478099999999999881e+01 1.001371902065173458e-11 7.738644794419435868e-12
4.504699999999999704e+01 9.728247721274563276e-12 7.783708573516623375e-12
4.531199999999999761e+01 9.769770062395544130e-12 7.168279858582593533e-12
4.557800000000000296e+01 9.984057851297745145e-12 7.509361188429153344e-12
4.585900000000000176e+01 1.014347720401653774e-11 7.685463376816414893e-12
4.614000000000000057e+01 1.037401067827126155e-11 7.513067425135577793e-12
4.640599999999999881e+01 9.980349879867844720e-12 7.645827547475558816e-12
4.667199999999999704e+01 1.045860707066248452e-11 7.332787155256426104e-12
4.695300000000000296e+01 9.730099538585168517e-12 7.554826556011029481e-12
4.721800000000000352e+01 1.010269645718153697e-11 7.811517058198269581e-12
4.750000000000000000e+01 1.018982034167725814e-11 7.535311784268028390e-12
4.776500000000000057e+01 1.003410982775010396e-11 7.577948685222324343e-12
4.803099999999999881e+01 9.902495490266005618e-12 7.880103687629702591e-12
4.829699999999999704e+01 9.807958264995697562e-12 7.412971278486502058e-12
4.857800000000000296e+01 9.954400151390707663e-12 7.546434831195991677e-12
4.884300000000000352e+01 9.959049210306325506e-12 7.631706031019369618e-12
4.910900000000000176e+01 1.018796418755796296e-11 7.659511046254063871e-12
4.937500000000000000e+01 9.934006742207124319e-12 7.850445987722665109e-12
4.965599999999999881e+01 1.003966961649060963e-11 8.091728675996279208e-12
4.992199999999999704e+01 1.047899874512259188e-11 7.711417442102241893e-12
5.018699999999999761e+01 9.849852704302275441e-12 7.754050873609585892e-12
5.046800000000000352e+01 1.010084117042397978e-11 7.587217312754468423e-12
5.075000000000000000e+01 1.030475097613114954e-11 7.451897605925683621e-12
5.101500000000000057e+01 1.012679350098633080e-11 7.829649255330917157e-12
5.129699999999999704e+01 1.023245550790807812e-11 7.602046596388856159e-12
5.156199999999999761e+01 1.009713406635581734e-11 7.774440813346217283e-12
5.182800000000000296e+01 9.909909698402330491e-12 7.375895900996187748e-12
5.210900000000000176e+01 1.028065046287940376e-11 7.722539621668467191e-12
5.237500000000000000e+01 1.017499105804287041e-11 7.716976363481009571e-12
5.264000000000000057e+01 1.012308726427990635e-11 7.987616644500317165e-12
5.290599999999999881e+01 1.023986971604440299e-11 7.687689027036093137e-12
5.318699999999999761e+01 1.024728479154246585e-11 7.937028638493881516e-12
5.345300000000000296e+01 1.032328736383369971e-11 7.405587428011006779e-12
5.371800000000000352e+01 1.013050233977796921e-11 7.679902720714171238e-12
5.400000000000000000e+01 1.045860707066248452e-11 7.605752833095280607e-12
5.426500000000000057e+01 1.026582204660675401e-11 7.561265849553855389e-12
5.454699999999999704e+01 9.985912270693564352e-12 7.780001469448460938e-12
5.481199999999999761e+01 1.008601275415133003e-11 7.716975496119271583e-12
5.507800000000000296e+01 9.989620242123464777e-12 7.865272669271838879e-12
5.534300000000000352e+01 1.064212346718607094e-11 7.767028339933368386e-12
5.562500000000000000e+01 1.059207496018066408e-11 7.880100218182750638e-12
5.589000000000000057e+01 1.039558196469503315e-11 7.705853316553046284e-12
5.615599999999999881e+01 1.053460877559198039e-11 7.881955504940307833e-12
5.643699999999999761e+01 1.025840783847042914e-11 7.880101952906226614e-12
5.670300000000000296e+01 1.031031163223339320e-11 7.440773691635982345e-12
5.696800000000000352e+01 1.019352571102194460e-11 7.783710308240099351e-12
5.723400000000000176e+01 1.037148145144328737e-11 7.954250105801641268e-12
5.751500000000000057e+01 1.035665390253237561e-11 7.928298642601028234e-12
5.778099999999999881e+01 1.026952915067491645e-11 7.776295232742036490e-12
5.804699999999999704e+01 1.052534188278331229e-11 7.776295232742036490e-12
5.832800000000000296e+01 1.028991995777328583e-11 7.744781378715703823e-12
5.859300000000000352e+01 1.037148318616676335e-11 7.679901853352433250e-12
5.885900000000000176e+01 1.050680549508076211e-11 7.978351486415125038e-12
5.912500000000000000e+01 1.055129161126044934e-11 7.518631550684773401e-12
5.940599999999999881e+01 1.026582291396849200e-11 7.648391468773052537e-12
5.968699999999999761e+01 1.036963050149442012e-11 7.559408828072822217e-12
5.995300000000000296e+01 1.036854890140714858e-11 7.950543001733478832e-12
6.021800000000000352e+01 1.064397788658189015e-11 8.210061970548299115e-12
6.050000000000000000e+01 1.042709495135962783e-11 7.742927826681622605e-12
6.076500000000000057e+01 1.039187312590339474e-11 7.876395716199802166e-12
6.104699999999999704e+01 1.059948656623177499e-11 8.072889579047171082e-12
6.131199999999999761e+01 1.042709495135962783e-11 7.759611529711829547e-12
6.157800000000000296e+01 1.054387827048586246e-11 7.670633225820289169e-12
6.184300000000000352e+01 1.054202385109004325e-11 7.907907835502658855e-12
6.212500000000000000e+01 1.061246403255555748e-11 8.037666886229200003e-12
6.239000000000000057e+01 1.064397788658189015e-11 7.807806484683155190e-12
6.265599999999999881e+01 1.003781519709479042e-11 7.448187899772307219e-12
6.292199999999999704e+01 1.074963902614189948e-11 7.698439975778459399e-12
6.320300000000000296e+01 1.062173439481117754e-11 8.117375695226858312e-12
6.346800000000000352e+01 1.060690337645331383e-11 7.874541296803982959e-12
6.373400000000000176e+01 1.066436782631852154e-11 7.952397421129298039e-12
6.401500000000000057e+01 1.066622311307607873e-11 8.015421659735011417e-12
6.428100000000000591e+01 1.060319627238515139e-11 7.974640045538272659e-12
6.454699999999999704e+01 1.007859854601500516e-11 7.995032587360118015e-12
6.481199999999999761e+01 1.117784510784591845e-11 8.091425966749721255e-12
6.509300000000000352e+01 1.086456792587231490e-11 7.850444252999189132e-12
6.535899999999999466e+01 1.073666329454159296e-11 8.134061132980541231e-12
6.562500000000000000e+01 1.042523966460207063e-11 7.778150519499593685e-12
6.590600000000000591e+01 1.085900813713180924e-11 7.928296907877552258e-12
6.617199999999999704e+01 1.081451855150517005e-11 8.015423394458487394e-12
6.645300000000000296e+01 1.091637110567367230e-11 7.891224132472451913e-12
6.671800000000000352e+01 1.038075181369890743e-11 8.133589288195075540e-12
6.698399999999999466e+01 1.061987910805362034e-11 8.080301185098281991e-12
6.726500000000000057e+01 1.073851597921393619e-11 8.169280356351560357e-12
6.753100000000000591e+01 1.052534014805983631e-11 8.306455349937902355e-12
6.779699999999999704e+01 1.092203411046099859e-11 7.917007327495895197e-12
6.806199999999999761e+01 1.098691363582426916e-11 7.948692051784611579e-12
6.834300000000000352e+01 1.077003156796374483e-11 8.182253485866652909e-12
6.860899999999999466e+01 1.046973011759044780e-11 8.080301185098281991e-12
6.887500000000000000e+01 1.079042237506211421e-11 8.281010425992274548e-12
6.914000000000000057e+01 1.076261562510394398e-11 7.891227601919403867e-12
6.942199999999999704e+01 1.054758710927750087e-11 7.974642647623486624e-12
6.968699999999999761e+01 1.076446917713802520e-11 7.870834192735820523e-12
6.995300000000000296e+01 1.077559135670425050e-11 7.659510178892325882e-12
7.023399999999999466e+01 1.082901129878521829e-11 8.208207551152479908e-12
7.050000000000000000e+01 1.064582970389249539e-11 7.761465949107648754e-12
7.078100000000000591e+01 1.089978888396681000e-11 8.234159881714830931e-12
7.104699999999999704e+01 1.107774462438815277e-11 8.154449337993696645e-12
7.131199999999999761e+01 1.026953001803665444e-11 8.271235259205145240e-12
7.159300000000000352e+01 1.099247429192651282e-11 7.904199864072758430e-12
7.187500000000000000e+01 1.113706262628744170e-11 7.878251002957359361e-12
7.214000000000000057e+01 1.098691276846253118e-11 7.978350619053387049e-12
7.240600000000000591e+01 1.097949856032620630e-11 7.974638310814796682e-12
7.267199999999999704e+01 1.061987824069188235e-11 7.926445957928685004e-12
7.295300000000000296e+01 1.105364758058335894e-11 8.254548954089724333e-12
7.323399999999999466e+01 1.083120398925885297e-11 8.082154737132363209e-12
7.350000000000000000e+01 1.103325677348498957e-11 8.078448500425938761e-12
7.378100000000000591e+01 1.049382716139524163e-11 8.115523010554515082e-12
7.404699999999999704e+01 1.108886680395437807e-11 7.665072569718045514e-12
7.431199999999999761e+01 1.094242405019762998e-11 8.063618349429813037e-12
7.459300000000000352e+01 1.067919884467638525e-11 8.180402535917785656e-12
7.485899999999999466e+01 1.081451768414343206e-11 8.099007575701477890e-12
7.512500000000000000e+01 1.117228445174367479e-11 8.158159044147073047e-12
7.539000000000000057e+01 1.070144146908535987e-11 7.722267270082738833e-12
7.567199999999999704e+01 1.074037039860975540e-11 8.063619216791551025e-12
7.593699999999999761e+01 1.082378717903731413e-11 8.211915522582380333e-12
7.620300000000000296e+01 1.100373004520038833e-11 7.906054283468577637e-12
7.646800000000000352e+01 1.071812430475382882e-11 8.263819316345344390e-12
7.675000000000000000e+01 1.084603240553150272e-11 8.476996014861182260e-12
7.701500000000000057e+01 1.109998811615886538e-11 7.961666048661442119e-12
7.728100000000000591e+01 1.075149257817598070e-11 8.037666886229200003e-12
7.756199999999999761e+01 1.097022993279406222e-11 8.026543839301236716e-12
7.782800000000000296e+01 1.121306346385519959e-11 8.260986512909074264e-12
7.809300000000000352e+01 1.127979914333776534e-11 8.102548146315946553e-12
7.835899999999999466e+01 1.073851858129915016e-11 8.163718832887578714e-12
7.864000000000000057e+01 1.116672292827969315e-11 7.826344607109181339e-12
7.890600000000000591e+01 1.094427760223171120e-11 8.189671163449929736e-12
7.917199999999999704e+01 1.088495960033242227e-11 8.113567977197089220e-12
7.945300000000000296e+01 1.057909836121861957e-11 7.904202466157972395e-12
7.971800000000000352e+01 1.132428612687919056e-11 8.220947360360053580e-12
7.998399999999999466e+01 1.090349772275844842e-11 8.378749083437497802e-12
8.025000000000000000e+01 1.102584169798692670e-11 8.246428713498676899e-12
8.053100000000000591e+01 1.126682341173745883e-11 7.920885301826441349e-12
8.079699999999999704e+01 1.086642234526813411e-11 8.263819316345344390e-12
8.106199999999999761e+01 1.136506774107592932e-11 8.484410222997507134e-12
8.132800000000000296e+01 1.115189364464530541e-11 8.273089678600964447e-12
8.160899999999999466e+01 1.114447856914724255e-11 8.241574957212893793e-12
8.187500000000000000e+01 1.139472717570644278e-11 8.152596653321353415e-12
8.214000000000000057e+01 1.092018055842691737e-11 7.965373152729604556e-12
8.242199999999999704e+01 1.137619252272736858e-11 8.241574957212893793e-12
8.268699999999999761e+01 1.122048027407673843e-11 8.124791638086659162e-12
8.295300000000000296e+01 1.080710347600710719e-11 8.046935513761344083e-12
8.321800000000000352e+01 1.093315629002722389e-11 8.243429376608713000e-12
8.350000000000000000e+01 1.120380004049348344e-11 8.258259527604838723e-12
8.376500000000000057e+01 1.119823764966776380e-11 8.304601797903821137e-12
8.404699999999999704e+01 1.126497072706511560e-11 8.313868690712489240e-12
8.431199999999999761e+01 1.127794298921847016e-11 8.217307910507454238e-12
8.457800000000000296e+01 1.141141001137491173e-11 8.269379105085850057e-12
8.485899999999999466e+01 1.115745516810928706e-11 8.365774219198929273e-12
8.512500000000000000e+01 1.130945857796827880e-11 8.356505591666785193e-12
8.539000000000000057e+01 1.114818567321540499e-11 8.384309739539741457e-12
8.565600000000000591e+01 1.141882595423471258e-11 8.439921504732605939e-12
8.593699999999999761e+01 1.157453820288534274e-11 8.517777629057921018e-12
8.620300000000000296e+01 1.129092219026572863e-11 8.428799325166380640e-12
8.646800000000000352e+01 1.136136323909298085e-11 8.304667717395908255e-12
8.675000000000000000e+01 1.119823504758254984e-11 8.562265479961084225e-12
8.701500000000000057e+01 1.099618313071815123e-11 8.274940628549831700e-12
8.728100000000000591e+01 1.124828615667317067e-11 8.436214400664443502e-12
8.754699999999999704e+01 1.143180255319675709e-11 8.148149689690686870e-12
8.782800000000000296e+01 1.085344834839130357e-11 8.161865280853497495e-12
8.810899999999999466e+01 1.148370547959798316e-11 8.050643485191244508e-12
8.837500000000000000e+01 1.153375658868860398e-11 8.554009063577172611e-12
8.864000000000000057e+01 1.117413800377775601e-11 8.172988327781460782e-12
8.890600000000000591e+01 1.129648371372971027e-11 8.343528992704740688e-12
8.918699999999999761e+01 1.120565099044235069e-11 8.224890386820948862e-12
8.945300000000000296e+01 1.170615080564596511e-11 8.636413632856498879e-12
8.971800000000000352e+01 1.122048027407673843e-11 8.289773381631171389e-12
9.000000000000000000e+01 1.133355648913481062e-11 8.428428961704259592e-12
9.026500000000000057e+01 1.147999924289155871e-11 8.388016843607903894e-12
9.053100000000000591e+01 1.142624016237103746e-11 8.287918094873614194e-12
9.079699999999999704e+01 1.136692562991870048e-11 8.248991767434432631e-12
9.107800000000000296e+01 1.097579145625804387e-11 8.534459597364651984e-12
9.134300000000000352e+01 1.156341515595737945e-11 8.269379972447588045e-12
9.160899999999999466e+01 1.120935809451051313e-11 8.441775056766687158e-12
9.187500000000000000e+01 1.146146285518900854e-11 8.245283796004532206e-12
9.215600000000000591e+01 1.150780512548799095e-11 8.363918065079634090e-12
9.242199999999999704e+01 1.132428699424092855e-11 8.400995177293424376e-12
9.268699999999999761e+01 1.141141261346012570e-11 8.211917257305856310e-12
9.296800000000000352e+01 1.139658246246399997e-11 8.469580072001381410e-12
9.323399999999999466e+01 1.135024105952675555e-11 8.363919799803110067e-12
9.350000000000000000e+01 1.119638062818673063e-11 8.204568101299880567e-12
9.376500000000000057e+01 1.176546880754525404e-11 8.556703956497102581e-12
9.404699999999999704e+01 1.160790560894575663e-11 8.297186722405758275e-12
9.431199999999999761e+01 1.141697326956236935e-11 8.297186722405758275e-12
9.457800000000000296e+01 1.109257390802254051e-11 8.339820153913102274e-12
9.485899999999999466e+01 1.163200352011228844e-11 8.415823593566074123e-12
9.512500000000000000e+01 1.169132238937331536e-11 8.164528081389121894e-12
9.539000000000000057e+01 1.180439860443138755e-11 8.556705691220578558e-12
9.567199999999999704e+01 1.153932071423779959e-11 8.291626933665252608e-12
9.593699999999999761e+01 1.159863611405187456e-11 8.534457862641176007e-12
9.621800000000000352e+01 1.166722361084504556e-11 8.282829283556836231e-12
9.648399999999999466e+01 1.134653048601164116e-11 8.337969203964235021e-12
9.675000000000000000e+01 1.140214311856624363e-11 8.532168027652886622e-12
9.701500000000000057e+01 1.171171232910994675e-11 8.415822726204336135e-12
9.729699999999999704e+01 1.154673318765064849e-11 8.562266347322822213e-12
9.756199999999999761e+01 1.135950795233542365e-11 8.000592376100623682e-12
9.782800000000000296e+01 1.184703377066220753e-11 8.502946610700057306e-12
9.809300000000000352e+01 1.207503888545069515e-11 8.384308872178003469e-12
9.837500000000000000e+01 1.129648111164449631e-11 8.593780201349154879e-12
9.864000000000000057e+01 1.140399493587684887e-11 8.176694564487885231e-12
9.890600000000000591e+01 1.153561014072268520e-11 8.545583511654353259e-12
9.920300000000000296e+01 1.155600094782105458e-11 8.829200391635705358e-12
9.946800000000000352e+01 1.155970718452747903e-11 8.434359981268624296e-12
9.973399999999999466e+01 1.151892817241595424e-11 8.475142462827101042e-12
1.000150000000000006e+02 1.212694007712844524e-11 8.171133908385641575e-12
1.002810000000000059e+02 1.142995073588615185e-11 8.337968336602497033e-12
1.005469999999999970e+02 1.160605205691167541e-11 8.430653744562199847e-12
1.008280000000000030e+02 1.163385707214636966e-11 8.304600930542083148e-12
1.010930000000000035e+02 1.161707362251629405e-11 8.608608617621804626e-12
1.013589999999999947e+02 1.119637889346325466e-11 8.905201229203463242e-12
1.016250000000000000e+02 1.143180255319675709e-11 8.145181577823290553e-12
1.019060000000000059e+02 1.160605205691167541e-11 8.458459627158632088e-12
1.021869999999999976e+02 1.184888558797281277e-11 8.163720567611054690e-12
1.024530000000000030e+02 1.174878770660026106e-11 8.419529830272498572e-12
1.027180000000000035e+02 1.186556929100301971e-11 8.217476178684623989e-12
1.029839999999999947e+02 1.163385707214636966e-11 8.404768200853673932e-12
1.032650000000000006e+02 1.183591245845772022e-11 8.491825298495569996e-12
1.035310000000000059e+02 1.157824357223002920e-11 8.514069657628020593e-12
1.037969999999999970e+02 1.175063952391086630e-11 8.662365096057111913e-12
1.040619999999999976e+02 1.183034746554678662e-11 8.470288706541317936e-12
1.043430000000000035e+02 1.155971065397443098e-11 8.527045389228327110e-12
1.046089999999999947e+02 1.152634151319054112e-11 8.523338285160164673e-12
1.048750000000000000e+02 1.211025637409823830e-11 8.219330598080443195e-12
1.051560000000000059e+02 1.157703100052032141e-11 8.534460464726389972e-12
1.054219999999999970e+02 1.173580937291474058e-11 8.558558375892921788e-12
1.056869999999999976e+02 1.201929181182670447e-11 8.367627771233010492e-12
1.059530000000000030e+02 1.179327382277994829e-11 8.463008939474381265e-12
1.062339999999999947e+02 1.187854588996506422e-11 8.395433653829442733e-12
1.065000000000000000e+02 1.159492900998371212e-11 8.251889623001051888e-12
1.067650000000000006e+02 1.178029809117964177e-11 8.706855549045489084e-12
1.070310000000000059e+02 1.175990901880474837e-11 8.864421349730200461e-12
1.073119999999999976e+02 1.191005800926792091e-11 8.766174418306516003e-12
1.075930000000000035e+02 1.186927899715639612e-11 8.400993442569948400e-12
1.078589999999999947e+02 1.181366549724005566e-11 8.634562682907631626e-12
1.081250000000000000e+02 1.184147137983648790e-11 8.482558405686901892e-12
1.084060000000000059e+02 1.203055016718579395e-11 8.508508134164038950e-12
1.086719999999999970e+02 1.147443771942757706e-11 8.697787282074820325e-12
1.089369999999999976e+02 1.175990728408127239e-11 8.855150120112842416e-12
1.092030000000000030e+02 1.179543095142232545e-11 8.710562653113651521e-12
1.094839999999999947e+02 1.220850417288366074e-11 8.386165026297298652e-12
1.097500000000000000e+02 1.169132065464983938e-11 8.354650304909227998e-12
1.100150000000000006e+02 1.202111413883821811e-11 8.894078182275499955e-12
1.102810000000000059e+02 1.197493840199292947e-11 8.467728254690776168e-12
1.105619999999999976e+02 1.180254505239730634e-11 8.701429334012633632e-12
1.108280000000000030e+02 1.160790474158401864e-11 8.947836395434283219e-12
1.110930000000000035e+02 1.185630066347087563e-11 8.871835557866525335e-12
1.113750000000000000e+02 1.141512145225176411e-11 8.436213533302705514e-12
1.116400000000000006e+02 1.196381708978844216e-11 8.703148444977326648e-12
1.119060000000000059e+02 1.189708141030587640e-11 8.771735941770497647e-12
1.121719999999999970e+02 1.211767318431977714e-11 8.619732531911505902e-12
1.124530000000000030e+02 1.194157186329425357e-11 8.493677115806175237e-12
1.127180000000000035e+02 1.192118105619588420e-11 8.806955165141516773e-12
1.129839999999999947e+02 1.173024871681249692e-11 8.868868313360867006e-12
1.132650000000000006e+02 1.203981792735620004e-11 8.422968919563622592e-12
1.135310000000000059e+02 1.200274428458936171e-11 8.808807849813860003e-12
1.138119999999999976e+02 1.213621043938406530e-11 8.391726549761280296e-12
1.140780000000000030e+02 1.243094949893164269e-11 8.660512411384768683e-12
1.143430000000000035e+02 1.192488816026404663e-11 8.721684832679876820e-12
1.146250000000000000e+02 1.199718362848711806e-11 8.862566930334381254e-12
1.148900000000000006e+02 1.219923641271325465e-11 8.905202963926939219e-12
1.151560000000000059e+02 1.209543055991080251e-11 8.925287592331798692e-12
1.154219999999999970e+02 1.214123246384701815e-11 8.869982873194182105e-12
1.157030000000000030e+02 1.213621217410754127e-11 8.638267184890580097e-12
1.159680000000000035e+02 1.167463781898137043e-11 8.532607780054046742e-12
1.162339999999999947e+02 1.220675210217292417e-11 8.656804439954868258e-12
1.165000000000000000e+02 1.217143053011682241e-11 8.732807012246102119e-12
1.167810000000000059e+02 1.190264553585507201e-11 8.927445588335913840e-12
1.170619999999999976e+02 1.195454672753282210e-11 8.705002864373145854e-12
1.173280000000000030e+02 1.208060040891467679e-11 8.408406783344535285e-12
1.175930000000000035e+02 1.198235261012925434e-11 8.703147577615588659e-12
1.178589999999999947e+02 1.243836457442970556e-11 8.912614569978050127e-12
1.181400000000000006e+02 1.206947562726323753e-11 8.738368535710083762e-12
1.184060000000000059e+02 1.193600947246853394e-11 8.412114754774435710e-12
1.186719999999999970e+02 1.197864637342282990e-11 8.867049455796305324e-12
1.189530000000000030e+02 1.202498690899833633e-11 8.719832148007533590e-12
1.192180000000000035e+02 1.221221214431356117e-11 8.590070495195778477e-12
1.194839999999999947e+02 1.215474856181009145e-11 8.690172713377020131e-12
1.197500000000000000e+02 1.226040796664662480e-11 8.945983710761939989e-12
1.200310000000000059e+02 1.193044968372802828e-11 8.677196981776713613e-12
1.203119999999999976e+02 1.203981705999446206e-11 8.853299170163975162e-12
1.205780000000000030e+02 1.223631179020356896e-11 8.981204668856435092e-12
1.208430000000000035e+02 1.203796611004559480e-11 8.729099040816201693e-12
1.211250000000000000e+02 1.191191242866374012e-11 9.177696796980328031e-12
1.213900000000000006e+02 1.214733175158855261e-11 8.706856416407227073e-12
1.216719999999999970e+02 1.215103885565671504e-11 8.636411898133022902e-12
1.219369999999999976e+02 1.221035859227947995e-11 8.391725682399542308e-12
1.222030000000000030e+02 1.222519047799908165e-11 8.755051371378552716e-12
1.224680000000000035e+02 1.200274254986588574e-11 8.571535842216704282e-12
1.227500000000000000e+02 1.216216190258467833e-11 8.894079916998975932e-12
1.230150000000000006e+02 1.226967659417876888e-11 8.779149282545084532e-12
1.232810000000000059e+02 1.200459870398518092e-11 8.666073067487012338e-12
1.235619999999999976e+02 1.243836457442970556e-11 8.742075639778246199e-12
1.238280000000000030e+02 1.213991927817570371e-11 8.912617172063264093e-12
1.240930000000000035e+02 1.193230497048558547e-11 8.810661401847941221e-12
1.243589999999999947e+02 1.221406743107111836e-11 8.577094763595471960e-12
1.246400000000000006e+02 1.245504827745991250e-11 8.808810451899073968e-12
1.249060000000000059e+02 1.243465660299980513e-11 8.595631151298022132e-12
1.251719999999999970e+02 1.233084988283561501e-11 9.203749741504285709e-12
1.254369999999999976e+02 1.251065917529103899e-11 8.857005406870399611e-12
1.257180000000000035e+02 1.223631265756530695e-11 8.858859826266218818e-12
1.260000000000000000e+02 1.183961782780240668e-11 8.723538384713958038e-12
1.262650000000000006e+02 1.202684393047936950e-11 8.867050323158043312e-12
1.265310000000000059e+02 1.226597035747234443e-11 8.680903218483138062e-12
1.267969999999999970e+02 1.241055955919501130e-11 8.816224660035398841e-12
1.270780000000000030e+02 1.246246335295797536e-11 9.018277444261535436e-12
1.273430000000000035e+02 1.227773265000120517e-11 9.040524405479199999e-12
1.276089999999999947e+02 1.241241397859083051e-11 9.018279178985011413e-12
1.278900000000000006e+02 1.226411767280000120e-11 8.636413632856498879e-12
1.281560000000000059e+02 1.243651015503388635e-11 8.892224630241418737e-12
1.284219999999999970e+02 1.235309510932980359e-11 8.929299140369995058e-12
1.286870000000000118e+02 1.257924493736073401e-11 9.094279149191031308e-12
1.289679999999999893e+02 1.231045994309898362e-11 9.018278311623273424e-12
1.292340000000000089e+02 1.237533686637704022e-11 8.890371078207337519e-12
1.295000000000000000e+02 1.286471710409964331e-11 8.701293158219769452e-12
1.297810000000000059e+02 1.247173284785185743e-11 9.039947609923437710e-12
1.300469999999999970e+02 1.243465747036154312e-11 9.109109300187157032e-12
1.303120000000000118e+02 1.235494779400214682e-11 8.719833015369271578e-12
1.305780000000000030e+02 1.226782304214468766e-11 8.894081651722451909e-12
1.308590000000000089e+02 1.232899893288674775e-11 8.838467284444373462e-12
1.311250000000000000e+02 1.264783416887738099e-11 8.812515821243760428e-12
1.314060000000000059e+02 1.231972857063112770e-11 9.125489426609068033e-12
1.316719999999999970e+02 1.232528835937163336e-11 9.364921164933814879e-12
1.319370000000000118e+02 1.222889584734376811e-11 8.739647894273616657e-12
1.322179999999999893e+02 1.251251185996338222e-11 9.127645687889707204e-12
1.324840000000000089e+02 1.231231262777132685e-11 9.110964586944714227e-12
1.327500000000000000e+02 1.259778305978676016e-11 9.012715920797553792e-12
1.330149999999999864e+02 1.228079964110673217e-11 9.222184647883491238e-12
1.332969999999999970e+02 1.270715130341493193e-11 8.892226364964894714e-12
1.335620000000000118e+02 1.245319299070235530e-11 8.819931764103561278e-12
1.338280000000000030e+02 1.271271195951717559e-11 8.773589493804578865e-12
1.341090000000000089e+02 1.228821645132827101e-11 9.009008816729391356e-12
1.343750000000000000e+02 1.274793291761167069e-11 8.901494992497038794e-12
1.346399999999999864e+02 1.268861751779759572e-11 8.927445588335913840e-12
1.349060000000000059e+02 1.251065917529103899e-11 8.914470724097345311e-12
1.351870000000000118e+02 1.254402571398971489e-11 8.974428838959269683e-12
1.354530000000000030e+02 1.285544847656749923e-11 9.105402196118994596e-12
1.357179999999999893e+02 1.223445650344601177e-11 8.693878950083444579e-12
1.360000000000000000e+02 1.244207254585960598e-11 8.699442208270902199e-12
1.362649999999999864e+02 1.257183159658614713e-11 9.122085031787463549e-12
1.365310000000000059e+02 1.277017814410585927e-11 8.983058220890516310e-12
1.367969999999999970e+02 1.274978820436922788e-11 8.669781038916912763e-12
1.370780000000000030e+02 1.256627094048390347e-11 9.425790876982365063e-12
1.373590000000000089e+02 1.280539910220035438e-11 8.855151854836318392e-12
1.376250000000000000e+02 1.269602999121044462e-11 8.753196951982733509e-12
1.379060000000000059e+02 1.257739485477360475e-11 8.766172683583040026e-12
1.381719999999999970e+02 1.261817386688512954e-11 9.186965424512472111e-12
1.384370000000000118e+02 1.270529775138085071e-11 8.973786991273158264e-12
1.387179999999999893e+02 1.269232288714228218e-11 9.190672528580634548e-12
1.389840000000000089e+02 1.273681073804544539e-11 9.231455010139111295e-12
1.392500000000000000e+02 1.279427692263412908e-11 8.886662239415699105e-12
1.395310000000000059e+02 1.282022751847300412e-11 9.290771277314924248e-12
1.397969999999999970e+02 1.225670172994020035e-11 8.756904923412633934e-12
1.400780000000000030e+02 1.276091125129719117e-11 9.118377927719301113e-12
1.403429999999999893e+02 1.313350730253182164e-11 9.196234052044616192e-12
1.406090000000000089e+02 1.293886438963331997e-11 8.838468151806111450e-12
1.408750000000000000e+02 1.256812535987972268e-11 8.684611189913038487e-12
1.411560000000000059e+02 1.299447702218792244e-11 9.122085899149201538e-12
1.414219999999999970e+02 1.275349530843739032e-11 9.240722770309517387e-12
1.416870000000000118e+02 1.241426579590143575e-11 9.170280854120527181e-12
1.419679999999999893e+02 1.263115133320891204e-11 8.844030542631831082e-12
1.422340000000000089e+02 1.301486782928629182e-11 9.120232347115120319e-12
1.425149999999999864e+02 1.282949614600514820e-11 9.209209783644922709e-12
1.427810000000000059e+02 1.290364429890056286e-11 8.894348799137752337e-12
1.430469999999999970e+02 1.299262433751557921e-11 9.257405605977986340e-12
1.433280000000000030e+02 1.258666174758227285e-11 9.123938583821544768e-12
1.435929999999999893e+02 1.285730463068679441e-11 8.779149282545084532e-12
1.438590000000000089e+02 1.248470771209042596e-11 9.138769602179408480e-12
1.441250000000000000e+02 1.282393462254116656e-11 8.972609114032970012e-12
1.444060000000000059e+02 1.309272308624986891e-11 9.116523508323481906e-12
1.446719999999999970e+02 1.250324323243123814e-11 8.943489178403485340e-12
1.449370000000000118e+02 1.262558894238319240e-11 8.907054781237544461e-12
1.452030000000000030e+02 1.271086014220657034e-11 8.971934306600815034e-12
1.454840000000000089e+02 1.285730202860158045e-11 9.038668251359904815e-12
1.457500000000000000e+02 1.262002915364268674e-11 9.168428169448183951e-12
1.460149999999999864e+02 1.279983844609811072e-11 8.994180400456741609e-12
1.462969999999999970e+02 1.319096915031181538e-11 8.987169515528581343e-12
1.465620000000000118e+02 1.274237312887116502e-11 9.212916020351347157e-12
1.468280000000000030e+02 1.267007679328635561e-11 9.070182972747975469e-12
1.470929999999999893e+02 1.279983497665115877e-11 9.110962852221238251e-12
1.473750000000000000e+02 1.311682013005466274e-11 9.329699339477581788e-12
1.476560000000000059e+02 1.282555398690599091e-11 9.018279178985011413e-12
1.479219999999999970e+02 1.267749360350789445e-11 9.088717625727049665e-12
1.481870000000000118e+02 1.288139993976811226e-11 9.207390926080361027e-12
1.484530000000000030e+02 1.287213131223596818e-11 9.188818109184815341e-12
1.487340000000000089e+02 1.262744162705553563e-11 8.992325113699184413e-12
1.490000000000000000e+02 1.282764085924759101e-11 9.179549481652671261e-12
1.492649999999999864e+02 1.303525863638466120e-11 9.047936878892048895e-12
1.495469999999999970e+02 1.307418496382384276e-11 8.999741056558985264e-12
1.498120000000000118e+02 1.281837570116239888e-11 9.242574587620122628e-12
1.500780000000000030e+02 1.285915644799739965e-11 9.294748998245339067e-12
1.503590000000000089e+02 1.302784095880138437e-11 9.156429087164852376e-12
1.506250000000000000e+02 1.304823350062322973e-11 9.097987120620931734e-12
1.509060000000000059e+02 1.312794144225915005e-11 9.159160409277777859e-12
1.511719999999999970e+02 1.323505367800681398e-11 9.229600590743292088e-12
1.514370000000000118e+02 1.353946729037991403e-11 9.029400491189498723e-12
1.517030000000000030e+02 1.306491633629169868e-11 9.001596343316542459e-12
1.519840000000000089e+02 1.331516581021263690e-11 9.092426464518688078e-12
1.522500000000000000e+02 1.335224118770295121e-11 9.303748743638706742e-12
1.525149999999999864e+02 1.287584015102760659e-11 9.249992265203399455e-12
1.527810000000000059e+02 1.266266085042655476e-11 9.363067612899733660e-12
1.530620000000000118e+02 1.327994832156509375e-11 9.122085031787463549e-12
1.533280000000000030e+02 1.287027776020188696e-11 9.422385614799022591e-12
1.535929999999999893e+02 1.312979672901670725e-11 9.355651670039932810e-12
1.538750000000000000e+02 1.279798315934055353e-11 9.224040802002786421e-12
1.541399999999999864e+02 1.323545873593845457e-11 9.561413293057707818e-12
1.544060000000000059e+02 1.284803340106943637e-11 9.042377090151543229e-12
1.546719999999999970e+02 1.292588952539475144e-11 9.096133568586850515e-12
1.549530000000000030e+02 1.313721353923824609e-11 9.259259158012067559e-12
1.552179999999999893e+02 1.357283209435511395e-11 9.238867483551960191e-12
1.554840000000000089e+02 1.305379589144894936e-11 9.287064173246761811e-12
1.557500000000000000e+02 1.307047785975568033e-11 9.452045916791274038e-12
1.560310000000000059e+02 1.324658091550467987e-11 9.490973978953931578e-12
1.563120000000000118e+02 1.297223092833199587e-11 9.224039934641048433e-12
1.565780000000000030e+02 1.292959836418638986e-11 9.363068480261471649e-12
1.568429999999999893e+02 1.316687210650702156e-11 9.474929521524622089e-12
1.571250000000000000e+02 1.304267284452098608e-11 9.170282588844003158e-12
1.573899999999999864e+02 1.319838509317161623e-11 9.394579732202590350e-12
1.576560000000000059e+02 1.299818499361782287e-11 8.949689080106626449e-12
1.579219999999999970e+02 1.319838335844814026e-11 9.222184647883491238e-12
1.582030000000000030e+02 1.326882614199886845e-11 8.905268883419026338e-12
1.584679999999999893e+02 1.352648982405613154e-11 9.155451570486139445e-12
1.587340000000000089e+02 1.308901511481996849e-11 9.042376222789805240e-12
1.590000000000000000e+02 1.314647869732343821e-11 9.348240063988821902e-12
1.592810000000000059e+02 1.330404536536988758e-11 9.261112710046148777e-12
1.595469999999999970e+02 1.303896487309108565e-11 9.433507794365247889e-12
1.598120000000000118e+02 1.342453492120254666e-11 9.481704484060049509e-12
1.600929999999999893e+02 1.326140846441559162e-11 9.122085899149201538e-12
1.603590000000000089e+02 1.323545786857671658e-11 9.774589124211807700e-12
1.606250000000000000e+02 1.334853234891131279e-11 9.316723607877275271e-12
1.608899999999999864e+02 1.306676988832577990e-11 9.463167228995761349e-12
1.611719999999999970e+02 1.330033739393998715e-11 8.968228069894390586e-12
1.614370000000000118e+02 1.320579930130794111e-11 9.216486948626645415e-12
1.617179999999999893e+02 1.294442591309730162e-11 9.146182942953995365e-12
1.619840000000000089e+02 1.304638081595088650e-11 9.352989736866046400e-12
1.622500000000000000e+02 1.329848384190590593e-11 9.264821548837787191e-12
1.625310000000000059e+02 1.343009731202826629e-11 9.274089309008193283e-12
1.627969999999999970e+02 1.341712244778969776e-11 9.424240034194841797e-12
1.630620000000000118e+02 1.302413385473322194e-11 9.151745333779714997e-12
1.633280000000000030e+02 1.349312502008093162e-11 9.046082459496229689e-12
1.636090000000000089e+02 1.304452552919332931e-11 9.241969169127006722e-12
1.638750000000000000e+02 1.340785121817233971e-11 9.142477573609308905e-12
1.641399999999999864e+02 1.342824289263244708e-11 9.576243444053833542e-12
1.644219999999999970e+02 1.321321350944426598e-11 9.235160379483797755e-12
1.646870000000000118e+02 1.319282096762242062e-11 9.301895191604625523e-12
1.649530000000000030e+02 1.366922547374471719e-11 9.427946270901266246e-12
1.652179999999999893e+02 1.323360344918089737e-11 9.385309369946970293e-12
1.655000000000000000e+02 1.326697085524131126e-11 9.073890944177875895e-12
1.657649999999999864e+02 1.370629911651155552e-11 9.277795545714617731e-12
1.660310000000000059e+02 1.327994832156509375e-11 9.355652537401670799e-12
1.663120000000000118e+02 1.315861308803789598e-11 9.561413293057707818e-12
1.665780000000000030e+02 1.334297342753254512e-11 9.255552921305643110e-12
1.668429999999999893e+02 1.345975674665877975e-11 9.607757298080166208e-12
1.671090000000000089e+02 1.360249152898562741e-11 9.103547776723175389e-12
1.673899999999999864e+02 1.305935568018945503e-11 9.231455010139111295e-12
1.676719999999999970e+02 1.307048046184089429e-11 9.609609115390771450e-12
1.679370000000000118e+02 1.378230168880278939e-11 9.876543159703654595e-12
1.682030000000000030e+02 1.310755236988425665e-11 9.338969701733201845e-12
1.684679999999999893e+02 1.319096915031181538e-11 9.172135273516346388e-12
1.687500000000000000e+02 1.339673164069132838e-11 9.420532930126679361e-12
1.690149999999999864e+02 1.328736166233968063e-11 9.385312839393922246e-12
1.692810000000000059e+02 1.342824289263244708e-11 9.333407310907482213e-12
1.695469999999999970e+02 1.335594829177111365e-11 9.400142123028309982e-12
1.698280000000000030e+02 1.334853495099652676e-11 9.176450398162838695e-12
1.700929999999999893e+02 1.349868394145969930e-11 9.422387349522498567e-12
1.703590000000000089e+02 1.330589805004223081e-11 9.437214898433410326e-12
1.706399999999999864e+02 1.334297429489428310e-11 9.496536369779651210e-12
1.709060000000000059e+02 1.340414671618939124e-11 9.016424759589192206e-12
1.711719999999999970e+02 1.317428631464334643e-11 9.259260025373805547e-12
1.714370000000000118e+02 1.364142132587176093e-11 9.279652567195650903e-12
1.717179999999999893e+02 1.371742216343951881e-11 9.352989736866046400e-12
1.719840000000000089e+02 1.351165880569826783e-11 9.233306827449716536e-12
1.722500000000000000e+02 1.340414411410417728e-11 9.331554626235138983e-12
1.725310000000000059e+02 1.365625060950614866e-11 9.368630003725453292e-12
1.727969999999999970e+02 1.366922634110645518e-11 9.668929719375274345e-12
1.730780000000000030e+02 1.335038850303060798e-11 9.196233184682878203e-12
1.733429999999999893e+02 1.360805391981134704e-11 9.231049084845732722e-12
1.736090000000000089e+02 1.322804192571691573e-11 9.401993072977177235e-12
1.738899999999999864e+02 1.342453492120254666e-11 9.496533767694437245e-12
1.741560000000000059e+02 1.328550811030559942e-11 9.361212326142176465e-12
1.744219999999999970e+02 1.348756349661694998e-11 9.324140418098814109e-12
1.746870000000000118e+02 1.330219181333580636e-11 9.624440133748635162e-12
1.749679999999999893e+02 1.326511643584549205e-11 9.476749246450921760e-12
1.752340000000000089e+02 1.363029654422032166e-11 9.463167228995761349e-12
1.755000000000000000e+02 1.357839448518083358e-11 9.467649754457685418e-12
1.757649999999999864e+02 1.346346385072694218e-11 9.411263435232797292e-12
1.760469999999999970e+02 1.378230255616452737e-11 9.722686197810581632e-12
1.763120000000000118e+02 1.355985809747828341e-11 9.424238299471365821e-12
1.765780000000000030e+02 1.389908500792902402e-11 9.513215736001168210e-12
1.768590000000000089e+02 1.369703048897941144e-11 9.552145532887301727e-12
1.771250000000000000e+02 1.375635109296391434e-11 9.144331125643390124e-12
1.773899999999999864e+02 1.350053749349378052e-11 9.813517186374465240e-12
1.776560000000000059e+02 1.355800281072072622e-11 9.466874333063923785e-12
1.779370000000000118e+02 1.381566822750146528e-11 9.687872899732941079e-12
1.782030000000000030e+02 1.309642932295629336e-11 9.642976521451185334e-12
1.784679999999999893e+02 1.365068648395695305e-11 9.147328727809878046e-12
1.787500000000000000e+02 1.343751498961154311e-11 9.383458419998103039e-12
1.790149999999999864e+02 1.370444816656268827e-11 9.513218338086382175e-12
1.792969999999999970e+02 1.349127060068511241e-11 9.602330215685572767e-12
1.795620000000000118e+02 1.332443530510651897e-11 9.351945433333508362e-12
1.798280000000000030e+02 1.364698024725052861e-11 9.576245178777309519e-12
1.801090000000000089e+02 1.380639873260758321e-11 9.166572882690626756e-12
1.803750000000000000e+02 1.386757115390269135e-11 9.243791496138520358e-12
1.806399999999999864e+02 1.376190827961920604e-11 9.505803262588319313e-12
1.809060000000000059e+02 1.390650008342708688e-11 9.589220043015878048e-12
1.811870000000000118e+02 1.338746214579744631e-11 9.568829235917508669e-12
1.814530000000000030e+02 1.319652980641405904e-11 9.680050164218023667e-12
1.817179999999999893e+02 1.355614752396316902e-11 9.348238329265345925e-12
1.819840000000000089e+02 1.376932508984074488e-11 9.407557198526372844e-12
1.822649999999999864e+02 1.407889516774618599e-11 9.459458390204122935e-12
1.825310000000000059e+02 1.360249066162388942e-11 9.676342192788123242e-12
1.827969999999999970e+02 1.374152007460605063e-11 9.563267712453527025e-12
1.830780000000000030e+02 1.359878529227920296e-11 9.578096996087914761e-12
1.833429999999999893e+02 1.388981464567340396e-11 9.579951415483733967e-12
1.836090000000000089e+02 1.385274273763004160e-11 9.885811787235798676e-12
1.838750000000000000e+02 1.383605903459983466e-11 9.744930556943032229e-12
1.841560000000000059e+02 1.373039702767808734e-11 9.568826633832294704e-12
1.844370000000000118e+02 1.357653919842327639e-11 9.165529446519826706e-12
1.847030000000000030e+02 1.357721400585543137e-11 9.969229435025095398e-12
1.849679999999999893e+02 1.343009731202826629e-11 9.743077004908951011e-12
1.852340000000000089e+02 1.349126799859989845e-11 9.394582334287804315e-12
1.855149999999999864e+02 1.381196199079504083e-11 9.950691312599069249e-12
1.857810000000000059e+02 1.376376356637676324e-11 9.652246883706805392e-12
1.860469999999999970e+02 1.393986575476402479e-11 9.474291143285462624e-12
1.863280000000000030e+02 1.343565883549224793e-11 9.205502679576760272e-12
1.865929999999999893e+02 1.400474701485077134e-11 9.383459287359841028e-12
1.868590000000000089e+02 1.386015607840462849e-11 9.438529818828200746e-12
1.871250000000000000e+02 1.388054775286473586e-11 9.413117854628616499e-12
1.874060000000000059e+02 1.361361370855185271e-11 9.209208916283184720e-12
1.876719999999999970e+02 1.392318291909555583e-11 9.715271122312518770e-12
1.879370000000000118e+02 1.431616630798160372e-11 9.479850064664230302e-12
1.882030000000000030e+02 1.378415263875165664e-11 9.492825796264536820e-12
1.884840000000000089e+02 1.409557800341465494e-11 9.637414997987203691e-12
1.887500000000000000e+02 1.393801220272994357e-11 9.826492917974771757e-12
1.890149999999999864e+02 1.378415350611339463e-11 9.731954825342725712e-12
1.892969999999999970e+02 1.362473588811807801e-11 9.665220013221897943e-12
1.895620000000000118e+02 1.439402590175387076e-11 9.694878580490673414e-12
1.898280000000000030e+02 1.421603459950127046e-11 9.316723607877275271e-12
1.901090000000000089e+02 1.393801307009168156e-11 9.385311104670446269e-12
1.903750000000000000e+02 1.404923573311567253e-11 9.639272019468236863e-12
1.906560000000000059e+02 1.389166993243096115e-11 9.607756430718428220e-12
1.909219999999999970e+02 1.390835450282290608e-11 9.570681920589851899e-12
1.911870000000000118e+02 1.393059712723188071e-11 9.691173211145986954e-12
1.914530000000000030e+02 1.378786321226677103e-11 9.681906318337318851e-12
1.917340000000000089e+02 1.390464479666952968e-11 9.678200081630894402e-12
1.920000000000000000e+02 1.383791345399565387e-11 9.783858619105689769e-12
1.922649999999999864e+02 1.384532852949371673e-11 9.793127246637833849e-12
1.925310000000000059e+02 1.398064823632250153e-11 9.743077004908951011e-12
1.928120000000000118e+02 1.376190914698094403e-11 9.744930556943032229e-12
1.930780000000000030e+02 1.376376269901502525e-11 9.704147208022817495e-12
1.933429999999999893e+02 1.396396540065403258e-11 9.481703616698311521e-12
1.936250000000000000e+02 1.406777298817996069e-11 9.628146370455059611e-12
1.938899999999999864e+02 1.400659883216137658e-11 9.626293685782716381e-12
1.941560000000000059e+02 1.387869333346891665e-11 9.379750448568202614e-12
1.944219999999999970e+02 1.404923486575393454e-11 9.832053574077015412e-12
1.947030000000000030e+02 1.423645836634568340e-11 1.003967135121408560e-11
1.949679999999999893e+02 1.414933534921170022e-11 9.609609982752509438e-12
1.952340000000000089e+02 1.400474701485077134e-11 9.819078709838446883e-12
1.955149999999999864e+02 1.430689854781119763e-11 9.776443543607626907e-12
1.957810000000000059e+02 1.431616804270507970e-11 9.379749581206464626e-12
1.960620000000000118e+02 1.392689089052545626e-11 9.709708731486799138e-12
1.963280000000000030e+02 1.393801133536820558e-11 9.919011792480780798e-12
1.965929999999999893e+02 1.403039490144308843e-11 9.804247691480583171e-12
1.968750000000000000e+02 1.414933534921170022e-11 9.648535442829953013e-12
1.971399999999999864e+02 1.418270188791037612e-11 9.850591696503041561e-12
1.974060000000000059e+02 1.388425485693289829e-11 9.589219175654140059e-12
1.976719999999999970e+02 1.407518719631628556e-11 9.526194069686688692e-12
1.979530000000000030e+02 1.325028801957284230e-11 9.485849605805896090e-12
1.982179999999999893e+02 1.388425485693289829e-11 9.652246016345067403e-12
1.984840000000000089e+02 1.410484749830853701e-11 9.858009374086318388e-12
1.987500000000000000e+02 1.457383345948581876e-11 9.689317924388429759e-12
1.990310000000000059e+02 1.411967678194292475e-11 1.002669301752856512e-11
1.992969999999999970e+02 1.393430336393830515e-11 9.678195744822204460e-12
1.995620000000000118e+02 1.390835103337595413e-11 9.874692209754787342e-12
1.998429999999999893e+02 1.394728169762382564e-11 9.859860324035185641e-12
2.001090000000000089e+02 1.421977639803895244e-11 1.011739129974653650e-11
2.003750000000000000e+02 1.404182152497934766e-11 9.704148075384555483e-12
2.006399999999999864e+02 1.399177041588872683e-11 9.511363051328824980e-12
2.009219999999999970e+02 1.386942644066024855e-11 9.706071883719413762e-12
2.011870000000000118e+02 1.439958829257959039e-11 1.022689485180583446e-11
2.014679999999999893e+02 1.423460568167334017e-11 9.911764985159887686e-12
2.017340000000000089e+02 1.424943583266946590e-11 9.624440133748635162e-12
2.020000000000000000e+02 1.393430509866178113e-11 9.678194877460466472e-12
2.022810000000000059e+02 1.409928684220629336e-11 9.681906318337318851e-12
2.025620000000000118e+02 1.452007524632703550e-11 9.824641100664166515e-12
2.028280000000000030e+02 1.401401304029770145e-11 9.720629683129811127e-12
2.030929999999999893e+02 1.378230168880278939e-11 9.672635088719960805e-12
2.033590000000000089e+02 1.421977813276242841e-11 9.883958235201717457e-12
2.036399999999999864e+02 1.451822342901643026e-11 9.702431566505076432e-12
2.039060000000000059e+02 1.410670018298088024e-11 9.815372473132022435e-12
2.041719999999999970e+02 1.440143924252845764e-11 9.971082987059176617e-12
2.044530000000000030e+02 1.403255116272372760e-11 9.744930556943032229e-12
2.047179999999999893e+02 1.444036470260590121e-11 9.861712141345790883e-12
2.049840000000000089e+02 1.435509610486773724e-11 9.783856884382213792e-12
2.052500000000000000e+02 1.408445495648669166e-11 9.694881182575887379e-12
2.055310000000000059e+02 1.429577810296844831e-11 9.930300505500699870e-12
2.057969999999999970e+02 1.430133789170895398e-11 9.409409015836978085e-12
2.060620000000000118e+02 1.449597906988397966e-11 9.893226862733861537e-12
2.063280000000000030e+02 1.426426251421863967e-11 1.007859854601500516e-11
2.066090000000000089e+02 1.486857859056556208e-11 9.989621109485202766e-12
2.068750000000000000e+02 1.432523284022879650e-11 9.665222615307111909e-12
2.071399999999999864e+02 1.440329366192427685e-11 9.518609858649718092e-12
2.074219999999999970e+02 1.436251291508927608e-11 9.859859456673447653e-12
2.076870000000000118e+02 1.391391255683993577e-11 9.893228597457337514e-12
2.079679999999999893e+02 1.432543840496069976e-11 9.974790958489077042e-12
2.082340000000000089e+02 1.393986575476402479e-11 9.704148075384555483e-12
2.085000000000000000e+02 1.446446695058112297e-11 9.709709598848537127e-12
2.087810000000000059e+02 1.386015694576636648e-11 9.761612525249763195e-12
2.090469999999999970e+02 1.398806157709708842e-11 1.002639030828200717e-11
2.093120000000000118e+02 1.439031532823875636e-11 9.911729423328630162e-12
2.095780000000000030e+02 1.429762992027905355e-11 9.791271959880276654e-12
2.098590000000000089e+02 1.391947668238913138e-11 9.652244281621591426e-12
2.101250000000000000e+02 1.471471555714032320e-11 9.865422714860905273e-12
2.103899999999999864e+02 1.413079809414741206e-11 1.018796852436665290e-11
2.106719999999999970e+02 1.419197051544252020e-11 9.837616832264473032e-12
2.109370000000000118e+02 1.430319057638129721e-11 9.833908860834572607e-12
2.112030000000000030e+02 1.467578489289245169e-11 9.939568265671105962e-12
2.114679999999999893e+02 1.464612632562367622e-11 9.926593401432537433e-12
2.117500000000000000e+02 1.427538729587007893e-11 9.882105550529374227e-12
2.120149999999999864e+02 1.444592709343162085e-11 9.896932232078547997e-12
2.122810000000000059e+02 1.448485515559427839e-11 9.691176680592938908e-12
2.125469999999999970e+02 1.436622001915743851e-11 9.730100405946906506e-12
2.128280000000000030e+02 1.416231281553548271e-11 9.769028468109564045e-12
2.130929999999999893e+02 1.428280063664466581e-11 9.989619374761726789e-12
2.133590000000000089e+02 1.431616977742855568e-11 9.982709971156911166e-12
2.136399999999999864e+02 1.435880407629763766e-11 9.854297933209466009e-12
2.139060000000000059e+02 1.414748353190109498e-11 1.011937929285000592e-11
2.141870000000000118e+02 1.409187003198475452e-11 9.750490345683537896e-12
2.144530000000000030e+02 1.419965534044109745e-11 9.846884592434879124e-12
2.147179999999999893e+02 1.441812034347345062e-11 9.794980798671915068e-12
2.150000000000000000e+02 1.447558826278561028e-11 9.969227700301619421e-12
2.152649999999999864e+02 1.457198250953695151e-11 9.908057013729987261e-12
2.155310000000000059e+02 1.416972355422485563e-11 9.704148075384555483e-12
2.157969999999999970e+02 1.446631790052999023e-11 1.006006129095071699e-11
2.160780000000000030e+02 1.415674868998628710e-11 1.001000931449835818e-11
2.163429999999999893e+02 1.453305184528908001e-11 1.001547282608594713e-11
2.166090000000000089e+02 1.430689941517293562e-11 9.819079577200184872e-12
2.168899999999999864e+02 1.462017833187001514e-11 9.893226862733861537e-12
2.171560000000000059e+02 1.447558739542387229e-11 1.024357768747430342e-11
2.174370000000000118e+02 1.432914464166712420e-11 1.002669301752856512e-11
2.177030000000000030e+02 1.434212037326743072e-11 9.776444410969364895e-12
2.179679999999999893e+02 1.437734046400018784e-11 1.013050060505449324e-11
2.182500000000000000e+02 1.460905528494205186e-11 1.003781519709479042e-11
2.185149999999999864e+02 1.438475553949825070e-11 9.845031040400797906e-12
2.187810000000000059e+02 1.462573812061052081e-11 1.009898588366642258e-11
2.190620000000000118e+02 1.451636640753539709e-11 9.978499797280715455e-12
2.193280000000000030e+02 1.446075811178948456e-11 1.013235415708857445e-11
2.196090000000000089e+02 1.446446608321938498e-11 9.921032745330293778e-12
2.198750000000000000e+02 1.455900330848969304e-11 9.921034480053769755e-12
2.201399999999999864e+02 1.433470616513110585e-11 1.005449803276325937e-11
2.204219999999999970e+02 1.474993564787308031e-11 9.774589124211807700e-12
2.206870000000000118e+02 1.457197904008999956e-11 9.738832136563235764e-12
2.209679999999999893e+02 1.476290964474991085e-11 9.837615097540997056e-12
2.212340000000000089e+02 1.464056653688317056e-11 1.003596164506070920e-11
2.215000000000000000e+02 1.469617830207603504e-11 1.023430819258042135e-11
2.217649999999999864e+02 1.470915403367634156e-11 1.001371728592825860e-11
2.220469999999999970e+02 1.467207778882428926e-11 9.568829235917508669e-12
2.223120000000000118e+02 1.459422513394592613e-11 1.025284631500644750e-11
2.225780000000000030e+02 1.425499475404823357e-11 9.865423582222643262e-12
2.228590000000000089e+02 1.425499995821866150e-11 9.993327346191627214e-12
2.231250000000000000e+02 1.474066528561746026e-11 1.000630134306845775e-11
2.233899999999999864e+02 1.456456483195367468e-11 1.005635331952081657e-11
2.236560000000000059e+02 1.442368273429917025e-11 9.661512909153735507e-12
2.239370000000000118e+02 1.464798247974297141e-11 1.003596077769897121e-11
2.242030000000000030e+02 1.437548951405132058e-11 1.009342696228765490e-11
2.244679999999999893e+02 1.483520424561124429e-11 1.005449890012499736e-11
2.247340000000000089e+02 1.440143837516671965e-11 1.020657083156129019e-11
2.250149999999999864e+02 1.459422513394592613e-11 1.041597016970818856e-11
2.252810000000000059e+02 1.498164960145320634e-11 1.026952741595144047e-11
2.255469999999999970e+02 1.458680919108612528e-11 1.001371728592825860e-11
2.258280000000000030e+02 1.461090796961439509e-11 9.730100405946906506e-12
2.260929999999999893e+02 1.502243121564994510e-11 9.987766690089383559e-12
2.263750000000000000e+02 1.496496676578473739e-11 1.026952828331317846e-11
2.266399999999999864e+02 1.483150061099003381e-11 1.023205131733817552e-11
2.269060000000000059e+02 1.481852140994277534e-11 1.001910707176811854e-11
2.271870000000000118e+02 1.486671723227583897e-11 1.004523113995459127e-11
2.274530000000000030e+02 1.468876409393971016e-11 9.848738144468960343e-12
2.277340000000000089e+02 1.489452138014879523e-11 1.023060195587399690e-11
2.280000000000000000e+02 1.475920080595827244e-11 1.021391651812031398e-11
2.282810000000000059e+02 1.445334130156794572e-11 9.928446086104880663e-12
2.285469999999999970e+02 1.485744687002021891e-11 1.018796505491970095e-11
2.288280000000000030e+02 1.510769807866463310e-11 9.995181765587446421e-12
2.290929999999999893e+02 1.514291990412086619e-11 1.007859594392979119e-11
2.293750000000000000e+02 1.485930822830994202e-11 9.987764955365907582e-12
2.296399999999999864e+02 1.513736358482731248e-11 1.006006042358897901e-11
2.299060000000000059e+02 1.445334216892968371e-11 9.850592563864779549e-12
2.301870000000000118e+02 1.480925451713410723e-11 9.698586551920573839e-12
2.304530000000000030e+02 1.507247972265535196e-11 1.038260536573298864e-11
2.307179999999999893e+02 1.507989740023862879e-11 1.031401960366329362e-11
2.309840000000000089e+02 1.478515400388236145e-11 1.030845894756104997e-11
2.312649999999999864e+02 1.483335329566237704e-11 1.006191310826132224e-11
2.315310000000000059e+02 1.483705693028358752e-11 1.013791914999950805e-11
2.317969999999999970e+02 1.497794249738504391e-11 1.012679350098633080e-11
2.320620000000000118e+02 1.479257168146563828e-11 1.005449803276325937e-11
2.323429999999999893e+02 1.479627705081032474e-11 9.997035317621527639e-12
2.326090000000000089e+02 1.485374670484596038e-11 9.963667911561113755e-12
2.328750000000000000e+02 1.495013661478861167e-11 9.863569162826824055e-12
2.331560000000000059e+02 1.522263218256547646e-11 1.035294593110247519e-11
2.334219999999999970e+02 1.537463212297751625e-11 1.005264448072917816e-11
2.337030000000000030e+02 1.423831365310324060e-11 9.946983341169168824e-12
2.339679999999999893e+02 1.523190427954457249e-11 1.012308726427990635e-11
2.342340000000000089e+02 1.487227875573982061e-11 9.948130860748527482e-12
2.345149999999999864e+02 1.497979865150433909e-11 1.021391825284378996e-11
2.347810000000000059e+02 1.482408466813023296e-11 9.963668778922851743e-12
2.350620000000000118e+02 1.492604304043076979e-11 1.012308552955643037e-11
2.353280000000000030e+02 1.490379347712789126e-11 1.048826563793125999e-11
2.355929999999999893e+02 1.496223804575702587e-11 9.852445248537122779e-12
2.358750000000000000e+02 1.490193905773207206e-11 1.009713666844103130e-11
2.361399999999999864e+02 1.483334809149194911e-11 1.019167302634960137e-11
2.364060000000000059e+02 1.478330478865697017e-11 1.004640901719477952e-11
2.366719999999999970e+02 1.507247798793187599e-11 1.025099102824889030e-11
2.369530000000000030e+02 1.498906554431300719e-11 1.000630134306845775e-11
2.372179999999999893e+02 1.542097873008518860e-11 1.001371815328999659e-11
2.374840000000000089e+02 1.500018338707054255e-11 1.018240526617919528e-11
2.377649999999999864e+02 1.447929016268334479e-11 1.003040272368194152e-11
2.380310000000000059e+02 1.517628904490475605e-11 1.017684461007695162e-11
2.382969999999999970e+02 1.535239123329201760e-11 1.048320978636052558e-11
2.385620000000000118e+02 1.530419541095895397e-11 1.019565334936523016e-11
2.388429999999999893e+02 1.497052135035481513e-11 1.013791741527603207e-11
2.391250000000000000e+02 1.530234619573356269e-11 1.024479199390748718e-11
2.393899999999999864e+02 1.528380200177537063e-11 1.015089227951460060e-11
2.396560000000000059e+02 1.493159762500084753e-11 1.040131088897444656e-11
2.399219999999999970e+02 1.489823195366390962e-11 1.044377865438983477e-11
2.402030000000000030e+02 1.532643630064445261e-11 1.018796765700491491e-11
2.404679999999999893e+02 1.481481257115113692e-11 1.046683139466209056e-11
2.407340000000000089e+02 1.467022336942847005e-11 1.020465049267338387e-11
2.410000000000000000e+02 1.505765304110617819e-11 1.015089141215286261e-11
2.412810000000000059e+02 1.497052828924871903e-11 1.053646059290258563e-11
2.415469999999999970e+02 1.475178833254542354e-11 1.001001018186009617e-11
2.418120000000000118e+02 1.507804471556628556e-11 1.037704644435422097e-11
2.420929999999999893e+02 1.528380373649884660e-11 1.000074328905142806e-11
2.423590000000000089e+02 1.503170157790556516e-11 9.782004199709870562e-12
2.426250000000000000e+02 1.527824221303486496e-11 1.007118260315520430e-11
2.428899999999999864e+02 1.502984542378626998e-11 1.020465049267338387e-11
2.431719999999999970e+02 1.499091649426187445e-11 1.039558196469503315e-11
2.434370000000000118e+02 1.480183857427430638e-11 1.019723368245184503e-11
2.437030000000000030e+02 1.482964098742378667e-11 1.039403025454577190e-11
2.439840000000000089e+02 1.515589910516812466e-11 1.031772237092276612e-11
2.442500000000000000e+02 1.501501353806666827e-11 9.989620242123464777e-12
2.445149999999999864e+02 1.500389569530913292e-11 1.045675438599014129e-11
2.447969999999999970e+02 1.492418688631147461e-11 1.013976923258663732e-11
2.450620000000000118e+02 1.529307236403099068e-11 1.061617287134719589e-11
2.453429999999999893e+02 1.486486281288001976e-11 1.015379100244295785e-11
2.456090000000000089e+02 1.468505525514807175e-11 1.026582291396849200e-11
2.458899999999999864e+02 1.521521277025872365e-11 1.017869729474929485e-11
2.461560000000000059e+02 1.548585218391629326e-11 1.036221542599635725e-11
2.464219999999999970e+02 1.463686116753848410e-11 1.061802555601953912e-11
2.467030000000000030e+02 1.525599438445546241e-11 1.024172413544022220e-11
2.469679999999999893e+02 1.511511575624790993e-11 9.845031907762535894e-12
2.472340000000000089e+02 1.531346750793805001e-11 1.006191310826132224e-11
2.475000000000000000e+02 1.530789904558016445e-11 1.040855856365707766e-11
2.477810000000000059e+02 1.526526821615803442e-11 1.018611063552388174e-11
2.480469999999999970e+02 1.548770833803558844e-11 1.015274583154868182e-11
2.483120000000000118e+02 1.510769807866463310e-11 1.043821799828759112e-11
2.485780000000000030e+02 1.525414690395354711e-11 9.954400151390707663e-12
2.488590000000000089e+02 1.528565642117118983e-11 1.018981947431552015e-11
2.491399999999999864e+02 1.536907406896048656e-11 1.065695188345872069e-11
2.494060000000000059e+02 1.506321282984668386e-11 1.044933931049207843e-11
2.496719999999999970e+02 1.519297014584974903e-11 1.014651123537602118e-11
2.499530000000000030e+02 1.550995443189151501e-11 1.051421796849361101e-11
2.502179999999999893e+02 1.519482456524556824e-11 1.037148318616676335e-11
2.504840000000000089e+02 1.463315579819379764e-11 1.012864878774388799e-11
2.507500000000000000e+02 1.494642951072044923e-11 1.027509154150063608e-11
2.510310000000000059e+02 1.499832896767472334e-11 1.065695448554393465e-11
2.513120000000000118e+02 1.514662874291250461e-11 1.061060961315973827e-11
2.515780000000000030e+02 1.518555593771342416e-11 1.042338784729146539e-11
2.518429999999999893e+02 1.523560270999535504e-11 1.009342782964939289e-11
2.521090000000000089e+02 1.534682797510455998e-11 1.077188425263608806e-11
2.523899999999999864e+02 1.528750737112005709e-11 1.056056023879259342e-11
2.526719999999999970e+02 1.550068580435937093e-11 1.043450915949595270e-11
2.529370000000000118e+02 1.521521450498219963e-11 1.050123963480809053e-11
2.532179999999999893e+02 1.512438611850352999e-11 1.056426821022249385e-11
2.534840000000000089e+02 1.547102897181407144e-11 1.044933931049207843e-11
2.537500000000000000e+02 1.542839467294498945e-11 1.042894763603197106e-11
2.540310000000000059e+02 1.576020564053592921e-11 1.020475110663499052e-11
2.542969999999999970e+02 1.544878287795814487e-11 1.075074838180478665e-11
2.545620000000000118e+02 1.553775684504099530e-11 1.030474924140767357e-11
2.548280000000000030e+02 1.497052655452524306e-11 1.011381690202428629e-11
2.551090000000000089e+02 1.531346056904414610e-11 1.019352657838368259e-11
2.553750000000000000e+02 1.540614164019515897e-11 1.041041124832942089e-11
2.556399999999999864e+02 1.510028733997526018e-11 1.039585171419554754e-11
2.559060000000000059e+02 1.531160961909527884e-11 1.040299617283135802e-11
2.561870000000000118e+02 1.558410518687214363e-11 1.027508980677716011e-11
2.564529999999999745e+02 1.541356278722538775e-11 1.029733243118613473e-11
2.567180000000000177e+02 1.528751431001396099e-11 1.051607065316595424e-11
2.570000000000000000e+02 1.555259046548407298e-11 1.065139296207995301e-11
2.572649999999999864e+02 1.540615204853601483e-11 1.028806814046268059e-11
2.575310000000000059e+02 1.557483308989304760e-11 1.062914513350055046e-11
2.578120000000000118e+02 1.543395272696201914e-11 1.072345164054855360e-11
2.580779999999999745e+02 1.522263044784200048e-11 1.021577180487787118e-11
2.583589999999999804e+02 1.512994590724403565e-11 1.049382802875697962e-11
2.586250000000000000e+02 1.522077776316965725e-11 1.038260449837125066e-11
2.588899999999999864e+02 1.542097699536171262e-11 1.046046235742004171e-11
2.591560000000000059e+02 1.611982249072330120e-11 1.034553172296615031e-11
2.594370000000000118e+02 1.533014513943609103e-11 1.043450655741073874e-11
2.597180000000000177e+02 1.548771007275906442e-11 1.025655168435113396e-11
2.599839999999999804e+02 1.543395446168549512e-11 1.049938868485922328e-11
2.602500000000000000e+02 1.540267566269015731e-11 1.010640269388796142e-11
2.605149999999999864e+02 1.542468583415335104e-11 1.000818958957205851e-11
2.607970000000000255e+02 1.526711916610690167e-11 1.061802555601953912e-11
2.610620000000000118e+02 1.572683823447551532e-11 1.092574208189089902e-11
2.613279999999999745e+02 1.548585912281019716e-11 1.056056023879259342e-11
2.616089999999999804e+02 1.507804124611933361e-11 1.004893911138449170e-11
2.618750000000000000e+02 1.493160109444779948e-11 1.048685097093660090e-11
2.621399999999999864e+02 1.564156790201387537e-11 1.033626309543400623e-11
2.624060000000000059e+02 1.539502726688457557e-11 1.016942866721715077e-11
2.626870000000000118e+02 1.564527674080551378e-11 1.064883164286767325e-11
2.629680000000000177e+02 1.607533377245840001e-11 1.061802642338127711e-11
2.632339999999999804e+02 1.551551422063202068e-11 1.061802642338127711e-11
2.635000000000000000e+02 1.566937551933378359e-11 1.035665303517063762e-11
2.637649999999999864e+02 1.576849588402762237e-11 1.067548913852300885e-11
2.640470000000000255e+02 1.564527327135856183e-11 1.019538186514123979e-11
2.643279999999999745e+02 1.576206179465522439e-11 1.056982973368647549e-11
2.645930000000000177e+02 1.574722990893562269e-11 1.061246403255555748e-11
2.648589999999999804e+02 1.551922132470018312e-11 1.039187486062687071e-11
2.651250000000000000e+02 1.535053854861967437e-11 1.053090080416207996e-11
2.654060000000000059e+02 1.552478284816416476e-11 1.072554111497536766e-11
2.656870000000000118e+02 1.558410518687214363e-11 1.023986971604440299e-11
2.659529999999999745e+02 1.571201155292634155e-11 1.051421883585534900e-11
2.662339999999999804e+02 1.556556446236090352e-11 1.033997019950216867e-11
2.665000000000000000e+02 1.565269094894183866e-11 1.022133159361837684e-11
2.667649999999999864e+02 1.580283993940501119e-11 1.041226566772524009e-11
2.670470000000000255e+02 1.580098552000919199e-11 1.032699273317838617e-11
2.673120000000000118e+02 1.520594934689700750e-11 1.049197621144637438e-11
2.675779999999999745e+02 1.560634954600459423e-11 1.075519968224414313e-11
2.678430000000000177e+02 1.530233925683965879e-11 1.071256364865158517e-11
2.681250000000000000e+02 1.579357304659634309e-11 1.073109830163065936e-11
2.683899999999999864e+02 1.580098898945614394e-11 1.055870842148198818e-11
2.686560000000000059e+02 1.593816224831900996e-11 1.070161147198600560e-11
2.689370000000000118e+02 1.595113624519584050e-11 1.074347295154653992e-11
2.692029999999999745e+02 1.582879140260562423e-11 1.057168155099708073e-11
2.694680000000000177e+02 1.552107921354295428e-11 1.053831674702188081e-11
2.697339999999999804e+02 1.586029918509979098e-11 1.040855682893360168e-11
2.700149999999999864e+02 1.575649853646776677e-11 1.040299530546962004e-11
2.702810000000000059e+02 1.546917281769477626e-11 1.042524053196380862e-11
2.705470000000000255e+02 1.545248998202630730e-11 1.074963729141842350e-11
2.708279999999999745e+02 1.594001146354440124e-11 1.028250574963696096e-11
2.710930000000000177e+02 1.571757134166684722e-11 1.083861646267170187e-11
2.713750000000000000e+02 1.634226781677128315e-11 1.050687141457284923e-11
2.716399999999999864e+02 1.576391447932756762e-11 1.071998045887312401e-11
2.719060000000000059e+02 1.549549551171924833e-11 1.082378457695210017e-11
2.721870000000000118e+02 1.578986594252818065e-11 1.056983146840995147e-11
2.724529999999999745e+02 1.613279822232360772e-11 1.092203497782273658e-11
2.727180000000000177e+02 1.566566668054214517e-11 1.054943892658810611e-11
2.729839999999999804e+02 1.578244826494490383e-11 1.065695101609698270e-11
2.732649999999999864e+02 1.571386250287520880e-11 1.064768412328831459e-11
2.735310000000000059e+02 1.555629410010528346e-11 1.032884628521246739e-11
2.737970000000000255e+02 1.601601316847389711e-11 1.071627162008148559e-11
2.740620000000000118e+02 1.581025414754133607e-11 1.105287129182785932e-11
2.743430000000000177e+02 1.553405147569630884e-11 1.073666329454159296e-11
2.746089999999999804e+02 1.586586417801072457e-11 1.051977949195759265e-11
2.748750000000000000e+02 1.589552448000297602e-11 1.091091019617129732e-11
2.751560000000000059e+02 1.555815025422457865e-11 1.045119112780268367e-11
2.754220000000000255e+02 1.597708944311992951e-11 1.055685486944790696e-11
2.756870000000000118e+02 1.592703920139104667e-11 1.056241552555015062e-11
2.759529999999999745e+02 1.579728188538798150e-11 1.028435843430930419e-11
2.762339999999999804e+02 1.585659901992553245e-11 1.021021114877562752e-11
2.765149999999999864e+02 1.611982249072330120e-11 1.044377605230462080e-11
2.767810000000000059e+02 1.602343258078064991e-11 1.022318601301419605e-11
2.770470000000000255e+02 1.577503405680857895e-11 1.099803581539049446e-11
2.773120000000000118e+02 1.570459214061958875e-11 1.052719456745565552e-11
2.775930000000000177e+02 1.609016912762495366e-11 1.040114175343553882e-11
2.778589999999999804e+02 1.614392300397504698e-11 1.078485911687465659e-11
2.781250000000000000e+02 1.554517799207122408e-11 1.069402812831077298e-11
2.784060000000000059e+02 1.604938751342821490e-11 1.065880630285453989e-11
2.786720000000000255e+02 1.546360955950731864e-11 1.049197274199942242e-11
2.789529999999999745e+02 1.584362328832522593e-11 1.047714259100329670e-11
2.792180000000000177e+02 1.569161987846623418e-11 1.074037300069496936e-11
2.794839999999999804e+02 1.624216733331351747e-11 1.033811404538287348e-11
2.797649999999999864e+02 1.580654877819664961e-11 1.101657307045478262e-11
2.800310000000000059e+02 1.574722990893562269e-11 1.078485911687465659e-11
2.802970000000000255e+02 1.592703573194409472e-11 1.079412687704506268e-11
2.805620000000000118e+02 1.528936699468630422e-11 1.090535040743079165e-11
2.808430000000000177e+02 1.586401149333838134e-11 1.063285570701566485e-11
2.811250000000000000e+02 1.619211709158463464e-11 1.052348833074923107e-11
2.813899999999999864e+02 1.605309288277290136e-11 1.104994134387693450e-11
2.816560000000000059e+02 1.552478805233459269e-11 1.072183487826894321e-11
2.819220000000000255e+02 1.596411197679614702e-11 1.062153056480275026e-11
2.822029999999999745e+02 1.607348282250953275e-11 1.107959730906049600e-11
2.824680000000000177e+02 1.578244999966837980e-11 1.044562960433870202e-11
2.827500000000000000e+02 1.616431294371167837e-11 1.053460964295371838e-11
2.830149999999999864e+02 1.580098205056224003e-11 1.070700472727281749e-11
2.832810000000000059e+02 1.590665273110136724e-11 1.079042237506211421e-11
2.835620000000000118e+02 1.579357478131981907e-11 1.054202385109004325e-11
2.838279999999999745e+02 1.579542573126868632e-11 1.035850745456645683e-11
2.840930000000000177e+02 1.648500259909813082e-11 1.071812603947730480e-11
2.843750000000000000e+02 1.555258873076059700e-11 1.075705496900170033e-11
2.846399999999999864e+02 1.588440316779848871e-11 1.065975259451068524e-11
2.849060000000000059e+02 1.589923158407113846e-11 1.032884888729768136e-11
2.851720000000000255e+02 1.641641510230495982e-11 1.085715458509772802e-11
2.854529999999999745e+02 1.577688847620439816e-11 1.071627335480496157e-11
2.857180000000000177e+02 1.629036315564658111e-11 1.083120051981190102e-11
2.859839999999999804e+02 1.607904087652656244e-11 1.063100128761984564e-11
2.862500000000000000e+02 1.600304090632054255e-11 1.082749515046721456e-11
2.865310000000000059e+02 1.583805829541429233e-11 1.053460790823024240e-11
2.867970000000000255e+02 1.610499580917412743e-11 1.065247109272027259e-11
2.870620000000000118e+02 1.615504084673258234e-11 1.113891617832152292e-11
2.873430000000000177e+02 1.580654530874969765e-11 1.082378544431383816e-11
2.876089999999999804e+02 1.613977701486746241e-11 1.090349598803497244e-11
2.878750000000000000e+02 1.652393152862252634e-11 1.098876545313487441e-11
2.881399999999999864e+02 1.621065955081935073e-11 1.050309492156564772e-11
2.884220000000000255e+02 1.595855392277911733e-11 1.063841636311790850e-11
2.887029999999999745e+02 1.624587617210515589e-11 1.053053044069995892e-11
2.889680000000000177e+02 1.629777736378290598e-11 1.072527136547485327e-11
2.892339999999999804e+02 1.611612059082556669e-11 1.053090167152381795e-11
2.895000000000000000e+02 1.613836148051106534e-11 1.068661305281271012e-11
2.897810000000000059e+02 1.608831297350565848e-11 1.093130273799314267e-11
2.900470000000000255e+02 1.626070458837780563e-11 1.063609183366009958e-11
2.903120000000000118e+02 1.598079307774114000e-11 1.058877031195892826e-11
2.905779999999999745e+02 1.566566494581866920e-11 1.064027078251372771e-11
2.908589999999999804e+02 1.592147420848011308e-11 1.049938868485922328e-11
2.911250000000000000e+02 1.595669776865982215e-11 1.065792940013743362e-11
2.913899999999999864e+02 1.594186935238717240e-11 1.076817628120618764e-11
2.916720000000000255e+02 1.588254874840266950e-11 1.071071183134097993e-11
2.919370000000000118e+02 1.660734744168834709e-11 1.039372581057573797e-11
2.922029999999999745e+02 1.591962152380776985e-11 1.040485059222717723e-11
2.924680000000000177e+02 1.654246878368681450e-11 1.092729032259320832e-11
2.927500000000000000e+02 1.612168037956607236e-11 1.073666242717985497e-11
2.930149999999999864e+02 1.606792129904555111e-11 1.093315455530374791e-11
2.932810000000000059e+02 1.631260751477903170e-11 1.084047088206752107e-11
2.935620000000000118e+02 1.611240654786350035e-11 1.111111203044856666e-11
2.938279999999999745e+02 1.604382078579380533e-11 1.039001957386931352e-11
2.941089999999999804e+02 1.632373229643047097e-11 1.099062073989243160e-11
2.943750000000000000e+02 1.601972374198901150e-11 1.047158366962452902e-11
2.946399999999999864e+02 1.599006864416718798e-11 1.101657307045478262e-11
2.949220000000000255e+02 1.679271999233122870e-11 1.072553938025189169e-11
2.951870000000000118e+02 1.577317790268928377e-11 1.066066072225035910e-11
2.954529999999999745e+02 1.629963351790220116e-11 1.078897214623619760e-11
2.957180000000000177e+02 1.618099577938014733e-11 1.084973864223792717e-11
2.960000000000000000e+02 1.606791782959859916e-11 1.073295532311169254e-11
2.962649999999999864e+02 1.627627720102164943e-11 1.057168415308229470e-11
2.965310000000000059e+02 1.624402175270933668e-11 1.087754279011088343e-11
2.968120000000000118e+02 1.651466463581385824e-11 1.072739553437118687e-11
2.970779999999999745e+02 1.616987273245218404e-11 1.041226740244871607e-11
2.973589999999999804e+02 1.611055559791463310e-11 1.089608264726038556e-11
2.976250000000000000e+02 1.615319336623066704e-11 1.072739466700944888e-11
2.978899999999999864e+02 1.637192811876353460e-11 1.054387740312412447e-11
2.981720000000000255e+02 1.663144795494009287e-11 1.090164243600089122e-11
2.984370000000000118e+02 1.634783280968221675e-11 1.088681315236650349e-11
2.987180000000000177e+02 1.637378253815935381e-11 1.074222221592036064e-11
2.989839999999999804e+02 1.597338060432829110e-11 1.114633212118132377e-11
2.992500000000000000e+02 1.619953650389138744e-11 1.071071096397924194e-11
2.995310000000000059e+02 1.602899757369158351e-11 1.059021967342310688e-11
2.997970000000000255e+02 1.609943775515709774e-11 1.112964668342764085e-11
3.000620000000000118e+02 1.613094380292778851e-11 1.091647345435875494e-11
3.003279999999999745e+02 1.626441342716944405e-11 1.085530016570190881e-11
3.006089999999999804e+02 1.653320189087814640e-11 1.087815081068921330e-11
3.008750000000000000e+02 1.606791782959859916e-11 1.111667355391254830e-11
3.011399999999999864e+02 1.598821075532441682e-11 1.090164417072436720e-11
3.014060000000000059e+02 1.634226955149475913e-11 1.076446744241454923e-11
3.016870000000000118e+02 1.676676679440713968e-11 1.069588081298311621e-11
3.019680000000000177e+02 1.621621933955985639e-11 1.081081231479874560e-11
3.022339999999999804e+02 1.620880166197657957e-11 1.064583057125423338e-11
3.025000000000000000e+02 1.647202513277434832e-11 1.068846573748505335e-11
3.027649999999999864e+02 1.618285019877596653e-11 1.094983999305743083e-11
3.030470000000000255e+02 1.643124698802456152e-11 1.077559048934251251e-11
3.033120000000000118e+02 1.634041686682241590e-11 1.113520994161509847e-11
3.035779999999999745e+02 1.667408225380917486e-11 1.080717199758440827e-11
3.038589999999999804e+02 1.649798353486886526e-11 1.091462076968641171e-11
3.041250000000000000e+02 1.643865772671393444e-11 1.111667268655081031e-11
3.043899999999999864e+02 1.635709796776740887e-11 1.045304554719850287e-11
3.046560000000000059e+02 1.646275650524220424e-11 1.110740579374214221e-11
3.049370000000000118e+02 1.658325560205398119e-11 1.067178290181658440e-11
3.052029999999999745e+02 1.639232326267059392e-11 1.057539125715045714e-11
3.054680000000000177e+02 1.691876846954265545e-11 1.085900813713180924e-11
3.057500000000000000e+02 1.625328864551800478e-11 1.092017969106517938e-11
3.060149999999999864e+02 1.627739089349322654e-11 1.112408689468713519e-11
3.062810000000000059e+02 1.636451391062720973e-11 1.101286596638662019e-11
3.065779999999999745e+02 1.639602689729180440e-11 1.099644941077171367e-11
3.068430000000000177e+02 1.684276676461315958e-11 1.078856535358108104e-11
3.071250000000000000e+02 1.611982422544677718e-11 1.069958878441301664e-11
3.073899999999999864e+02 1.656471314281926510e-11 1.102011277370751330e-11
3.076560000000000059e+02 1.665925383753652511e-11 1.105735468465152138e-11
3.079370000000000118e+02 1.634041339737546394e-11 1.087754279011088343e-11
3.082029999999999745e+02 1.675379279753030914e-11 1.050680462771902413e-11
3.084680000000000177e+02 1.678715846886724705e-11 1.101657307045478262e-11
3.087339999999999804e+02 1.644792982369303047e-11 1.087939894423017861e-11
3.090149999999999864e+02 1.653320015615467042e-11 1.117784337312244247e-11
3.092810000000000059e+02 1.654803030715079615e-11 1.078485911687465659e-11
3.095470000000000255e+02 1.644978597781232565e-11 1.089635152939916196e-11
3.098279999999999745e+02 1.605308941332594941e-11 1.063470925904974607e-11
3.100930000000000177e+02 1.646831976342966186e-11 1.082378631167557614e-11
3.103589999999999804e+02 1.693174940531338990e-11 1.146055212536412071e-11
3.106250000000000000e+02 1.652393152862252634e-11 1.064026904779025173e-11
3.109060000000000059e+02 1.657954155909191485e-11 1.121306693330215154e-11
3.111720000000000255e+02 1.618470114872483379e-11 1.106662157746018949e-11
3.114529999999999745e+02 1.626899483186949880e-11 1.071997872414964803e-11
3.117180000000000177e+02 1.665925383753652511e-11 1.080524992397302597e-11
3.119839999999999804e+02 1.623846196396883101e-11 1.091647085227354097e-11
3.122649999999999864e+02 1.677418447199041651e-11 1.120935722714877514e-11
3.125310000000000059e+02 1.601045337973339144e-11 1.116301495684979272e-11
3.127970000000000255e+02 1.662773911614845446e-11 1.105920823668560260e-11
3.130779999999999745e+02 1.669632661294162546e-11 1.073666329454159296e-11
3.133430000000000177e+02 1.661661780394396715e-11 1.090349598803497244e-11
3.136089999999999804e+02 1.680384130453571601e-11 1.125384594541367633e-11
3.138750000000000000e+02 1.630519157191923085e-11 1.105364844794509693e-11
3.141560000000000059e+02 1.644236830022904883e-11 1.109813456412478416e-11
3.144220000000000255e+02 1.665925383753652511e-11 1.086827502994047734e-11
3.146870000000000118e+02 1.626441342716944405e-11 1.109072122335019728e-11
3.149529999999999745e+02 1.656656582749160833e-11 1.117969952724173766e-11
3.152339999999999804e+02 1.679271999233122870e-11 1.119267525884204417e-11
3.155000000000000000e+02 1.700218611733195218e-11 1.127979827597602736e-11
3.157649999999999864e+02 1.648870970316629325e-11 1.104993874179172053e-11
3.160470000000000255e+02 1.672413249553805770e-11 1.077744317401485574e-11
3.163120000000000118e+02 1.667963857310272857e-11 1.085159306163374637e-11
3.165779999999999745e+02 1.662403201208029202e-11 1.084603327289324071e-11
3.168430000000000177e+02 1.698921038573164566e-11 1.127979914333776534e-11
3.171250000000000000e+02 1.674266801587886988e-11 1.101657220309304464e-11
3.174060000000000059e+02 1.691321041552562576e-11 1.119638149554846862e-11
3.176720000000000255e+02 1.700774764079593382e-11 1.144848712358870202e-11
3.179370000000000118e+02 1.634412223616710236e-11 1.089422822786456635e-11
3.182029999999999745e+02 1.707262803352094238e-11 1.084417798613568351e-11
3.184839999999999804e+02 1.641270626351332140e-11 1.103140322145090835e-11
3.187500000000000000e+02 1.709487412737686896e-11 1.070329675584291707e-11
3.190149999999999864e+02 1.668149472722202376e-11 1.103696474491488999e-11
3.192810000000000059e+02 1.631260751477903170e-11 1.098135211236028752e-11
3.195620000000000118e+02 1.702443047646440277e-11 1.116672292827969315e-11
3.198279999999999745e+02 1.633670629330730151e-11 1.123160158628122574e-11
3.200930000000000177e+02 1.693916187872623880e-11 1.126867783113327803e-11
3.203750000000000000e+02 1.647388302161711948e-11 1.123531042507286415e-11
3.206399999999999864e+02 1.652022268983088793e-11 1.120379743840826947e-11
3.209060000000000059e+02 1.674823127406632750e-11 1.095539978179793650e-11
3.211720000000000255e+02 1.706891919472930397e-11 1.115843095006452401e-11
3.214529999999999745e+02 1.667964204254968053e-11 1.123530869034938817e-11
3.217180000000000177e+02 1.685203712686877964e-11 1.094798557366161162e-11
3.219839999999999804e+02 1.708561070401515281e-11 1.129128908428089773e-11
3.222649999999999864e+02 1.693916014400276282e-11 1.121306519857867556e-11
3.225310000000000059e+02 1.664812732116160987e-11 1.093686426145712431e-11
3.228120000000000118e+02 1.676120700566663402e-11 1.129129168636611169e-11
3.230779999999999745e+02 1.680407722692844885e-11 1.128536153416348498e-11
3.233430000000000177e+02 1.675193490868753798e-11 1.085267032491232797e-11
3.236250000000000000e+02 1.716716872823820239e-11 1.112223421001479196e-11
3.238899999999999864e+02 1.688911337172083194e-11 1.109442746005662173e-11
3.241560000000000059e+02 1.691692098904074015e-11 1.106847686421774668e-11
3.244220000000000255e+02 1.728024494329627458e-11 1.120008773225489307e-11
3.247029999999999745e+02 1.690394352271695766e-11 1.089052199115814190e-11
3.249680000000000177e+02 1.662773911614845446e-11 1.098553279593739163e-11
3.252339999999999804e+02 1.701146168375800016e-11 1.102584169798692670e-11
3.255000000000000000e+02 1.676306142506245322e-11 1.105550026525570217e-11
3.257810000000000059e+02 1.720053613429861628e-11 1.111667355391254830e-11
3.260470000000000255e+02 1.674637858939398427e-11 1.099988936742457568e-11
3.263120000000000118e+02 1.688355358298032627e-11 1.100730357556090055e-11
3.265930000000000177e+02 1.676491410973479645e-11 1.115374719667938663e-11
3.268589999999999804e+02 1.690053479108666323e-11 1.103140235408917036e-11
3.271250000000000000e+02 1.660363860289670868e-11 1.123716310974520738e-11
3.273899999999999864e+02 1.695399029499888854e-11 1.108145259581805320e-11
3.276720000000000255e+02 1.682422604010191947e-11 1.126496899234163962e-11
3.279370000000000118e+02 1.728951183610494269e-11 1.121862758940439520e-11
3.282029999999999745e+02 1.636636486057607698e-11 1.095641025822269299e-11
3.284839999999999804e+02 1.665183789467672426e-11 1.157639348964289994e-11
3.287500000000000000e+02 1.741185320924820701e-11 1.100174552154387086e-11
3.290310000000000059e+02 1.682979797190675697e-11 1.150224099993879534e-11
3.292970000000000255e+02 1.709116702330870652e-11 1.124828615667317067e-11
3.295620000000000118e+02 1.732287924216535657e-11 1.110925761105274745e-11
3.298430000000000177e+02 1.708004050693379128e-11 1.132799670039430495e-11
3.301089999999999804e+02 1.732473366156117578e-11 1.127794385658020815e-11
3.303750000000000000e+02 1.637007369936771539e-11 1.117228184965846083e-11
3.306399999999999864e+02 1.687799032479286865e-11 1.136227223419439269e-11
3.309220000000000255e+02 1.661291416932275666e-11 1.145589959700155092e-11
3.311870000000000118e+02 1.706521209066114153e-11 1.104994047651519651e-11
3.314529999999999745e+02 1.691321041552562576e-11 1.097022819807058625e-11
3.317180000000000177e+02 1.695398682555193659e-11 1.132428872896440453e-11
3.320000000000000000e+02 1.705594172840552147e-11 1.100359733885447611e-11
3.322649999999999864e+02 1.675379279753030914e-11 1.124272376584745103e-11
3.325310000000000059e+02 1.706150498659297909e-11 1.125940920360113395e-11
3.328120000000000118e+02 1.701701626832807790e-11 1.124087021381336982e-11
3.330779999999999745e+02 1.712268174469677717e-11 1.127794559130368413e-11
3.333430000000000177e+02 1.727838878917697940e-11 1.113150197018519805e-11
3.336089999999999804e+02 1.708560376512124890e-11 1.119452707615264941e-11
3.338899999999999864e+02 1.697151620627668223e-11 1.093686339409538633e-11
3.341720000000000255e+02 1.674637511994703232e-11 1.085344834839130357e-11
3.344370000000000118e+02 1.706979349536119628e-11 1.132614401572196172e-11
3.347029999999999745e+02 1.701145647958757223e-11 1.148000011025329670e-11
3.349680000000000177e+02 1.681496782091063125e-11 1.105549939789396419e-11
3.352500000000000000e+02 1.680940629744664960e-11 1.132057902281102812e-11
3.355149999999999864e+02 1.801987205285460192e-11 1.162644286401004479e-11
3.357810000000000059e+02 1.770288950153631191e-11 1.152448796115645990e-11
3.360620000000000118e+02 1.761761743435119598e-11 1.153375745605034197e-11
3.363279999999999745e+02 1.727653610450463617e-11 1.131316481467470325e-11
3.365930000000000177e+02 1.721907165463942846e-11 1.129277487493807186e-11
3.368589999999999804e+02 1.743780987661924797e-11 1.137619165536563060e-11
3.371399999999999864e+02 1.759352212526987813e-11 1.124087194853684579e-11
3.374060000000000059e+02 1.781410956247508892e-11 1.172098008928035284e-11
3.376720000000000255e+02 1.748415301427996837e-11 1.169715279497607341e-11
3.379370000000000118e+02 1.774737648507773713e-11 1.110184080083120861e-11
3.382180000000000177e+02 1.717087409758288885e-11 1.125570036480949554e-11
3.384839999999999804e+02 1.722462970865645815e-11 1.147999924289155871e-11
3.387500000000000000e+02 1.744708023887486803e-11 1.140214485328971961e-11
3.390310000000000059e+02 1.735253780943413204e-11 1.138360586350195547e-11
3.392970000000000255e+02 1.757498313548211399e-11 1.168390731387525250e-11
3.395620000000000118e+02 1.743595545722342877e-11 1.138731470229359388e-11
3.398430000000000177e+02 1.726726747697249209e-11 1.124643086991561347e-11
3.401089999999999804e+02 1.799577674377328407e-11 1.152078085708829747e-11
3.403899999999999864e+02 1.771957407192825684e-11 9.383458419998103039e-12
3.406560000000000059e+02 1.137063099926338694e-11 8.851444750768155956e-12
3.409220000000000255e+02 1.121120991182111837e-11 8.662367698142325878e-12
3.411870000000000118e+02 1.141511885016655015e-11 8.402846994604029618e-12
3.414680000000000177e+02 1.096466754196834259e-11 8.844027073184879129e-12
3.417339999999999804e+02 1.084047088206752107e-11 8.988619744354497954e-12
3.420000000000000000e+02 1.114262414975142335e-11 8.510362553559858156e-12
3.422810000000000059e+02 1.136506860843766731e-11 8.271909199275562230e-12
3.425470000000000255e+02 1.079227332501098147e-11 8.635907093601513651e-12
3.428120000000000118e+02 1.061802815810475309e-11 8.434360848630362284e-12
3.430779999999999745e+02 1.092574034716742304e-11 8.419532432357712537e-12
3.433589999999999804e+02 1.070329762320465505e-11 8.617878979877424683e-12
3.436250000000000000e+02 1.051236354909779180e-11 8.503047224661663961e-12
3.438899999999999864e+02 1.088866670440058471e-11 8.336116519291891791e-12
3.441560000000000059e+02 1.054202385109004325e-11 8.647537547146200154e-12
3.444370000000000118e+02 1.054758537455402490e-11 8.365774219198929273e-12
3.447029999999999745e+02 1.025469986704052872e-11 8.384310606901479446e-12
3.449680000000000177e+02 1.055685400208616898e-11 8.628999424720174005e-12
3.452500000000000000e+02 1.064397701922015216e-11 8.476996014861182260e-12
3.455149999999999864e+02 1.091832787375457414e-11 8.258259527604838723e-12
3.457970000000000255e+02 1.051792680728524942e-11 8.521483865764345467e-12
3.460620000000000118e+02 1.042338697992972740e-11 8.386164158935560664e-12
3.463279999999999745e+02 1.030660366080349277e-11 7.978889250692677848e-12
3.466089999999999804e+02 1.061061048052147626e-11 8.421384249668317779e-12
3.468750000000000000e+02 1.049568244815279883e-11 8.143327158427471346e-12
3.471399999999999864e+02 1.070144146908535987e-11 8.182256087951866874e-12
3.474060000000000059e+02 1.035850832192819482e-11 8.063618349429813037e-12
3.476870000000000118e+02 1.049382889611871761e-11 8.241577559298107758e-12
3.479529999999999745e+02 1.014903872748051938e-11 7.963519600695523337e-12
3.482180000000000177e+02 1.024913747621480908e-11 8.319429346814732895e-12
3.485000000000000000e+02 1.030845808019931198e-11 8.247134745953399459e-12
3.487649999999999864e+02 1.059207235809545011e-11 8.078452837234628703e-12
3.490310000000000059e+02 1.023060022115052092e-11 7.863417382514281684e-12
3.492970000000000255e+02 1.029918685058195393e-11 8.065474503549108221e-12
3.495779999999999745e+02 1.023060108851225891e-11 8.284210990805451758e-12
3.498430000000000177e+02 9.991474661519283984e-12 8.126643455397264404e-12
3.501089999999999804e+02 9.932154924896519077e-12 7.956103657835722487e-12
3.503750000000000000e+02 1.051961122378042290e-11 8.217478780769837954e-12
3.506560000000000059e+02 1.054387740312412447e-11 8.312015138678408022e-12
3.509220000000000255e+02 1.036777608209860091e-11 8.033962384246251531e-12
3.512029999999999745e+02 9.995182632949184409e-12 7.954250105801641268e-12
3.514680000000000177e+02 1.000444865839611452e-11 8.219330598080443195e-12
3.517339999999999804e+02 1.036036100660053805e-11 8.106252648298895025e-12
3.520149999999999864e+02 9.826492917974771757e-12 8.243428509246975011e-12
3.522810000000000059e+02 1.025099102824889030e-11 8.048791667880639267e-12
3.525470000000000255e+02 1.020465049267338387e-11 8.375041112007597377e-12
3.528279999999999745e+02 1.011567305614358148e-11 7.932006614030928660e-12
3.530930000000000177e+02 9.848738144468960343e-12 7.928300377324504211e-12
3.533589999999999804e+02 9.930302240224175847e-12 8.197085371586254610e-12
3.536250000000000000e+02 9.928446086104880663e-12 8.282356571409632551e-12
3.539060000000000059e+02 1.006562368177643663e-11 7.831906130573162983e-12
3.541720000000000255e+02 9.848738144468960343e-12 8.049867196435744887e-12
3.544370000000000118e+02 9.817226025166103653e-12 8.072886109600219129e-12
3.547029999999999745e+02 9.566974816521689462e-12 7.922735384413570614e-12
3.549839999999999804e+02 9.653290319877605441e-12 8.020984917922469037e-12
3.552500000000000000e+02 1.011567045405836751e-11 7.957959811955017670e-12
3.555149999999999864e+02 9.605902878684347002e-12 8.210061103186561127e-12
3.557970000000000255e+02 9.765320496679663620e-12 7.950543001733478832e-12
3.560620000000000118e+02 9.716990233277211786e-12 7.802244961219173547e-12
3.563279999999999745e+02 9.522486965618526256e-12 7.784148325917783495e-12
3.565930000000000177e+02 1.027323712210481688e-11 8.054347987174192980e-12
3.568750000000000000e+02 9.624440133748635162e-12 7.887519630489503442e-12
3.571560000000000059e+02 9.442776421897391970e-12 7.792978935772243432e-12
3.574220000000000255e+02 9.939568265671105962e-12 7.728099410408972858e-12
3.576870000000000118e+02 9.598487803186284140e-12 8.139620921721046898e-12
3.579529999999999745e+02 9.637414130625465702e-12 7.883809924336127040e-12
3.582339999999999804e+02 9.820932261872528102e-12 7.894932103902352338e-12
3.585000000000000000e+02 9.531753858427194359e-12 8.171134775747379564e-12
3.587649999999999864e+02 9.544729590027500876e-12 7.820783951006937684e-12
