Start time (s) =
1552319805
'Reltime', 'DEFAU[mV]', '44.00[A]', '28.00[A]'
0.000000000000000000e+00 1.467343750000000000e+03 4.004618511799229452e-11 2.867374046533477383e-11
1.483999999999999986e+00 1.465781250000000000e+03 3.948673332754282228e-11 2.893015861593628557e-11
2.983999999999999986e+00 1.466093750000000000e+03 3.943514959026117594e-11 2.880844347796784888e-11
4.483999999999999986e+00 1.465156250000000000e+03 3.906974743728142130e-11 2.876925780936900878e-11
5.969000000000000306e+00 1.465937500000000000e+03 3.885235883016591174e-11 2.839073594274044154e-11
7.453000000000000291e+00 1.465000000000000000e+03 3.843967158467798129e-11 2.855186399808307129e-11
8.952999999999999403e+00 1.465156250000000000e+03 3.902861020477210729e-11 2.856783733184986573e-11
1.043699999999999939e+01 1.466718750000000000e+03 3.774388787625149178e-11 2.824972200610176287e-11
1.192200000000000060e+01 1.466250000000000000e+03 3.821858801655864113e-11 2.831359105504027696e-11
1.342200000000000060e+01 1.465937500000000000e+03 3.753445471099681185e-11 2.821717338952201004e-11
1.490600000000000058e+01 1.465312500000000000e+03 3.767754858108318672e-11 2.819752764615657270e-11
1.639099999999999824e+01 1.465937500000000000e+03 3.678155696684726195e-11 2.773080202966848873e-11
1.789099999999999824e+01 1.465000000000000000e+03 3.678035306875493404e-11 2.779281839393465958e-11
1.937500000000000000e+01 1.465468750000000000e+03 3.720223087921858962e-11 2.803729644285102296e-11
2.085900000000000176e+01 1.467187500000000000e+03 3.668330916806183950e-11 2.765420011041630488e-11
2.235900000000000176e+01 1.466406250000000000e+03 3.650215199546558154e-11 2.742313147396924222e-11
2.385900000000000176e+01 1.467343750000000000e+03 3.654820890375276576e-11 2.758993207507831613e-11
2.535900000000000176e+01 1.467343750000000000e+03 3.651073887667166673e-11 2.697882195423773055e-11
2.684400000000000119e+01 1.467031250000000000e+03 3.598567971385691067e-11 2.697973962295652228e-11
2.832799999999999940e+01 1.465000000000000000e+03 3.587636437929475619e-11 2.697574108534439574e-11
2.982799999999999940e+01 1.466250000000000000e+03 3.567125067549525852e-11 2.683919059220940539e-11
3.132799999999999940e+01 1.466406250000000000e+03 3.532550987839222500e-11 2.673475850423212563e-11
3.281199999999999761e+01 1.465000000000000000e+03 3.527821090809624138e-11 2.628122372505536930e-11
3.429699999999999704e+01 1.465937500000000000e+03 3.503135628801778978e-11 2.680952855549367797e-11
3.579699999999999704e+01 1.467500000000000000e+03 3.514864788112248561e-11 2.695456531587314686e-11
3.728099999999999881e+01 1.467031250000000000e+03 3.506941612108072093e-11 2.659285638917374683e-11
3.876599999999999824e+01 1.464843750000000000e+03 3.470279272277387861e-11 2.667206906725727578e-11
4.026599999999999824e+01 1.464843750000000000e+03 3.447864910244291536e-11 2.637390653092985815e-11
4.175000000000000000e+01 1.465468750000000000e+03 3.435706233401170095e-11 2.650011633742455075e-11
4.323400000000000176e+01 1.465625000000000000e+03 3.390014657878026583e-11 2.602169868470838310e-11
4.473400000000000176e+01 1.466875000000000000e+03 3.377180826658054968e-11 2.635519580351797231e-11
4.621900000000000119e+01 1.467343750000000000e+03 3.412553226112002847e-11 2.575909277546806209e-11
4.770300000000000296e+01 1.466718750000000000e+03 3.361520783951021940e-11 2.622623299086690452e-11
4.920300000000000296e+01 1.465000000000000000e+03 3.398060999248997405e-11 2.567011186949130774e-11
5.070300000000000296e+01 1.465468750000000000e+03 3.340578855204334729e-11 2.612551494585169110e-11
5.220300000000000296e+01 1.467343750000000000e+03 3.367723114267029416e-11 2.598956987120981665e-11
5.368699999999999761e+01 1.465000000000000000e+03 3.297838044313827766e-11 2.604085003188316705e-11
5.517199999999999704e+01 1.467343750000000000e+03 3.314112873020746974e-11 2.948443919570387095e-11
5.667199999999999704e+01 1.475000000000000000e+03 3.358511038720202180e-11 2.785055519538559565e-11
5.815599999999999881e+01 1.490625000000000000e+03 3.479001114969904052e-11 2.771969806469876119e-11
5.964099999999999824e+01 1.506250000000000000e+03 3.769967671374274687e-11 2.926853898133074949e-11
6.114099999999999824e+01 1.525625000000000000e+03 4.221707705642785413e-11 3.234778764293899656e-11
6.262500000000000000e+01 1.553750000000000000e+03 4.504135953098398204e-11 3.495533029695963023e-11
6.412500000000000000e+01 1.577343750000000000e+03 4.560326768987543744e-11 3.550525845552598980e-11
6.560899999999999466e+01 1.604218750000000000e+03 4.513593318544728561e-11 3.505788714885937907e-11
6.710899999999999466e+01 1.615468750000000000e+03 4.416379414950988291e-11 3.450054825160364658e-11
6.860899999999999466e+01 1.678750000000000000e+03 4.275688136878841306e-11 3.395296196972985570e-11
7.009399999999999409e+01 1.687187500000000000e+03 4.252840787866141170e-11 3.388848923702170168e-11
7.159399999999999409e+01 1.710156250000000000e+03 4.146477605715404025e-11 3.410571131068351747e-11
7.307800000000000296e+01 1.731250000000000000e+03 4.097841163619442284e-11 3.404393086881007946e-11
7.457800000000000296e+01 1.762812500000000000e+03 4.045209653358305957e-11 3.374479168316568689e-11
7.606199999999999761e+01 1.788593750000000000e+03 3.939891121684802044e-11 3.358205033499039871e-11
7.754699999999999704e+01 1.815468750000000000e+03 3.877191623313791524e-11 3.266229300913359168e-11
7.904699999999999704e+01 1.842656250000000000e+03 3.798093436979677051e-11 3.246889562769084137e-11
8.053100000000000591e+01 1.865000000000000000e+03 3.759282121706952751e-11 3.201914428041519045e-11
8.201600000000000534e+01 1.893593750000000000e+03 3.645485996406350182e-11 3.228290551549051202e-11
8.351600000000000534e+01 1.918125000000000000e+03 3.694492281547390178e-11 3.224953984415357411e-11
8.501600000000000534e+01 1.951093750000000000e+03 3.633756837095880599e-11 3.286906163912917123e-11
8.651600000000000534e+01 1.974843750000000000e+03 3.693817821059930395e-11 3.302809067906586904e-11
8.800000000000000000e+01 1.997343750000000000e+03 3.620614918986575503e-11 3.373863688427292118e-11
8.948399999999999466e+01 2.025312500000000000e+03 3.652119578978485492e-11 3.333767983892954589e-11
9.098399999999999466e+01 2.050468750000000000e+03 3.595619288421225690e-11 3.408779508662362900e-11
9.246899999999999409e+01 2.085156250000000000e+03 3.631915254653783620e-11 3.350943134083905761e-11
9.395300000000000296e+01 2.111406250000000000e+03 3.604338702500875513e-11 3.363919212628907474e-11
9.545300000000000296e+01 2.133593750000000000e+03 3.666732889540114115e-11 3.346000559956152642e-11
9.693699999999999761e+01 2.155937500000000000e+03 3.646714527572036957e-11 3.295641537448545932e-11
9.842199999999999704e+01 2.182031250000000000e+03 3.657770614173827539e-11 3.252326533087490645e-11
9.992199999999999704e+01 2.205937500000000000e+03 3.638731330135591691e-11 3.284827618244001712e-11
1.014060000000000059e+02 2.235156250000000000e+03 3.646959817471540077e-11 3.197888828743167267e-11
1.028910000000000053e+02 2.258125000000000000e+03 3.640573259522383864e-11 3.224274319757469698e-11
1.043910000000000053e+02 2.287500000000000000e+03 3.625650474292640979e-11 3.176200621957114834e-11
1.058750000000000000e+02 2.321718750000000000e+03 3.676929247187210592e-11 3.219330357850935798e-11
1.073589999999999947e+02 2.335625000000000000e+03 3.665015513298897076e-11 3.145614324573386966e-11
1.088589999999999947e+02 2.359375000000000000e+03 3.677911447619308660e-11 3.166932341369665949e-11
1.103439999999999941e+02 2.385312500000000000e+03 3.683622504246919505e-11 3.109035598414244816e-11
1.118280000000000030e+02 2.415156250000000000e+03 3.641554766065091542e-11 3.172128532069606877e-11
1.133280000000000030e+02 2.437812500000000000e+03 3.654698418897872614e-11 3.195417888623985903e-11
1.148119999999999976e+02 2.469531250000000000e+03 3.685219143734208558e-11 3.328451750328476066e-11
1.162969999999999970e+02 2.487343750000000000e+03 3.743867021954727647e-11 3.377514240510137711e-11
1.177969999999999970e+02 2.515625000000000000e+03 3.658198396983003420e-11 3.591075006803556846e-11
1.192969999999999970e+02 2.539531250000000000e+03 3.750129373703003921e-11 3.737786816171428939e-11
1.207810000000000059e+02 2.572343750000000000e+03 3.656479632963005599e-11 3.957661628972708456e-11
1.222660000000000053e+02 2.589062500000000000e+03 3.716846275203522509e-11 4.034959866228149394e-11
1.237660000000000053e+02 2.609062500000000000e+03 3.727778155604433152e-11 4.071788739512527400e-11
1.252500000000000000e+02 2.640312500000000000e+03 3.787592461890199047e-11 3.855830585375308317e-11
1.267339999999999947e+02 2.662656250000000000e+03 3.776106857755756607e-11 3.598413234051633935e-11
1.282340000000000089e+02 2.690156250000000000e+03 3.778748841609669284e-11 3.310718019178260363e-11
1.297340000000000089e+02 2.711875000000000000e+03 3.810129989290089725e-11 3.190491273952211770e-11
1.312189999999999941e+02 2.739062500000000000e+03 3.818235658203938954e-11 3.216898622482311509e-11
1.327030000000000030e+02 2.761406250000000000e+03 3.812954466053675162e-11 3.160814665559286141e-11
1.342030000000000030e+02 2.786718750000000000e+03 3.861530192827977714e-11 3.158961286997552520e-11
1.357030000000000030e+02 2.808281250000000000e+03 3.854222496713077817e-11 3.166541681642875972e-11
1.371870000000000118e+02 2.830312500000000000e+03 3.828798736393856927e-11 3.090452546650190868e-11
1.386719999999999970e+02 2.859218750000000000e+03 3.865584588536030708e-11 3.053362770955025951e-11
1.401719999999999970e+02 2.882656250000000000e+03 3.916124369229834201e-11 3.160754297182322148e-11
1.416560000000000059e+02 2.902343750000000000e+03 3.916063653908175013e-11 3.117104838135098532e-11
1.431560000000000059e+02 2.934843750000000000e+03 3.943699533603961527e-11 3.164337888938995036e-11
1.446409999999999911e+02 2.955625000000000000e+03 3.960771294275744481e-11 3.150557939535225671e-11
1.461409999999999911e+02 2.979375000000000000e+03 3.964639380682477565e-11 3.150250199590587386e-11
1.476250000000000000e+02 3.016250000000000000e+03 4.020829502682232715e-11 3.134117271264003080e-11
1.491250000000000000e+02 3.035156250000000000e+03 4.021874847048856338e-11 3.155501207552369181e-11
1.506090000000000089e+02 3.057187500000000000e+03 4.050430824076300951e-11 3.167116915947509881e-11
1.521090000000000089e+02 3.077500000000000000e+03 4.039376472197986345e-11 3.184480804052647329e-11
1.536090000000000089e+02 3.123125000000000000e+03 4.084390811676108513e-11 3.171073126306822587e-11
1.550939999999999941e+02 3.135625000000000000e+03 4.131124262118923696e-11 3.239597479165468030e-11
1.565780000000000030e+02 3.153750000000000000e+03 4.189588259650989244e-11 3.195911937869944097e-11
1.580780000000000030e+02 3.182656250000000000e+03 4.132108197274497741e-11 3.251708277640652511e-11
1.595620000000000118e+02 3.210312500000000000e+03 4.211204648885136237e-11 3.203573517573943263e-11
1.610469999999999970e+02 3.234687500000000000e+03 4.192475880349100237e-11 3.289585964738606094e-11
1.625469999999999970e+02 3.255468750000000000e+03 4.192043934203582012e-11 3.257763503405897154e-11
1.640310000000000059e+02 3.284687500000000000e+03 4.271081058271342101e-11 3.301890705298404782e-11
1.655159999999999911e+02 3.314218750000000000e+03 4.274520667979508914e-11 3.357555899974329350e-11
1.670159999999999911e+02 3.330937500000000000e+03 4.281152862772863443e-11 3.346866186970665069e-11
1.685000000000000000e+02 3.347500000000000000e+03 4.317016535915207953e-11 3.283592495129106226e-11
1.699840000000000089e+02 3.380312500000000000e+03 4.324202107497399084e-11 3.308865334505917133e-11
1.714840000000000089e+02 3.403125000000000000e+03 4.392060673485964628e-11 3.356196223713858728e-11
1.729840000000000089e+02 3.426250000000000000e+03 4.392799665686730748e-11 3.440476722960106315e-11
1.744840000000000089e+02 3.450312500000000000e+03 4.493267216632013117e-11 3.380618701642745805e-11
1.759689999999999941e+02 3.477343750000000000e+03 4.418650861870432323e-11 3.448078975121227074e-11
1.774689999999999941e+02 3.500312500000000000e+03 4.493204766586877952e-11 3.408377052815936281e-11
1.789530000000000030e+02 3.527812500000000000e+03 4.446348844666658806e-11 3.464266373764957052e-11
1.804530000000000030e+02 3.555000000000000000e+03 4.511321524680589334e-11 3.410940627168734807e-11
1.819370000000000118e+02 3.584375000000000000e+03 4.521208060714876353e-11 3.447645294252232873e-11
1.834219999999999970e+02 3.606406250000000000e+03 4.598770669828056157e-11 3.475928919693949126e-11
1.849219999999999970e+02 3.633281250000000000e+03 4.604666647978206129e-11 3.484472085868439706e-11
1.864060000000000059e+02 3.657343750000000000e+03 4.656251079149242855e-11 3.527269795688958709e-11
1.878909999999999911e+02 3.681875000000000000e+03 4.624256533247717016e-11 3.549007268621728883e-11
1.893909999999999911e+02 3.708125000000000000e+03 4.678912812750013472e-11 3.530629261172535394e-11
1.908909999999999911e+02 3.741093750000000000e+03 4.664356748063092084e-11 3.565479161915519057e-11
1.923750000000000000e+02 3.759843750000000000e+03 4.721653276695825241e-11 3.486944413766401851e-11
1.938590000000000089e+02 3.775000000000000000e+03 4.646056456225622355e-11 3.522658900689812356e-11
1.953590000000000089e+02 3.791875000000000000e+03 4.740753276055720278e-11 3.540825618819631870e-11
1.968439999999999941e+02 3.797656250000000000e+03 4.766546185530629032e-11 3.497730577395330442e-11
1.983280000000000030e+02 3.799843750000000000e+03 4.819727950078345202e-11 3.542245663457066485e-11
1.998280000000000030e+02 3.802500000000000000e+03 4.836369152383390713e-11 3.556563030193693464e-11
2.013280000000000030e+02 3.802968750000000000e+03 4.885744239735423378e-11 3.566098805141137973e-11
2.028120000000000118e+02 3.800156250000000000e+03 4.831765890167538657e-11 3.528219383319708413e-11
2.042969999999999970e+02 3.801562500000000000e+03 4.856635232863837359e-11 3.584322075256274331e-11
2.057969999999999970e+02 3.797656250000000000e+03 4.847178561306897393e-11 3.621290420308120872e-11
2.072810000000000059e+02 3.798125000000000000e+03 4.882612023027199655e-11 3.534336712185393026e-11
2.087659999999999911e+02 3.795312500000000000e+03 4.858785249139963014e-11 3.547807186921048128e-11
2.102659999999999911e+02 3.792343750000000000e+03 4.883105031439072263e-11 3.568445192114744202e-11
2.117500000000000000e+02 3.790781250000000000e+03 4.817210519370007660e-11 3.562090206132850767e-11
2.132500000000000000e+02 3.787500000000000000e+03 4.925354568641182595e-11 3.631779946222657429e-11
2.147340000000000089e+02 3.783125000000000000e+03 4.948016649186648408e-11 3.585744548506575313e-11
2.162340000000000089e+02 3.780468750000000000e+03 4.906378775482167498e-11 3.649761048940547425e-11
2.177340000000000089e+02 3.779843750000000000e+03 4.971966588440679402e-11 3.624985381311951471e-11
2.192189999999999941e+02 3.778281250000000000e+03 4.985722251715785092e-11 3.631595718589508692e-11
2.207189999999999941e+02 3.777187500000000000e+03 5.022384244601774128e-11 3.640863652232262382e-11
2.222030000000000030e+02 3.778437500000000000e+03 4.985353102560097227e-11 3.660820951933985157e-11
2.237030000000000030e+02 3.777187500000000000e+03 5.027605068375073927e-11 3.610586135627258386e-11
2.252030000000000030e+02 3.775468750000000000e+03 4.974912495847583216e-11 3.624605823815407746e-11
2.266870000000000118e+02 3.774843750000000000e+03 4.993396668373506486e-11 3.638206055867065913e-11
2.281719999999999970e+02 3.775000000000000000e+03 5.008567866005009250e-11 3.643210039205868611e-11
2.296719999999999970e+02 3.774375000000000000e+03 5.021217469591832128e-11 3.672993853509609607e-11
2.311560000000000059e+02 3.772343750000000000e+03 5.003901112909936444e-11 3.653163188621633140e-11
2.326560000000000059e+02 3.775312500000000000e+03 5.040070791273443263e-11 3.682325278031584048e-11
2.341560000000000059e+02 3.774531250000000000e+03 5.018885307350728908e-11 3.617505947572929870e-11
2.356560000000000059e+02 3.773125000000000000e+03 5.006910164251365813e-11 3.650215893435948544e-11
2.371409999999999911e+02 3.773281250000000000e+03 4.975774306470448494e-11 3.588588454173091691e-11
2.386250000000000000e+02 3.772500000000000000e+03 5.049588178152042417e-11 3.658905470271811566e-11
2.401250000000000000e+02 3.774687500000000000e+03 5.005374240085735948e-11 3.648373270159765980e-11
2.416090000000000089e+02 3.773125000000000000e+03 5.031656688525565357e-11 3.699564266046451166e-11
2.430939999999999941e+02 3.774843750000000000e+03 4.997450370192169089e-11 3.661688313671973560e-11
2.445939999999999941e+02 3.772500000000000000e+03 5.064697619627800407e-11 3.714517235464676048e-11
2.460780000000000030e+02 3.772656250000000000e+03 4.997881275503601728e-11 3.585610974798925099e-11
2.475620000000000118e+02 3.773750000000000000e+03 5.001014186101215842e-11 3.665393683016660020e-11
