Start time (s) =
1552313510
'Reltime', 'DEFAU[mV]', '44.00[A]', '28.00[A]'
0.000000000000000000e+00 1.465000000000000000e+03 3.326823885818619431e-11 2.579059708851527688e-11
1.500000000000000000e+00 1.465625000000000000e+03 3.314173588342406163e-11 2.519618715057792002e-11
2.983999999999999986e+00 1.465156250000000000e+03 3.301338716288348962e-11 2.513557244288033843e-11
4.483999999999999986e+00 1.465000000000000000e+03 3.275668278290844171e-11 2.543586348491277960e-11
5.983999999999999986e+00 1.467031250000000000e+03 3.239866014359549240e-11 2.493048475993298041e-11
7.467999999999999972e+00 1.467343750000000000e+03 3.277142446300729262e-11 2.506766322296627436e-11
8.967999999999999972e+00 1.464843750000000000e+03 3.217081462336679465e-11 2.454233517801274189e-11
1.045299999999999940e+01 1.465625000000000000e+03 3.183735219902672497e-11 2.498486140201094940e-11
1.195299999999999940e+01 1.466875000000000000e+03 3.182752672525879234e-11 2.440293106475976970e-11
1.343699999999999939e+01 1.465781250000000000e+03 3.210694904387523252e-11 2.482729993813492797e-11
1.493699999999999939e+01 1.465625000000000000e+03 3.112498453416989719e-11 2.415974538483300904e-11
1.642099999999999937e+01 1.465781250000000000e+03 3.159845995970300692e-11 2.462709550177244466e-11
1.792099999999999937e+01 1.466875000000000000e+03 3.069940482380850710e-11 2.370407516105732526e-11
1.940599999999999881e+01 1.467343750000000000e+03 3.101076687106463226e-11 2.355751531346594874e-11
2.089000000000000057e+01 1.465312500000000000e+03 3.045191876438479994e-11 2.322940624577274349e-11
2.239000000000000057e+01 1.465000000000000000e+03 3.020504332762463662e-11 2.407777970059310491e-11
2.387500000000000000e+01 1.467031250000000000e+03 3.025725156535763460e-11 2.358984188544077654e-11
2.535900000000000176e+01 1.465000000000000000e+03 2.991826231202310282e-11 2.323796710612668903e-11
2.685900000000000176e+01 1.465000000000000000e+03 3.018661709486281097e-11 2.366811607812380203e-11
2.834299999999999997e+01 1.465000000000000000e+03 2.994774914166775659e-11 2.301135844373636274e-11
2.982799999999999940e+01 1.467343750000000000e+03 2.922247513414966136e-11 2.377530984587483687e-11
3.132799999999999940e+01 1.466093750000000000e+03 2.924028380535403926e-11 2.296345232022378724e-11
3.282800000000000296e+01 1.464687500000000000e+03 2.948592411899930710e-11 2.289283519696372338e-11
3.431199999999999761e+01 1.465468750000000000e+03 2.902595525045015279e-11 2.298101119124762448e-11
3.581199999999999761e+01 1.465000000000000000e+03 2.929287021280480019e-11 2.266499835035240551e-11
3.729599999999999937e+01 1.466718750000000000e+03 2.859056047466168593e-11 2.282957503596527715e-11
3.879599999999999937e+01 1.465781250000000000e+03 2.876127114248561156e-11 2.253982243904939509e-11
4.028099999999999881e+01 1.465781250000000000e+03 2.793468407980004287e-11 2.238925711495198811e-11
4.176500000000000057e+01 1.466406250000000000e+03 2.795188386306435291e-11 2.230512996526101688e-11
4.326500000000000057e+01 1.466250000000000000e+03 2.802127106737994922e-11 2.283024463922700420e-11
4.475000000000000000e+01 1.467343750000000000e+03 2.811706943661729241e-11 2.239399464476488077e-11
4.625000000000000000e+01 1.466406250000000000e+03 2.805996754395856385e-11 2.435707885384275073e-11
4.773400000000000176e+01 1.468593750000000000e+03 2.774677015926485524e-11 2.471236583423408462e-11
4.923400000000000176e+01 1.479843750000000000e+03 2.846588936789018476e-11 2.411362776122416562e-11
5.071800000000000352e+01 1.497031250000000000e+03 2.943250157483312535e-11 2.386128621079119938e-11
5.221800000000000352e+01 1.515625000000000000e+03 3.094382389212668727e-11 2.498176839005328276e-11
5.370300000000000296e+01 1.533281250000000000e+03 3.344571494756642949e-11 2.624044211085863054e-11
5.520300000000000296e+01 1.563125000000000000e+03 3.333948395134456177e-11 2.593828624108951431e-11
5.668699999999999761e+01 1.589843750000000000e+03 3.391060002244650207e-11 2.628060269405096960e-11
5.817099999999999937e+01 1.610156250000000000e+03 3.326823191929229040e-11 2.582644688386981358e-11
5.967099999999999937e+01 1.619843750000000000e+03 3.304962553629664512e-11 2.602293554254675456e-11
6.115599999999999881e+01 1.680468750000000000e+03 3.208668053478191950e-11 2.589460416924094233e-11
6.264000000000000057e+01 1.694843750000000000e+03 3.130186040922744439e-11 2.528392425982239899e-11
6.414000000000000057e+01 1.718125000000000000e+03 3.073134802189514403e-11 2.500967488661132165e-11
6.562500000000000000e+01 1.745468750000000000e+03 3.063123019120261858e-11 2.483342524672860208e-11
6.710899999999999466e+01 1.775937500000000000e+03 3.021488267918037707e-11 2.460190384745430947e-11
6.860899999999999466e+01 1.802031250000000000e+03 2.990106426348226876e-11 2.418220658439995674e-11
7.010899999999999466e+01 1.820312500000000000e+03 2.935819296001618284e-11 2.489958933482583348e-11
7.159300000000000352e+01 1.853437500000000000e+03 2.958295761135154578e-11 2.396162088191822193e-11
7.309300000000000352e+01 1.879843750000000000e+03 2.885231289995182635e-11 2.383803571204268223e-11
7.457800000000000296e+01 1.903125000000000000e+03 2.902902571100263174e-11 2.410991371826209928e-11
7.607800000000000296e+01 1.934218750000000000e+03 2.869126811133604349e-11 2.401043253108525732e-11
7.756199999999999761e+01 1.957812500000000000e+03 2.877233520881539164e-11 2.389628946108945939e-11
7.906199999999999761e+01 1.987656250000000000e+03 2.883558496147298200e-11 2.426966613788827942e-11
8.054600000000000648e+01 2.012343750000000000e+03 2.858257207305481273e-11 2.387572257955827837e-11
8.203100000000000591e+01 2.037343750000000000e+03 2.860406876636911733e-11 2.400375904987317455e-11
8.353100000000000591e+01 2.057500000000000000e+03 2.909903047687567579e-11 2.436263170368935249e-11
8.501500000000000057e+01 2.092812500000000000e+03 2.852115765783480583e-11 2.422670397628223782e-11
8.651500000000000057e+01 2.120000000000000000e+03 2.859239407737579342e-11 2.400192371243559109e-11
8.800000000000000000e+01 2.140781250000000000e+03 2.850580708979588707e-11 2.413092815845008232e-11
8.948399999999999466e+01 2.169218750000000000e+03 2.855984719551951656e-11 2.377995717006697873e-11
9.098399999999999466e+01 2.189375000000000000e+03 2.886629130172124746e-11 2.446987057425076273e-11
9.246800000000000352e+01 2.215468750000000000e+03 2.849352004341554334e-11 2.398963146188481943e-11
9.396800000000000352e+01 2.240312500000000000e+03 2.873118756796522177e-11 2.398164826444837416e-11
9.545300000000000296e+01 2.264375000000000000e+03 2.888410864654300525e-11 2.397212289784178552e-11
9.695300000000000296e+01 2.293906250000000000e+03 2.889392718141703398e-11 2.411794895740282385e-11
9.843699999999999761e+01 2.319687500000000000e+03 2.900630950708471545e-11 2.420445441297935929e-11
9.992100000000000648e+01 2.344843750000000000e+03 2.906526408441578724e-11 2.421870343161103278e-11
1.014210000000000065e+02 2.372343750000000000e+03 2.898666029427232615e-11 2.410508771755193180e-11
1.029060000000000059e+02 2.394062500000000000e+03 2.887979959342867886e-11 2.459991065018041212e-11
1.043900000000000006e+02 2.422968750000000000e+03 2.879996935378770218e-11 2.390365856641540887e-11
1.058900000000000006e+02 2.447343750000000000e+03 2.941838439518562609e-11 2.411430256865632060e-11
1.073750000000000000e+02 2.475000000000000000e+03 2.943680021960659587e-11 2.430221128502108030e-11
1.088589999999999947e+02 2.496250000000000000e+03 2.939442786398238638e-11 2.423711578658505061e-11
1.103589999999999947e+02 2.524375000000000000e+03 2.902964674200703143e-11 2.492615315541346632e-11
1.118430000000000035e+02 2.544687500000000000e+03 2.931889106494445230e-11 2.587031630585379105e-11
1.133430000000000035e+02 2.580156250000000000e+03 2.974693408264172945e-11 2.642397065044654880e-11
1.148280000000000030e+02 2.598125000000000000e+03 2.940855545197074150e-11 2.734524759406831151e-11
1.163280000000000030e+02 2.622968750000000000e+03 2.993362155367940147e-11 2.748613142644629193e-11
1.178280000000000030e+02 2.646406250000000000e+03 3.014179877913747418e-11 2.762823650415136001e-11
1.193119999999999976e+02 2.672968750000000000e+03 2.989982567092042132e-11 2.635289382546535109e-11
1.207960000000000065e+02 2.700468750000000000e+03 3.028364711776809770e-11 2.540761177838302132e-11
1.222960000000000065e+02 2.724687500000000000e+03 3.065950271441408859e-11 2.519927495836515874e-11
1.237810000000000059e+02 2.743750000000000000e+03 3.006625157175868424e-11 2.482049635266214693e-11
1.252650000000000006e+02 2.773593750000000000e+03 3.022224831505937459e-11 2.463261018770257493e-11
1.267650000000000006e+02 2.794218750000000000e+03 3.079829100083308902e-11 2.431258666613089758e-11
1.282500000000000000e+02 2.818750000000000000e+03 3.064538206531963738e-11 2.411670863011750043e-11
1.297340000000000089e+02 2.835312500000000000e+03 3.083943170278935497e-11 2.425512048154221389e-11
1.312340000000000089e+02 2.869687500000000000e+03 3.114588101316151381e-11 2.461970904921173542e-11
1.327179999999999893e+02 2.889531250000000000e+03 3.134485032640910163e-11 2.517702539506228021e-11
1.342179999999999893e+02 2.918750000000000000e+03 3.125088729460934189e-11 2.457395745225632311e-11
1.357030000000000030e+02 2.941718750000000000e+03 3.175690960199872848e-11 2.472779793427637429e-11
1.372179999999999893e+02 2.964218750000000000e+03 3.163654754834155369e-11 2.465778969895637829e-11
1.387179999999999893e+02 2.993437500000000000e+03 3.187789268666030296e-11 2.497497521292135758e-11
1.402030000000000030e+02 3.020781250000000000e+03 3.223407304964176490e-11 2.515092127619578122e-11
1.416870000000000118e+02 3.040312500000000000e+03 3.198228834544458721e-11 2.514860021618492425e-11
1.431870000000000118e+02 3.064687500000000000e+03 3.250858263137423876e-11 2.538796430029410800e-11
1.446709999999999923e+02 3.079843750000000000e+03 3.269835097130524559e-11 2.526821807347090498e-11
1.461560000000000059e+02 3.127187500000000000e+03 3.250918978459083064e-11 2.527342744806926333e-11
1.476560000000000059e+02 3.142187500000000000e+03 3.262527054070929466e-11 2.553602815313915642e-11
1.491399999999999864e+02 3.169218750000000000e+03 3.300541437378790022e-11 2.529690519559313344e-11
1.506250000000000000e+02 3.194531250000000000e+03 3.327130931873867326e-11 2.561388948163489943e-11
1.521250000000000000e+02 3.218750000000000000e+03 3.336587256486112096e-11 2.600882877124011117e-11
1.536090000000000089e+02 3.243593750000000000e+03 3.373864035371987313e-11 2.566702059225711707e-11
1.551090000000000089e+02 3.270781250000000000e+03 3.352123439936960381e-11 2.560044710941955515e-11
1.565929999999999893e+02 3.290468750000000000e+03 3.413843513433434396e-11 2.656051246996415927e-11
1.580929999999999893e+02 3.317812500000000000e+03 3.399043546625790668e-11 2.573129209704205778e-11
1.595929999999999893e+02 3.342031250000000000e+03 3.450444790997764244e-11 2.693125410180297052e-11
1.610780000000000030e+02 3.367343750000000000e+03 3.526778868945257273e-11 2.657504077907546503e-11
1.625620000000000118e+02 3.392656250000000000e+03 3.475623261417482013e-11 2.691464065507354064e-11
1.640620000000000118e+02 3.413125000000000000e+03 3.533595291371760538e-11 2.643631494270159976e-11
1.655459999999999923e+02 3.436875000000000000e+03 3.504425222233820136e-11 2.715369422368052454e-11
1.670310000000000059e+02 3.465312500000000000e+03 3.561230824122851857e-11 2.693245799989529843e-11
1.685310000000000059e+02 3.485625000000000000e+03 3.598137759963648818e-11 2.694535046476875806e-11
1.700310000000000059e+02 3.515625000000000000e+03 3.612815602238583779e-11 2.729705697590567581e-11
1.715310000000000059e+02 3.540468750000000000e+03 3.668391979072538334e-11 2.744348671923635408e-11
1.730310000000000059e+02 3.570625000000000000e+03 3.637811579748628787e-11 2.730522058458362267e-11
1.745149999999999864e+02 3.590937500000000000e+03 3.682700672191785429e-11 2.768694475074884309e-11
1.760310000000000059e+02 3.617656250000000000e+03 3.694491934602694982e-11 2.784698166502508343e-11
1.775149999999999864e+02 3.645000000000000000e+03 3.715494925615736577e-11 2.792360960512940693e-11
1.790000000000000000e+02 3.670000000000000000e+03 3.777459595122323321e-11 2.821896188942574213e-11
1.805000000000000000e+02 3.692187500000000000e+03 3.734839867930439539e-11 2.820104219591890171e-11
1.819840000000000089e+02 3.712812500000000000e+03 3.768492115585608815e-11 2.803606131973612747e-11
1.834679999999999893e+02 3.747812500000000000e+03 3.821427202455041083e-11 2.818744890276114745e-11
1.849679999999999893e+02 3.764218750000000000e+03 3.800732992220723361e-11 2.835737894502088352e-11
1.864679999999999893e+02 3.780312500000000000e+03 3.839975212804880300e-11 2.829823181338397831e-11
1.879679999999999893e+02 3.791250000000000000e+03 3.796066586070345750e-11 2.833513111644148097e-11
1.894530000000000030e+02 3.797656250000000000e+03 3.896780467749216825e-11 2.900308118669592261e-11
1.909370000000000118e+02 3.800000000000000000e+03 3.892421107654087109e-11 2.833141707347941463e-11
1.924370000000000118e+02 3.801250000000000000e+03 3.897579481382251743e-11 2.860824598049926948e-11
1.939370000000000118e+02 3.801093750000000000e+03 3.919010255204469217e-11 2.830423569133433404e-11
1.954209999999999923e+02 3.799531250000000000e+03 3.953033386738802335e-11 2.914024577194140875e-11
1.969060000000000059e+02 3.799843750000000000e+03 3.917353247340216171e-11 2.873179819062876561e-11
1.984060000000000059e+02 3.797187500000000000e+03 3.910230819692550597e-11 2.843518996653582320e-11
1.998899999999999864e+02 3.796562500000000000e+03 3.969553158400529469e-11 2.856931878569834993e-11
2.013750000000000000e+02 3.792656250000000000e+03 3.967648085079211739e-11 2.873676643866396319e-11
2.028750000000000000e+02 3.791406250000000000e+03 3.936759251921273517e-11 2.918165015186602318e-11
2.043590000000000089e+02 3.785937500000000000e+03 3.968201808812743536e-11 2.929348083546834403e-11
2.058429999999999893e+02 3.782343750000000000e+03 3.938847165096959202e-11 2.876519335226479512e-11
2.073429999999999893e+02 3.781718750000000000e+03 4.042078824428863015e-11 2.923231448570540181e-11
2.088280000000000030e+02 3.782187500000000000e+03 3.965622621948661219e-11 2.933921855463594852e-11
2.103120000000000118e+02 3.780156250000000000e+03 4.030533545806846973e-11 2.922181940867574212e-11
2.118120000000000118e+02 3.779843750000000000e+03 4.025560440545916663e-11 2.910070101558304145e-11
2.133120000000000118e+02 3.779531250000000000e+03 4.043368070916208978e-11 2.926013598081311784e-11
2.148120000000000118e+02 3.777343750000000000e+03 4.042200602016876587e-11 2.885354628834324586e-11
2.162959999999999923e+02 3.776718750000000000e+03 3.997801048538640600e-11 2.931016540586028896e-11
2.177810000000000059e+02 3.776406250000000000e+03 3.992519856388376809e-11 2.933180087705267169e-11
2.192810000000000059e+02 3.775312500000000000e+03 4.056511376804294855e-11 2.981687119429921040e-11
2.207649999999999864e+02 3.774375000000000000e+03 4.104473358412796813e-11 2.922861258580766730e-11
2.222500000000000000e+02 3.775000000000000000e+03 4.039806683620028593e-11 2.942944152262150226e-11
2.237649999999999864e+02 3.772656250000000000e+03 4.080337456802141105e-11 2.959440678629299271e-11
2.252500000000000000e+02 3.772031250000000000e+03 4.098454561840547683e-11 2.949493774218048259e-11
2.267500000000000000e+02 3.772187500000000000e+03 4.067688200160013423e-11 2.973900292690956348e-11
2.282500000000000000e+02 3.773593750000000000e+03 4.023717123380343708e-11 2.918782576744050061e-11
2.297340000000000089e+02 3.772812500000000000e+03 4.076223733551209705e-11 2.935096263256831151e-11
2.312179999999999893e+02 3.774687500000000000e+03 4.016471530365883780e-11 2.972541657264571313e-11
2.327179999999999893e+02 3.774062500000000000e+03 4.042200948961571783e-11 3.031859485691512646e-11
2.342030000000000030e+02 3.773437500000000000e+03 4.101279385548828316e-11 2.970131432467049137e-11
2.356870000000000118e+02 3.772500000000000000e+03 4.097348502152264871e-11 2.958019246213083875e-11
2.371870000000000118e+02 3.772656250000000000e+03 4.083589022485512032e-11 2.999047885032801730e-11
